test/DeltaShell.Plugins.DelftModels.HydroModel.Tests/test-data/AcceptanceModels/SOBEK2/Jakarta/FIXED/gis/aSC/Astra_50m.asc
ncols 102
nrows 90
xllcorner 239034.859
yllcorner 818489.977
cellsize 50
nodata_value -9999
[rows 30 to 59 of 90, columns 0 to 67 of 102]
1.57739 1.53919 1.48553 1.47579 1.51458 1.53352 1.51437 2.1 2.1 1.73222 1.17911 1.32516 1.31192 1.49849 1.37943 1.31818 1.36163 1.43808 1.63168 1.47257 1.50001 1.37633 1.38954 1.39486 1.29584 1.31554 1.29582 1.66902 2.12151 1.53005 1.21026 1.20858 1.22399 1.27814 1.10101 1.22688 1.333 1.15797 1.16996 1.3018 1.20216 1.43781 1.69888 1.17133 1.34142 1.62634 1.40159 1.41614 1.58633 1.52349 1.37609 1.54049 1.4132 1.45548 1.76502 1.85693 1.80335 1.57116 1.65223 1.44086 1.48249 1.63258 1.59665 1.38156 1.45108 1.61231 1.60124 1.29651
1.54257 1.66494 1.58821 1.41626 1.48343 1.44125 1.51016 1.53793 2.1 1.91687 1.41939 1.50353 1.38217 1.5408 1.51869 1.49835 1.52809 1.58439 1.51003 1.42584 1.44907 1.46453 1.31784 1.46546 1.46773 1.47947 1.41641 1.49303 1.77946 1.87901 1.10868 1.27094 1.32818 1.28435 1.21069 1.31624 1.32807 1.36952 1.60086 1.8349 1.43286 1.44011 1.31216 1.14492 1.25834 1.41794 1.145 1.24691 1.54457 1.64566 1.33761 1.80009 1.57937 1.6048 1.78798 2.26135 1.80517 1.63568 1.68689 1.75483 1.64245 1.51993 1.58729 1.40616 1.4035 1.40003 1.39037 1.35244
1.56728 1.81262 1.67508 1.4803 1.58606 1.51121 1.54508 1.46748 2.1 1.82828 1.64105 1.36208 1.36237 1.51703 1.64769 1.65846 1.47781 1.37231 1.4765 1.40766 1.43355 1.52468 1.42261 1.28243 1.49594 1.43776 1.47368 1.46817 1.46661 1.86721 1.04759 1.22754 1.21604 1.19685 1.28635 1.17482 1.25406 1.33424 1.27693 1.26592 1.41683 1.28664 1.29071 1.42298 1.37112 1.51531 1.53917 1.34802 1.238 1.20539 1.21041 1.58372 1.61376 1.58418 2.12124 1.92721 1.57046 1.67178 1.66978 1.60668 1.6304 1.48997 1.4664 1.83856 1.75962 1.5893 1.42434 1.31328
1.46397 1.6846 1.63349 1.48642 1.50088 1.44467 1.41486 1.38788 2.1 1.77669 1.80212 1.22233 1.35635 1.45537 1.46764 1.50145 1.2639 1.40503 1.41055 1.57807 1.47602 1.64086 1.55796 1.42055 1.48983 1.38863 1.55349 1.76894 1.63784 1.50332 1.11699 1.14622 1.0861 1.14235 1.13608 1.26785 1.20629 1.36632 1.56515 2.05058 2.20987 1.82114 1.32383 1.47993 1.45458 1.69837 1.73609 1.74494 1.90058 1.81209 1.51852 1.39672 1.15243 1.24934 1.8331 1.83619 2.06694 2.29562 1.72991 1.58897 1.60494 1.49294 2.0266 1.96861 1.79744 1.94556 1.92269 1.73632
1.4992 1.45186 1.4842 1.38384 1.32502 1.39765 1.53436 1.44024 2.1 1.6866 1.87517 1.18495 1.38186 1.32124 1.33013 1.39524 1.41897 1.34363 1.37365 1.60953 1.64667 1.58784 1.95052 1.44891 1.82685 1.81111 1.43001 1.3827 1.25923 1.2724 1.31922 1.40556 1.58339 1.50096 1.46259 1.52073 1.48963 1.43163 1.47126 1.56651 1.42927 1.49766 1.07986 1.69512 1.36401 1.67534 1.65412 1.69039 1.68977 1.7154 1.70088 1.31149 1.75275 2.11567 1.70924 1.3541 1.46346 1.6549 1.41821 1.75416 1.70367 1.89948 3.1017 3.2163 3.06925 2.82173 2.74515 2.34418
1.43715 1.46407 1.52215 1.50976 1.41172 1.49961 1.46747 1.42822 2.1 2.1 1.61752 1.14627 1.24972 1.34953 1.33629 1.29322 1.39016 1.49124 1.35363 1.53118 1.46057 1.28144 1.42856 1.23539 1.31218 1.31153 1.55341 1.39593 1.4317 1.34886 1.26858 1.31115 1.23097 1.56607 1.43991 1.4802 1.45877 1.43562 1.31847 1.74203 1.44728 1.78506 1.10499 1.56913 1.41376 1.61473 1.33681 1.36586 1.34684 1.53716 1.98211 1.20699 2.29041 2.34647 1.86098 2.12678 1.89194 1.38997 1.2036 1.25287 1.46342 2.18314 2.9695 3.06023 3.1938 3.2672 3.30722 3.21224
1.38766 1.46762 1.48437 1.50817 1.34952 1.3217 1.40028 1.53879 1.37785 2.1 1.64067 1.28726 1.59718 1.59847 1.58086 1.39154 1.26347 1.36616 1.36161 1.30549 1.44805 1.50153 1.78015 1.80624 1.53693 1.51959 1.39139 1.38887 1.38003 1.49785 1.23705 1.20792 1.13519 1.63224 1.37897 1.48282 1.41352 1.51839 1.38718 1.37453 1.24968 1.21596 1.05669 1.45539 1.43678 1.36947 1.35403 1.30752 1.49605 1.89159 1.37805 1.48809 1.90192 2.05999 1.9067 2.17516 2.25424 1.34825 1.30316 1.51565 1.78055 1.51915 1.4634 1.78787 2.48896 3.05142 3.14438 2.68924
1.28344 1.37093 1.46009 1.47027 1.35722 1.23081 1.37126 1.46392 1.37973 2.1 1.46242 1.2872 1.28112 1.19032 1.13016 1.20782 1.3342 1.71597 1.77631 1.56959 1.5025 1.54418 1.38322 1.26229 1.23071 1.26348 1.38803 1.46481 1.45176 1.31451 1.2519 1.26585 1.32457 1.46237 1.49481 1.25868 1.27511 1.17151 1.26362 1.34425 1.34812 1.39878 1.33459 1.45561 1.42721 1.4745 1.56441 1.76762 2.05096 1.94192 1.31881 2.04478 1.86089 1.65232 1.88931 2.17395 1.97474 1.24238 1.82115 1.86529 2.2585 2.43267 2.62761 2.1571 1.61809 1.35644 1.61133 1.66459
1.09921 1.59004 1.45238 1.32667 1.30503 1.39212 1.3904 1.54225 2.1 2.1 1.44258 1.39183 1.19279 1.50972 1.55985 1.5991 1.42755 1.44364 1.3019 1.34652 1.40299 1.41595 1.40724 1.25047 1.39575 1.44071 1.30812 1.44979 1.25021 1.3447 1.45643 1.35762 1.38307 1.34926 1.38566 1.44634 1.29879 1.1548 1.24219 1.50012 1.35199 1.23442 1.44359 1.48182 1.34702 1.20761 1.23487 .996396 1.178 1.43144 1.51329 1.80348 1.7164 1.71192 1.76872 1.60569 1.34194 2.03615 2.01461 1.84567 2.12695 1.97649 2.13346 2.27677 2.51398 1.82919 1.52996 1.43244
.908682 1.17386 1.13373 1.67719 1.78768 2.3531 2.65542 2.82085 1.88608 2.1 1.5825 1.66787 1.29401 1.55378 1.344 1.37576 1.30488 1.45129 1.27169 1.20421 1.39278 1.48325 1.39005 1.36369 1.56395 1.55581 1.31487 1.46482 1.40479 1.3703 1.47229 1.52874 1.647 1.48717 1.54318 1.48403 1.2085 1.20718 1.31964 1.61685 1.32542 1.32525 1.51682 1.26428 1.37047 1.44839 1.366 1.09904 1.63545 1.80277 1.62053 1.76629 1.85521 1.85035 1.88342 1.51656 1.57094 1.92559 1.82234 1.86661 1.75538 1.81756 1.75904 1.72022 2.24586 1.59325 1.68931 1.91829
1.13269 -.247188 2.57941 3.15703 2.71343 2.78795 2.93318 2.82599 2.20615 2.1 1.81156 1.79523 1.3242 1.77382 1.44275 1.2966 1.39399 1.52089 1.35863 1.50699 1.24708 1.61911 1.44202 1.5002 1.50392 1.44091 1.28088 1.60839 1.41257 1.34881 1.30189 1.44555 1.32483 1.26622 1.49999 1.54744 1.37805 1.23913 1.31506 1.34602 1.44021 1.39294 1.70498 1.23787 1.25773 1.38292 1.40115 1.18028 1.65987 1.68418 1.58916 1.71489 2.02794 1.78351 1.73831 1.48353 1.64703 1.7094 1.81056 1.77095 1.78919 1.88719 1.76785 1.67184 1.64575 1.66109 1.89208 1.86024
1.49626 1.50585 2.79594 3.07038 2.98416 2.66892 2.91001 2.79649 2.49093 2.1 2.02405 1.92764 1.31884 1.92494 1.43014 1.25352 1.356 1.25429 1.27144 1.67531 1.40541 1.37133 1.39878 1.49247 1.52247 1.4955 1.50154 1.47507 1.26005 1.353 1.60102 1.63377 1.49843 1.34328 1.38845 1.71905 1.46994 1.34216 1.33278 1.36686 1.49437 1.58287 1.45859 1.39712 1.46585 1.43054 1.41971 1.14608 1.26391 1.62154 1.64072 1.83671 1.87759 1.65244 1.41929 1.71409 1.90545 1.77175 1.68769 1.64892 1.63833 1.6843 1.771 1.57454 1.60993 1.79146 1.88519 1.99916
1.40429 1.19453 2.91756 2.89156 3.31132 2.6639 2.85941 2.76012 2.56163 2.1 2.1 1.71241 1.54832 1.49846 1.48345 1.53146 1.54467 1.4075 1.45759 1.3881 1.49291 1.39102 1.4437 1.47107 1.41649 1.47924 1.40181 1.4906 1.4101 1.71068 1.41546 1.4328 1.53025 1.34063 1.45819 1.46159 1.42486 1.41747 1.46008 1.34423 1.45537 1.66552 1.44838 1.45411 1.54993 1.49268 1.57828 1.21091 1.44851 1.57847 1.65346 1.48744 1.577 1.57701 1.3648 1.55828 1.45859 1.48415 1.43941 1.88842 2.07761 1.83459 1.72533 1.88649 2.35021 1.86106 2.0132 1.99448
1.38724 1.09304 2.4114 2.61187 2.79907 2.61019 2.73642 2.72958 2.71042 2.18863 2.1 1.99893 1.82714 1.48668 1.50639 1.36333 1.40009 1.55773 1.50344 1.48017 1.52024 1.55242 1.54515 1.51284 1.63721 1.65294 1.58512 1.52802 1.45085 1.62495 1.45026 1.61859 1.43846 1.42101 1.38642 1.43214 1.45187 1.51859 1.30032 1.21807 1.41198 1.55694 1.4742 1.38722 1.39062 1.59284 1.63985 1.40992 1.38068 1.61722 1.45238 1.44281 1.41987 1.41139 1.48134 1.66096 1.64461 1.90072 1.95184 2.51657 2.72699 2.06352 1.91312 1.75088 2.31151 2.03043 2.13278 2.03816
1.49312 1.30275 1.85741 2.62135 2.65986 2.55661 2.38114 2.56046 2.68901 2.20484 2.1 1.78693 1.71813 1.26492 1.63551 1.51423 1.4471 1.46635 1.47707 1.46843 1.46778 1.42595 1.53845 1.60535 1.6004 1.539 1.34872 1.40709 1.57561 1.48446 1.48791 1.58816 1.3774 1.47932 1.37828 1.45743 1.40216 1.38983 1.31921 1.35073 1.26398 1.68184 1.51408 1.31842 1.27767 1.48082 1.39863 1.31163 1.33798 1.66109 1.52422 1.71619 1.68946 1.52655 1.48327 1.90603 1.73816 1.82952 1.81735 2.39342 2.88557 2.1636 1.99997 1.83788 2.14769 1.91788 1.85145 1.98639
1.92541 2.09016 1.51495 2.79213 2.38075 2.54183 2.34033 2.53795 2.86638 2.05464 2.1 2.19069 2.32685 1.22849 1.64556 1.44399 1.46241 1.45084 1.52446 1.64496 1.5758 1.52309 1.71634 1.54314 1.46363 1.44481 1.34923 1.42403 1.60097 1.46889 1.39588 1.47524 1.4888 1.52278 1.44541 1.421 1.5394 1.36712 1.28331 1.25988 1.2486 1.44791 1.51516 1.82461 1.40002 1.53703 1.53401 1.57392 1.64812 2.15952 1.63462 1.80126 1.52227 1.37683 1.43984 1.96019 1.94489 1.73163 1.56582 1.98342 2.25542 2.0522 2.10851 2.11572 2.01528 1.78601 1.81221 1.96546
2.27875 2.04015 1.45895 2.31621 2.44324 2.53229 2.84559 3.08918 2.09688 1.44005 2.1 2.13615 2.01899 1.22661 1.44425 1.36844 1.46992 1.52893 1.55947 1.56724 1.59183 1.57872 1.97785 1.59398 1.51499 1.64733 1.45286 1.47794 1.52083 1.35754 1.41907 1.56963 1.55008 1.44848 1.38875 1.44805 1.48257 1.37684 1.46128 1.87116 1.65119 2.03947 1.80677 2.01828 1.31984 1.69126 1.80053 2.12745 1.69228 1.94915 1.7416 1.8251 1.65891 1.62675 1.33191 1.58254 1.52734 1.74947 1.8318 1.95626 2.09986 2.26643 2.38495 2.36131 2.00872 1.99715 1.97931 2.12116
2.25659 2.22636 1.69591 1.55633 1.9457 1.75548 1.64295 1.22397 1.1211 1.50361 2.1 2.1 2.23589 1.60389 1.3908 1.45178 1.55959 1.39848 1.47973 1.57176 1.7393 1.68452 1.72252 1.65691 1.58545 1.53991 1.51066 1.29892 1.4059 1.24061 1.39156 1.31442 1.21414 1.7499 1.89142 1.78426 1.70972 1.50819 1.84635 2.06834 1.64037 1.71831 1.64265 1.90285 1.43381 1.68096 1.76488 1.68087 1.62498 2.00662 1.75556 1.78321 2.22196 1.67169 1.39041 1.57264 1.71561 1.69643 1.96814 2.20339 2.20751 2.09484 2.1738 1.85565 1.87706 2.09147 2.02522 1.81058
2.4352 2.93543 1.83741 .996075 .800006 1.10732 1.15582 1.17628 1.23276 1.43097 1.49762 2.1 1.92268 1.67719 1.23701 1.61327 1.51663 1.78957 1.61347 1.66805 1.64955 1.5382 1.56716 1.54541 1.52025 1.59716 1.41934 1.34447 1.61853 1.45174 1.34279 1.3559 1.50774 1.63236 1.62842 1.5163 1.42136 1.32644 1.93084 2.19686 1.69737 1.63448 1.46054 2.22654 1.68782 1.80113 1.71598 1.93364 1.61698 1.63282 1.59993 2.00758 2.60206 1.68536 1.35647 1.82587 1.70777 1.66693 1.81216 2.16842 1.99744 1.83688 1.67855 1.49112 1.36568 1.21226 .995098 1.00131
2.30105 2.55215 1.92033 1.36478 .843194 .916698 1.05834 1.16876 1.49468 1.4817 1.41002 2.1 1.99997 1.93534 1.05506 1.59157 1.48031 1.67904 1.65571 1.78602 1.83093 1.76638 1.89154 1.85229 1.698 1.74256 1.81562 1.72013 1.80825 1.74757 1.25944 1.50464 1.47692 1.6107 1.58561 1.61751 1.47635 1.63863 1.77442 2.00485 1.9732 1.78466 1.48841 1.74413 1.71001 1.49798 1.94068 1.95216 2.35567 1.57455 1.60196 1.72374 1.86266 1.45465 1.41473 1.44288 1.45868 1.3675 1.22868 1.24777 1.12421 .875328 .908222 .96842 .973177 .900167 .8293 .900228
2.25173 2.10888 2.06929 1.70225 .749249 .89722 1.0786 1.23622 1.2492 1.37413 1.41602 2.1 1.82351 1.7801 1.2873 1.51242 1.73398 1.82822 1.94288 1.96398 1.80455 1.71215 1.84631 1.70145 1.96871 1.854 1.86274 1.71884 1.50073 1.93237 1.41028 1.43996 1.6782 1.91492 1.87733 2.06539 1.64935 1.50517 1.83868 1.95526 1.95409 2.28678 2.34875 1.70963 1.98067 1.62208 2.25608 2.20414 2.19735 1.79595 1.72734 1.83683 1.54335 1.25703 .953757 .881386 1.05574 1.03243 .927287 1.14837 1.17947 .961516 .89208 .900624 .90621 .88143 .898842 .96017
1.98571 2.02193 2.07668 1.83064 .918607 .955391 1.22888 1.17824 1.31561 1.20202 1.30307 2.1 1.8356 1.75504 1.19855 1.4415 1.8462 1.82059 1.80665 1.79012 1.80115 1.85905 1.93538 1.83666 1.95524 1.86757 1.936 1.97525 1.7394 1.73783 1.39251 1.54839 1.7571 1.86759 2.27096 2.57093 2.34938 1.33752 1.98722 2.13288 2.32503 2.50166 2.33608 1.66974 1.58023 1.60932 1.89216 1.68848 1.554 2.02474 2.13827 2.16 1.57321 1.09272 .914678 .841311 .934141 .983413 1.00963 1.34562 1.48449 1.48586 1.25286 .916101 1.02821 1.33064 1.69466 2.30517
2.54536 3.00293 1.97317 1.85541 1.12646 .778817 1.14701 1.24779 1.11428 1.1793 1.20021 2.1 1.88895 1.8598 1.31117 1.26046 1.79266 2.11191 1.84254 1.9053 1.79072 1.91897 1.814 1.94704 1.99573 1.8937 1.87807 1.90625 2.03263 2.04542 1.71339 2.18281 2.27184 2.66148 3.04012 3.14986 2.13486 1.24838 1.5 1.5 1.5 1.5 1.5 1.5 1.5 1.5 1.82586 1.19295 1.59739 2.15234 2.14234 2.19927 1.67494 1.157 1.20555 1.36074 1.55106 1.65802 2.02966 2.3228 2.42657 2.22368 2.11669 1.84714 1.90628 2.01044 2.6579 3.03188
3.27256 3.00519 1.87239 2.55983 1.84787 .721506 .995077 .744197 1.33758 1.43103 1.53736 2.1 2.1 1.97827 1.4395 1.30159 1.84143 1.70296 1.50678 1.70476 1.75402 1.83416 1.7923 1.90091 1.99073 2.08309 2.02627 1.93446 1.80317 2.20252 2.00021 2.14005 1.81241 1.58295 1.5 1.5 1.5 1.5 1.5 1.5 1.5 1.5 1.5 1.5 1.5 1.5 1.51234 1.61202 1.93422 2.12759 2.04686 2.15311 2.04327 2.11097 2.3576 2.12838 2.44842 2.04062 2.22653 2.53769 2.49266 2.2879 2.10643 1.89259 1.92686 2.66207 2.89223 2.99899
2.70129 2.14074 1.96669 3.34328 3.15283 .959389 .977775 .994337 1.7748 2.58813 1.87878 1.39862 2.1 1.87401 1.62304 1.4394 1.68234 1.5613 1.95905 2.27452 2.18585 2.39026 2.45047 2.6033 2.23623 1.9635 1.87703 1.55895 1.5 1.5 1.5 1.5 1.5 1.5 1.5 1.5 1.5 1.5 1.5 1.5 1.5 1.5 1.5 1.5 1.5 1.5 1.5 1.85009 2.19505 2.26869 2.19401 2.35248 2.19693 2.09073 2.20561 2.12007 2.30762 2.42944 1.89544 2.13041 2.18069 2.19497 2.42665 1.89178 2.26984 2.82017 2.87978 3.09007
2.36945 1.94011 1.84631 2.86444 3.35992 1.37421 .967722 1.29865 1.76072 2.17352 2.00857 1.41037 2.1 1.92029 1.84628 1.6889 1.72783 1.58437 2.87458 2.30998 1.98853 1.87379 1.5 1.5 1.5 1.5 1.5 1.5 1.5 1.5 1.5 1.5 1.5 1.5 1.5 1.5 1.5 1.5 1.5 1.5 1.5 1.61702 1.60058 1.54802 1.71389 1.61163 1.78502 2.04318 2.18319 2.21229 2.31349 2.29248 2.05358 2.13478 2.54661 2.68137 2.82528 2.67188 2.11568 2.50239 2.33907 2.16965 2.18819 1.87671 2.57896 2.95566 2.9133 3.10015
2.202 2.09676 1.73143 1.96442 2.23416 1.58249 .846648 1.9098 2.34322 2.45821 2.60026 1.51689 2.1 1.81292 1.86033 1.67697 1.5 1.5 1.5 1.5 1.5 1.5 1.5 1.5 1.5 1.5 1.5 1.5 1.5 1.5 1.5 1.5 1.5 1.5 1.5 1.5 1.5 1.56991 1.76355 1.92104 1.95984 1.98042 1.93962 1.8284 1.91426 1.94194 1.81832 1.94409 2.18939 2.09661 2.48297 2.67494 2.18975 2.13645 2.62766 2.67236 2.75691 2.36622 2.05827 2.41857 2.62742 2.15517 2.35518 2.24767 2.67626 2.85087 2.82954 3.06641
1.51907 1.79849 2.08813 .975399 1.55009 1.77012 1.06312 1.26047 1.62706 2.09926 2.4595 1.96545 2.1 2.1 1.69009 1.5 1.5 1.5 1.5 1.5 1.5 1.5 1.5 1.5 1.5 1.5 1.5 1.5 1.5 1.5 1.5 1.5 1.23696 1.54201 1.59329 1.50325 1.62878 1.63153 1.62442 1.93153 2.10804 2.07559 1.86917 2.08908 2.10399 2.07812 2.80153 2.19264 2.28439 2.65063 2.35193 2.29037 2.07332 2.2932 2.12655 2.2912 2.49517 2.35069 2.12733 2.28005 2.34876 2.24256 2.1196 2.1256 2.45686 2.82141 2.78373 2.84346
1.72585 1.60648 1.70082 1.91957 1.05195 1.7337 1.64382 .966222 1.8723 3.71643 4.43279 2.67034 1.83117 2.1 2.1 1.5 1.5 1.5 1.5 1.5 1.5 1.5 1.5 1.5 1.5 1.5 1.43486 1.39717 1.69347 2.09363 1.70492 1.62329 1.7303 1.82663 1.73087 1.56947 1.68059 1.71447 1.72724 1.88061 2.10245 2.16367 2.03554 2.08352 1.92239 2.35995 2.59513 2.36791 2.10802 2.11062 2.06142 2.20134 1.90185 2.25683 2.14352 2.49218 2.56219 2.31927 2.03687 2.10999 2.11408 2.17874 2.13732 2.0534 2.34204 2.71321 2.62733 2.55962
1.31678 1.56023 1.79575 2.05947 2.09024 .761501 1.86528 .987891 1.4481 3.05977 3.11469 1.89132 2.31613 2.47103 2.11894 2.1 1.5 1.5 1.83501 1.62308 2.23044 1.37292 1.32389 1.47392 1.55692 1.50204 1.84105 1.74172 1.79342 2.69639 1.67009 1.72674 2.01442 1.89286 1.74829 1.77884 1.81005 2.08523 2.21545 2.12249 2.08158 2.1142 2.05229 2.02126 2.10035 2.2907 2.15517 2.21339 2.02347 2.18045 2.38209 2.33294 1.94949 2.1192 2.11197 2.49564 2.35703 2.23947 2.77792 2.07977 2.50308 2.14556 2.2303 1.99425 1.89642 1.99501 2.0785 2.08242
