test/DeltaShell.Plugins.DelftModels.HydroModel.Tests/test-data/AcceptanceModels/SOBEK2/Jakarta/FIXED/gis/aSC/Astra_25m.asc
ncols 198
nrows 174
xllcorner 239109.859
yllcorner 818564.977
cellsize 25
nodata_value -9999
[rows 90 to 119 of 174, columns 67 to 133 of 198]
1.48295 1.70857 1.59757 1.85725 1.60959 1.37451 1.41692 1.91191 1.88636 2.47248 1.80951 1.85652 2.1069 2.00196 1.71158 1.82041 2.37889 1.55015 1.37124 1.23403 1.48978 1.70216 2.03019 1.68335 2.48855 2.19929 1.92433 1.65216 2.14482 1.99173 1.6863 1.81841 1.87118 1.6106 1.76862 1.66518 1.71321 1.78284 1.35468 1.35021 1.60905 1.62243 1.46454 1.54627 1.61304 2.12557 2.0395 1.88571 1.87909 2.06339 2.01869 2.14573 2.15133 2.3669 2.30699 2.32764 2.28033 2.21734 1.98795 2.0594 2.01386 2.15663 2.06074 2.04051 2.14726 2.15562 2.19455
1.84471 1.77198 1.70105 2.01766 1.63945 1.45418 1.81086 2.3218 1.92487 2.15354 1.58852 1.57052 1.53799 1.73245 1.64819 1.66386 1.86188 1.79642 1.63471 1.13589 1.66068 1.93984 2.03273 1.54811 1.67619 1.77953 1.80675 1.58506 2.39291 2.10498 1.82614 1.91443 1.75332 1.76805 2.00333 1.94492 1.6809 1.56191 1.31064 1.50772 1.46145 1.53552 1.62277 1.54815 1.48879 1.93899 2.02343 1.8892 1.97326 2.11992 2.1913 2.19283 1.97977 2.27943 2.28229 2.08763 1.8967 2.00108 1.85648 1.88079 1.99342 2.46953 2.2694 1.88178 1.99801 2.0038 1.96098
1.90934 1.60663 1.47595 1.73216 1.39581 1.51785 1.53527 1.75926 2.23243 1.87537 1.68722 1.70492 1.69698 1.89913 1.71796 1.55325 2.03207 1.89825 1.73022 1.155 1.50081 1.6556 1.92239 1.52254 1.59909 1.65213 1.64335 1.45447 1.85631 1.7254 1.56302 1.74658 1.66298 1.93766 2.35171 2.52788 1.85838 1.53442 1.34739 1.4007 1.57193 1.69321 1.94881 1.71611 1.59365 1.79067 1.96384 1.9839 2.41051 2.31341 2.20583 2.24773 1.96702 2.15838 2.30972 2.0006 1.66007 1.89585 1.92422 1.83242 1.87496 2.05276 2.02344 1.90082 1.72472 1.56896 1.47204
1.42692 1.42859 1.51426 1.27527 1.17597 1.50034 1.57976 2.35863 2.82914 2.50205 1.96382 1.7411 1.86366 1.54599 1.61284 1.41892 2.12819 2.59425 2.21682 1.24678 1.53669 2.18956 1.86315 1.60567 2.0351 2.34444 1.75603 1.39259 1.64001 1.67109 1.45243 1.60256 1.69149 2.46545 2.91709 2.76676 2.02292 1.54578 1.38741 1.32054 1.72903 1.91637 1.70056 1.65609 1.64726 1.79146 1.85622 1.95282 2.40186 2.29823 2.06229 2.15769 1.95329 2.01193 1.98452 2.03349 1.8402 1.85398 1.76355 1.63216 1.51391 1.44614 1.26321 1.1577 1.09054 1.05156 1.13279
1.56189 1.64289 1.57363 1.3064 1.22346 1.38152 1.67087 2.16415 1.85669 1.68425 1.65044 1.42166 1.60167 1.47747 1.41872 1.37966 1.9712 2.32099 1.98197 1.28092 1.4492 2.10691 1.87985 1.50726 1.69755 1.78759 1.67675 1.63724 1.54927 1.69029 1.60586 1.72442 1.71533 2.19401 2.93389 1.81634 1.58868 1.5386 1.40581 1.27168 1.71645 1.97098 1.73414 1.72699 1.59653 1.66189 1.60586 1.86933 2.02188 1.99464 1.95766 1.83079 1.72092 1.70178 1.44875 1.31722 1.19415 1.15942 1.06236 1.00484 1.00095 .909994 .772694 .779945 .857985 1.01243 1.06065
1.64138 1.7087 1.40133 1.34785 1.53078 1.57544 1.50854 1.65108 1.64759 1.6318 1.86416 1.82004 1.94594 1.75866 1.42414 1.47697 1.56822 1.82459 1.80616 1.44277 1.40204 1.45422 1.68887 1.94853 1.79726 1.86508 2.24696 2.19994 1.56123 1.63895 1.68663 1.56762 1.89473 2.16119 2.84012 1.82372 1.55388 1.57432 1.42734 1.29041 1.53355 1.64208 1.6006 1.60582 1.65057 1.66091 1.59049 1.43922 1.38556 1.39853 1.2368 1.02024 .832379 .862781 .888489 .931432 .978934 1.00105 1.00369 .98297 .930511 .877651 .822115 .802426 .857813 .961604 1.02223
1.54946 1.59226 1.65851 1.46301 1.78699 1.68414 1.7459 2.17004 2.30745 2.36998 2.17572 2.00653 1.76785 1.70668 1.55428 1.50599 1.49216 2.1233 1.92567 1.67088 1.36649 1.78414 1.96508 2.16284 2.01717 2.11776 2.33186 2.65259 1.54814 1.56227 1.70919 1.41243 1.49563 1.41568 1.55054 1.27065 1.28347 1.38557 1.48339 1.41364 1.31335 1.30765 1.31172 1.3664 1.20461 1.00726 .971026 .912742 1.03254 1.18705 1.18536 1.03812 .918454 .879379 .892893 .923242 .945668 .952566 .961658 .947066 .912138 .877275 .852602 .834698 .85876 .929835 1.00043
2.02386 2.19886 1.66841 1.73599 1.40493 1.40577 1.79383 2.0294 1.97636 1.80745 1.71223 1.64502 1.81587 2.32335 2.28268 1.81172 1.4072 1.97847 2.08254 1.84318 1.33056 2.04514 2.37676 2.2991 2.34711 2.44319 2.27388 2.75363 1.84697 1.78618 1.69574 1.5305 1.56727 1.6137 1.58151 1.53197 1.33626 1.3403 1.10016 .819852 .849011 .930266 1.05592 1.13454 1.09605 .998905 .925945 .943408 1.07867 1.18678 1.20099 1.09247 .976923 .909586 .893044 .906479 .917088 .917533 .925731 .918686 .895319 .878645 .878648 .871491 .868104 .888935 .959588
2.35972 1.73192 1.57473 1.66434 1.54285 1.65216 1.75643 1.75754 1.83091 2.15937 2.1916 2.23684 2.38549 2.64769 2.83835 2.35812 1.43145 2.03223 2.07396 1.94996 1.28799 1.90271 2.37501 2.02001 2.02307 2.05412 1.94288 1.86986 1.80058 1.75805 1.79074 1.84464 1.9863 2.13013 1.76683 1.26722 1.20069 1.15931 .992025 .879115 .841434 .910445 .996179 1.04875 1.04914 .982736 .896357 .942637 1.10434 1.23181 1.26139 1.15169 1.01376 .936813 .889985 .879824 .883796 .886923 .892699 .890791 .874699 .876868 .903347 .937445 1.03239 1.03287 1.21267
1.99279 2.12525 2.1683 1.8048 1.69355 1.67457 1.75549 2.27304 2.1681 2.15948 2.27185 2.79615 2.78788 2.87196 3.00884 2.44921 1.66804 1.73407 1.77615 1.7517 1.65049 1.75375 1.74663 1.74234 1.67723 1.65399 1.52021 1.44169 1.91619 2.0308 2.12203 2.15591 2.18557 2.07462 1.83952 1.2195 1.18372 1.08797 .968571 .888651 .838566 .871639 .938187 .988686 1.01487 .957959 .856181 .893308 1.14877 1.29539 1.36338 1.25763 1.03686 1.04513 .892225 .817911 .831379 .863426 .865154 .850012 .844313 .920716 1.0892 1.43433 1.7419 2.21054 2.46098
2.99149 3.14521 2.83484 2.51312 1.45676 .523082 1.74347 2.28115 2.15393 2.06248 2.04994 2.27254 2.25711 2.17928 2.16255 1.80456 1.72524 1.54548 1.5 1.51416 1.5 2.09844 2.11828 1.93061 1.44227 1.97218 1.47365 1.73854 1.94862 2.20674 2.10557 2.17119 2.19316 2.18687 1.94158 1.2432 1.0962 1.00554 .919005 .879769 .831806 .823879 .868276 .950731 .994265 .964286 .931694 1.31578 1.49588 1.41104 1.59162 1.68715 1.82503 1.97124 1.76648 1.40415 .930837 1.02224 1.05707 1.30669 1.61829 1.84261 2.07127 2.16822 2.42874 2.8761 2.79332
3.86991 3.06687 2.57085 2.57199 1.54663 .488923 1.44151 1.73864 1.77164 1.64408 1.56073 1.38904 1.5 1.5 1.5 1.5 1.5 1.5 1.5 1.5 1.5 1.97783 2.35964 2.08734 1.3588 .730195 .806341 1.95906 2.08687 2.2204 2.10892 2.14813 2.17803 2.22137 1.85712 1.33354 1.15968 .850231 .831934 .912645 .971692 .910728 1.03397 1.19735 1.3291 1.48384 1.78738 1.80321 1.87765 2.04401 2.09359 2.14533 2.10731 2.15789 2.09504 2.08357 1.86337 1.88512 1.93103 1.94951 2.16273 2.0548 2.47492 2.92395 3.00393 2.9244 2.83618
3.08016 2.60236 1.84727 1.66703 1.46129 1.39748 1.5 1.5 1.5 1.5 1.55758 1.5 1.5 1.5 1.5 1.5 1.5 1.5 1.5 1.5 1.5 1.5 1.52602 1.43356 1.25724 1.33581 1.70132 1.96946 2.13271 2.1816 2.13488 2.17215 2.18093 2.21788 1.97372 1.48718 1.34901 1.2002 1.46523 1.53452 1.72685 1.77217 1.89782 2.03099 2.11777 1.64806 2.08033 2.4377 2.59176 2.74419 2.72698 2.6812 2.38767 2.19765 2.1684 2.11896 1.73908 1.90754 1.8557 1.88289 1.91237 1.93329 2.24031 3.08803 3.18239 3.01813 2.85729
1.50049 1.5 1.5 1.5 1.5 1.5 1.5 1.5 1.5 1.5 1.5 1.5 1.5 1.5 1.5 1.5 1.5 1.5 1.5 1.5 1.5 1.5 1.43547 1.63653 1.53207 1.76411 1.61872 1.99136 2.20886 2.19801 2.14143 2.10306 2.17228 2.10719 1.9819 1.80321 2.15188 1.91362 2.18734 2.3106 2.07272 2.07879 2.48326 2.48609 2.32183 1.71766 2.09164 2.67815 2.70327 2.72608 2.61102 2.65203 2.57682 2.31901 2.27075 2.1518 1.94651 1.89614 1.96686 1.99953 2.58502 2.55149 2.75681 3.0111 3.08899 2.99324 2.87743
1.5 1.5 1.5 1.5 1.5 1.5 1.5 1.5 1.5 1.5 1.5 1.5 1.5 1.5 1.5 1.5 1.5 1.5 1.5 1.5 1.5 1.5 1.5 1.69277 1.50607 1.65769 2.04513 2.10308 2.00072 2.10785 1.94516 1.98285 2.11072 2.17908 2.18358 2.17284 2.17321 2.17504 2.47069 2.50315 2.22781 2.11635 2.45212 2.4026 2.29344 1.79987 1.96129 2.23512 2.36709 2.38969 2.43807 2.28851 2.17053 2.13064 2.04388 1.99271 1.95949 1.72915 1.95904 1.7835 2.61139 2.94326 2.87182 2.94737 2.95832 2.95375 2.87912
1.5 1.5 1.5 1.5 1.5 1.5 1.5 1.5 1.5 1.5 1.5 1.5 1.5 1.5 1.5 1.5 1.5 1.5 1.5 1.5 1.5 1.5 1.5 1.56828 1.80499 1.78317 1.9844 2.22189 2.27294 2.19598 2.17275 2.13741 2.32684 2.26427 2.22913 2.13439 2.12001 2.13129 2.34241 2.4317 2.21367 2.12009 2.28512 2.27224 2.11595 1.86788 1.72793 1.94175 2.0493 2.02974 1.97546 1.9875 2.1069 2.29346 2.5892 2.38678 1.93874 1.80276 2.10464 2.16304 2.40218 2.92256 2.84543 2.93564 2.99944 3.0676 2.8831
1.5 1.5 1.5 1.5 1.5 1.5 1.5 1.5 1.5 1.5 1.5 1.5 1.5 1.5 1.5 1.5 1.5 1.5 1.5 1.5 1.5 1.5 1.5 1.47024 1.7512 2.08 2.31187 2.2686 2.45931 2.10996 2.16394 2.31329 2.51275 2.32173 2.25676 2.15344 2.07481 2.04593 2.05589 2.02779 2.02461 2.12998 2.26306 2.34869 2.76466 2.88725 1.82127 2.0793 2.16081 2.24906 2.28129 2.44686 2.15308 2.25211 2.28629 2.47294 1.9803 1.83637 2.03421 2.80046 3.03557 2.91221 2.8287 2.91763 3.07885 3.2234 2.96188
1.5 1.5 1.5 1.5 1.5 1.5 1.5 1.5 1.5 1.5 1.5 1.5 1.5 1.5 1.5 1.61298 1.41175 1.5615 1.65657 1.70161 1.6694 1.39818 1.60164 1.84682 1.81331 1.94687 2.15001 2.30257 2.44932 2.14309 2.17045 2.16409 2.11148 2.08293 2.02714 1.97655 1.88137 1.93369 2.31076 2.92095 2.61223 2.51294 2.47247 2.51653 2.6808 2.63025 1.89324 2.27099 2.55382 2.31133 2.32143 2.57661 2.24962 2.22309 2.22475 2.21347 1.92887 1.91371 1.99598 2.75145 3.12181 2.93284 2.89014 2.96744 3.06231 3.14635 2.98128
1.5 1.5 1.5 1.5 1.5 1.5 1.5 1.5 1.5 1.30307 1.84865 1.93419 1.94111 1.75009 1.6133 1.7056 1.53741 1.67296 1.86279 1.62798 1.60808 1.77591 1.97932 1.73345 2.1023 2.3044 2.17436 2.14412 2.18911 2.09809 2.29778 2.57698 2.7247 2.14806 2.16181 2.03979 2.20899 2.47197 2.33798 2.68525 2.69404 2.89403 3.0127 3.21876 2.92805 2.39205 1.95627 2.33326 2.66704 2.41517 2.20664 2.27582 2.04967 2.20662 2.14005 2.1738 1.86726 1.81326 2.64692 2.93426 2.8697 2.88425 2.89406 2.91623 3.04619 3.14632 3.19171
1.5 1.5 1.5 1.5 1.54063 1.57022 1.60397 1.8218 1.80606 1.93221 1.74868 2.03528 1.81876 2.01594 1.90397 1.78553 1.72955 1.80491 1.90781 1.70393 1.87441 1.9138 1.78648 1.6414 1.90287 1.92689 2.01141 2.14349 2.05089 1.92629 2.39655 2.5731 3.29464 2.26509 1.92979 2.11403 2.18267 2.14785 2.42776 2.9287 2.63138 3.29613 3.11333 3.35941 2.69339 2.45357 1.97577 1.99276 2.19912 2.09517 2.48316 2.6389 2.15974 2.28354 2.40404 2.54715 2.20456 1.93999 2.59353 2.92011 2.88213 2.89635 2.90302 2.88883 3.02681 3.17657 3.20213
1.22945 1.35585 1.56636 1.52031 1.56817 1.60416 1.583 2.0639 2.04076 1.90153 2.0721 1.99153 2.04693 2.03425 2.06411 1.98769 1.91941 1.83118 2.00616 2.01396 1.96305 2.02138 1.84289 1.97239 2.05523 1.88741 2.1355 2.4777 2.24005 2.11882 2.27996 2.65302 2.59297 2.58734 2.54469 2.14108 2.2196 1.95556 2.37844 2.85497 2.40127 2.47937 2.34456 2.30841 1.97544 2.33246 2.20892 1.94831 2.79502 2.53017 2.70802 2.70652 2.22236 1.94287 1.9823 2.54782 2.75392 2.07384 2.38703 2.89007 2.83005 2.79938 2.79502 2.75132 2.90813 3.19116 3.1764
1.45491 1.54127 1.55175 1.49743 1.80285 1.56296 1.46666 1.76243 1.8539 1.98751 2.04573 1.8292 1.98462 2.12463 1.83407 1.9063 2.10933 2.07033 2.11632 1.99509 1.89901 1.94514 2.34703 2.51609 2.28774 1.96578 2.26604 2.46522 2.49559 3.03433 2.42817 2.73702 2.65721 2.33822 2.44831 2.12127 2.15535 1.92485 2.05159 2.12411 2.20904 2.39049 2.95177 2.50509 2.08072 2.51869 2.30953 1.71151 2.14593 2.57131 2.51541 2.54009 2.2821 2.02031 1.94552 2.46625 2.40085 2.04009 2.14378 2.79265 2.8048 2.82827 2.79879 2.79418 2.84308 2.95987 2.96904
1.64231 1.39575 1.60645 1.85327 1.7778 1.3555 1.57948 1.67622 1.73306 2.1356 2.38084 2.09034 2.13061 2.04092 1.80469 1.89516 2.05005 2.13299 2.10328 2.20466 2.04205 2.37245 3.15573 3.11984 2.48441 1.95166 2.19861 2.2054 2.49908 2.63959 2.18386 2.12793 2.20567 2.00715 1.89356 1.84581 2.61864 2.42861 2.14148 2.21149 2.27117 2.27951 2.43244 2.12413 2.14014 2.71399 2.6308 1.75725 2.21678 2.23066 2.06212 2.33727 2.3724 2.27779 1.98107 2.09464 2.0969 1.96844 2.13686 2.85591 2.84508 2.81156 2.78079 2.76435 2.74591 2.84763 2.87443
1.5991 1.43008 1.61551 1.6535 1.74352 1.43061 1.74831 1.63034 1.84568 2.19146 2.14666 2.12172 2.0218 2.10948 2.10271 1.99051 2.20083 2.1753 2.02278 1.9058 1.94054 3.15483 3.37086 3.14679 2.55193 2.03315 2.09435 2.01517 2.32543 1.87473 1.79652 1.80617 2.06794 2.22243 1.82877 1.79321 2.24568 2.27848 1.87321 2.39691 2.93864 2.16306 2.32366 2.63002 2.12263 2.48149 2.3833 1.76587 2.12362 2.22909 2.04696 1.94706 1.9781 1.98588 2.24908 1.97776 1.90282 1.83053 2.06493 2.74809 2.72199 2.68349 2.73082 2.69502 2.67608 2.83383 2.87869
1.58676 1.63597 1.73099 1.70652 1.75155 1.89105 1.89922 1.60121 1.58373 1.99609 2.00218 2.14179 2.1191 2.41358 2.05509 1.98458 2.0314 1.96798 1.88305 1.87871 2.16726 2.32203 1.97737 1.95034 2.24423 2.58223 2.22169 2.1017 2.13606 2.10345 2.36726 2.18348 2.25793 2.32785 2.01469 1.94922 1.94917 2.58301 2.05608 2.23035 2.60212 2.24721 2.72858 2.56223 2.42947 2.28118 2.14363 1.84204 1.96616 2.14718 2.11233 2.31289 2.4397 2.24589 2.28058 2.02071 2.24012 2.18541 1.93493 2.72859 2.73593 2.7115 2.69836 2.3987 2.41454 2.36174 2.12314
1.71719 1.77367 1.86342 1.78173 1.85592 1.95343 2.00885 1.80724 1.85248 1.95256 2.12993 2.01532 2.13644 2.29393 2.18803 2.19367 1.92465 1.95062 1.88943 2.10444 2.73304 2.0745 1.82514 2.08156 2.26202 2.21689 2.14355 2.08495 1.91128 2.40154 2.80298 2.14132 2.44375 2.53102 1.92584 1.90858 1.92295 2.49558 2.30823 2.0401 2.36205 2.18096 2.29724 2.13436 2.03386 2.31196 2.75969 2.25411 1.82832 2.44205 2.35405 2.61274 2.20213 2.11351 2.29371 2.6202 2.33926 1.99608 1.81872 1.9757 2.00218 1.97931 1.85082 1.85401 1.89776 1.94557 1.94296
1.72034 1.90826 1.76035 1.83349 1.90778 2.58436 2.78336 2.24015 2.38038 2.26397 2.16336 1.99274 2.13384 1.92972 1.9025 1.96028 2.13055 2.06155 2.04505 2.36058 2.37139 1.9751 2.54113 2.12324 2.30514 2.1268 1.76677 2.13325 2.03174 2.36699 2.45209 2.09901 2.2822 2.17902 1.96697 1.93529 1.98707 2.09292 2.14127 1.92982 2.39232 2.96136 2.63924 2.33243 2.14513 2.48202 3.18806 2.88984 1.72604 2.3994 2.46297 2.63649 2.17118 2.08262 2.05552 2.02435 1.85304 1.82187 1.85241 1.95487 2.00917 2.01018 2.24464 2.34108 2.00204 2.46123 2.25151
2.0064 2.26443 1.9703 1.94196 2.1104 2.11386 2.31279 2.05825 2.21031 2.13512 2.1472 1.98573 1.99178 1.92179 1.78847 2.14451 2.03304 2.01561 2.10213 2.50647 2.13292 1.97799 2.09121 2.28709 2.21201 1.90989 1.713 2.02657 2.15018 2.34433 2.15249 2.12359 2.27429 2.44874 2.68077 2.74972 2.78757 2.17619 2.22841 2.1084 2.76485 3.27563 3.16178 2.71869 2.58843 2.5891 2.77999 2.56108 1.8357 2.15699 2.03925 1.87603 1.88774 1.87412 1.91784 2.00808 2.17942 2.2207 1.99318 1.99882 2.12488 2.00182 2.35866 2.54717 2.33138 2.41378 2.10554
1.83924 1.88911 1.83949 1.80696 1.89121 1.78542 1.83904 1.89181 1.91609 1.9657 2.00515 2.06666 2.23299 2.3196 2.0677 2.33595 2.16607 2.06343 2.37182 2.0094 2.10724 2.17449 2.12281 2.11102 2.11987 2.05946 2.35443 2.43877 2.80061 3.2037 3.34946 2.45687 3.05774 3.19803 3.12189 3.07118 3.17742 2.25519 2.13599 2.34652 2.48554 2.65788 2.51061 2.30085 2.00755 1.67678 1.6012 1.68905 2.02877 2.18296 2.16891 2.2698 2.32326 2.37266 2.56933 2.47677 2.38643 2.06479 1.91642 2.07534 2.57634 1.97967 1.82033 2.04154 2.51583 2.12889 1.95708
1.96291 1.93827 1.87275 1.94696 2.02021 1.89521 1.93288 2.03267 2.00784 2.05512 2.15227 2.11542 2.06592 1.9716 2.07183 2.3502 2.06803 2.22188 2.38079 2.00071 2.08792 2.26424 2.35933 2.11172 2.669 2.61376 3.00348 2.90356 3.28958 3.71244 3.69814 2.64252 2.67343 3.01082 3.02425 2.68702 2.55554 2.19175 1.91362 1.83206 1.66861 1.63752 1.64518 1.6698 1.69891 1.81709 2.02091 2.08706 1.81888 2.44999 2.42455 2.41758 2.36055 2.35965 2.42502 2.08457 1.99473 2.15875 2.4147 1.99189 2.93747 2.414 1.82186 1.75461 3.05721 2.44471 1.85363
