test/DeltaShell.Plugins.DelftModels.HydroModel.Tests/test-data/AcceptanceModels/SOBEK2/Jakarta/FIXED/gis/aSC/Astra_50m.asc
ncols 102
nrows 90
xllcorner 239034.859
yllcorner 818489.977
cellsize 50
nodata_value -9999
[rows 0 to 29 of 90, columns 0 to 67 of 102]
1.06966 1.15606 .914214 .841284 1.21615 1.31348 1.50774 1.49038 1.40752 1.29342 1.69853 1.77384 1.57575 2.1 2.1 2.1 1.46681 1.52273 1.34134 .861286 .756716 .620456 .713312 .595651 .404099 .553035 .854166 .438537 .785417 .70049 .744237 .856911 1.01508 1.18235 1.22134 1.13721 1.08654 1.10205 1.13705 1.05372 1.03453 1.01649 1.07019 1.06412 1.11143 1.05707 1.081 .811099 .92846 1.12115 1.02272 1.11316 1.04955 1.04032 1.22868 1.36139 1.24254 1.51629 1.31544 1.49582 1.37843 1.35689 1.41966 1.36166 1.41489 1.41018 1.45061 1.55609
1.08518 .820197 .687037 .724836 1.0106 1.27171 1.47372 1.56738 1.80658 1.95406 1.62113 2.1 2.1 2.1 1.18321 1.18938 .892201 .893896 .824522 .787172 .9468 .867191 .814408 .76188 .664635 .546021 .717885 .591161 .639583 .617942 .716198 .856294 1.04388 1.09572 1.40793 1.21818 1.30591 1.19757 1.13711 1.02913 1.10648 1.07912 1.03376 1.07476 1.08641 1.08765 1.02482 .973306 .810111 1.11351 1.11401 1.40562 1.26309 1.22955 1.23089 1.27384 1.34789 1.41707 1.40141 1.42207 1.62693 1.45146 1.45316 1.40894 1.39396 1.36687 1.30905 1.3339
.745376 .6118 .86771 1.10415 .987333 1.30083 1.79798 1.75391 1.4841 2.1 2.1 2.1 .926688 .88184 .85963 .793398 .784765 .824636 .8768 .925062 .944811 .995562 1.1294 1.14993 1.16753 1.2 1.2 1.2 1.2 1.2 1.2 1.2 .669291 .534824 .77776 .790612 1.44967 1.47229 1.56724 1.18644 .846584 .880774 .879595 .995308 1.02906 1.07422 .946188 .906438 .947771 .933 1.28378 1.332 1.29454 1.30509 1.3363 1.27099 1.34241 1.36254 1.43447 1.41776 1.56148 1.40404 1.4596 1.37861 1.39912 1.43023 1.42182 1.2794
.577413 .584965 .775626 1.19647 1.68898 1.68486 1.43631 2.1 2.1 2.1 1.20343 .934833 .84497 .768638 .790226 .773367 .763269 .774095 .845645 1.33135 1.72773 1.41032 1.28708 1.31389 1.2 1.2 1.2 1.2 1.2 1.2 1.2 1.2 1.2 1.2 1.2 1.2 1.2 1.2 1.2 1.2 .429664 1.124 1.41949 1.41695 .963797 .880317 .809641 .802229 1.00345 .930229 1.19823 1.10487 1.15832 1.33958 1.27105 1.33428 1.3112 1.38963 1.49287 1.6602 1.60786 1.34837 1.4061 1.3972 1.37468 1.3699 1.28164 1.32638
1.22046 1.53331 1.86034 1.77358 1.4675 2.1 2.1 2.1 1.32864 1.35602 1.42901 1.11498 1.36132 1.22696 .929809 .907639 .935491 1.17329 1.35255 1.56165 1.53498 1.33487 1.47127 1.2 1.2 1.2 1.2 1.2 1.2 1.2 1.2 1.2 1.2 1.2 1.2 1.2 1.2 1.2 1.2 1.2 1.2 1.2 .47416 1.03223 1.27827 .788362 .698033 .765494 .843149 .890164 .917842 1.22087 1.3661 1.19669 1.24951 1.26924 1.34855 1.3316 1.4748 1.41464 1.33965 1.39894 1.34889 1.46219 1.46968 1.37365 1.46066 1.33655
1.5791 1.35746 1.55035 2.1 2.1 2.1 1.69722 1.64409 1.64858 1.32349 1.08382 1.00034 1.48377 2.32117 1.50282 1.55984 1.56778 1.49101 1.24617 1.22096 1.48343 1.46775 1.21006 1.2 1.2 1.2 1.2 1.2 1.2 1.2 1.2 1.2 1.2 1.2 1.2 1.2 1.2 1.2 1.2 1.2 1.2 1.2 1.2 .941898 1.82124 1.0037 .907028 .931374 .914253 .813046 .724646 1.1164 1.12396 1.26203 1.44558 1.64584 1.63892 1.45874 1.43495 1.25015 1.30871 1.34223 1.34507 1.45647 1.41772 1.41044 1.36863 1.44182
1.40092 1.55197 2.24605 2.21419 1.81089 1.8441 1.91566 1.40482 1.06234 .868864 .854999 1.00814 1.13979 2.31084 2.29082 1.83635 1.25651 1.70392 1.39252 1.2962 1.46218 1.2566 .759426 1.2 1.2 1.2 1.2 1.2 1.2 1.2 1.2 1.2 1.2 1.2 1.2 1.2 1.2 1.2 1.2 1.2 1.2 1.2 1.2 1.2 1.57577 1.31455 .908515 .997144 1.01301 1.0135 .749754 1.07531 1.0858 1.05028 1.20616 1.17991 1.26944 1.48929 1.44558 1.50281 1.18942 1.20166 1.59017 1.27253 1.31266 1.35633 1.40068 1.52722
1.65685 1.77969 1.6001 2.1 2.1 1.49209 1.11074 .92349 .997627 .998454 .971814 1.02853 1.12554 1.67007 1.67682 1.41758 1.47525 1.40122 1.10872 1.02639 .92237 .990821 1.25145 1.35495 1.20946 1.2 1.2 1.2 1.2 1.2 1.2 1.2 1.2 1.2 1.2 1.2 1.2 1.2 1.2 1.2 1.2 1.2 1.2 1.2 1.05503 1.53361 1.14188 1.13457 1.03755 1.17632 1.22489 1.73582 1.35276 1.15546 1.21513 1.15827 1.25297 1.234 1.16449 1.15637 1.13856 1.04164 1.16912 1.31569 1.49272 1.61309 1.74282 1.61331
1.20821 1.17595 1.42561 1.69527 2.1 1.06189 1.07113 1.01704 .980624 1.04039 1.78313 1.43709 1.53512 1.18472 1.20255 1.23255 .871374 .608518 .876157 1.52559 1.39118 1.68465 1.60848 1.38097 1.46956 1.2 1.2 1.2 1.2 1.2 1.2 1.2 1.2 1.2 1.2 1.2 1.2 1.2 1.2 1.2 1.2 1.2 1.2 1.2 1.2 1.46411 1.14622 1.03679 .883725 .988294 1.01835 1.15841 1.20784 1.0847 1.11893 1.09608 1.12934 1.2909 1.28749 1.31848 1.34636 1.31784 1.28378 1.33593 1.30684 1.36689 1.47118 1.50522
1.24166 1.15435 1.15159 1.41524 2.1 1.15313 1.13137 1.34201 1.60853 1.4738 1.81125 1.36475 1.32243 1.1136 .881812 .647392 .552144 .569688 1.31468 1.59518 1.40424 1.75916 1.64921 1.79406 1.34064 1.4085 1.18302 1.2 1.2 1.2 1.2 1.2 1.2 1.2 1.2 1.2 1.2 1.2 1.2 1.2 1.2 1.2 1.2 1.2 1.02416 1.57954 1.14298 .930818 .949587 .857454 .987355 1.05179 1.22234 1.10323 1.13357 1.19428 1.23316 1.47927 1.44266 1.4069 1.29886 1.32262 1.38175 1.35621 1.39572 1.37534 1.28007 1.41464
.650247 .607217 .697865 1.11207 2.1 1.14859 1.14629 1.36856 1.61881 1.28834 1.27002 .904077 1.11261 1.14448 .800163 .394327 .309595 .426101 .699413 1.43508 1.35439 1.50746 1.81008 1.7195 1.69254 1.61975 2.07738 1.96647 1.40969 1.05624 1.09282 1.2 1.2 1.2 1.2 1.2 1.2 1.2 1.2 1.2 1.2 1.2 1.2 1.2 1.6213 1.01562 .880459 .994031 .876284 .787851 .947377 1.03072 .952632 1.03837 1.06713 1.1078 1.21762 1.30025 1.23542 1.51655 1.42863 1.35936 1.35087 1.39921 1.40313 1.37043 1.41946 1.48676
.877417 1.14973 1.13381 1.22552 2.1 2.1 1.20087 1.18898 1.25261 1.2286 1.12189 .955448 1.64687 1.29536 1.0632 .604084 .495929 .441459 .636377 1.57598 1.40914 1.40773 1.76815 2.09858 2.0605 2.01278 1.75473 1.92948 1.79367 1.43575 1.39288 1.00939 .732346 .945519 1.2 1.2 1.2 1.2 1.2 1.2 1.2 1.2 1.52728 1.57294 1.08465 .516466 .474368 .674158 .79747 .822609 .881942 1.02834 1.04948 .946765 .97849 1.10529 1.09994 1.05452 1.15476 1.45491 1.35272 1.3129 1.20282 1.18836 1.22027 1.20549 1.21774 1.3233
1.0681 1.1369 1.17788 1.2651 2.1 2.1 1.14461 1.20548 1.16508 1.21715 1.33085 1.18782 1.59121 1.26702 1.44865 1.03622 .577438 .460778 .599265 1.51696 1.41985 1.16006 1.55304 2.09702 1.83344 2.00335 1.82498 2.28387 2.09081 2.62482 1.42164 .81183 1.25932 1.55584 1.06973 1.28854 1.35346 1.52837 1.42279 1.07247 1.42936 1.54229 1.85268 1.69017 1.13695 .876601 .740402 .881507 .939595 1.01773 .909288 .977411 .997244 .931726 1.07013 1.13289 1.12875 1.13383 1.18333 1.1546 1.3171 1.17941 1.13107 1.34209 1.41522 1.32988 1.23586 1.24283
1.29666 1.25671 1.20111 1.31436 2.1 1.20531 1.23109 1.29596 1.33695 1.28823 1.28712 1.53597 1.87136 1.41954 1.46358 1.1133 .977967 .76782 .985713 1.50198 1.2205 1.36624 1.4369 1.83119 1.94006 1.95867 1.6226 1.76141 1.8674 1.78179 1.17244 .739845 1.3536 1.31301 1.44427 1.25171 1.36816 1.2305 1.38702 .86425 .920527 .872895 1.13012 1.73449 1.81766 .985453 .744714 .870948 .988052 1.0812 1.17134 1.02193 1.14819 1.11661 .999518 1.16682 1.10159 1.05851 1.08063 1.13188 1.20735 1.26032 1.17458 1.20705 1.38569 1.37323 1.38216 1.5641
1.24682 1.32525 1.24459 1.26864 2.1 2.1 1.33553 1.43794 1.37888 1.44663 1.09365 1.36754 1.79965 1.56972 1.35054 .945632 1.1382 1.13263 1.11738 1.07431 1.29361 1.40544 1.57919 2.03277 2.15482 2.05716 1.36368 1.83428 1.94497 1.59363 1.19301 1.1461 1.17667 1.08017 1.05168 1.22151 1.30757 1.04595 1.28003 .993496 1.18812 1.40206 1.3822 1.5575 1.86097 1.73072 .839862 .746166 .970649 1.20583 1.11246 1.14983 1.2108 1.21091 1.14461 1.17599 1.1679 1.0511 1.09211 1.22282 1.35591 1.42373 1.37141 1.3577 1.34516 1.45326 1.38767 1.86837
1.36582 1.26725 1.18792 1.18917 1.54323 2.1 1.59786 1.46766 1.57408 1.37307 1.41386 1.41408 1.6351 1.57056 1.87003 1.40412 1.20451 1.61913 1.21214 1.0621 1.42671 1.52405 1.59477 2.13196 1.99635 2.22838 1.70963 1.43668 1.38119 1.11037 1.27423 1.35848 .992859 1.15667 .973251 1.14306 1.37667 1.15675 1.27591 1.26454 1.00548 1.32515 1.14296 1.26757 1.86214 1.94689 1.61899 .968719 1.01237 1.09974 1.15216 1.13122 1.2119 1.56778 1.3649 1.39134 1.28433 1.16557 1.26547 1.3875 1.35172 1.47951 1.45425 1.50227 1.3998 1.34824 1.38882 1.79779
1.4458 1.20785 1.24554 1.25906 1.50144 2.1 1.57337 1.46528 1.41581 1.59717 1.53834 1.3116 1.35796 1.46149 1.67325 1.41241 1.37294 1.70983 1.58727 1.19817 1.50302 1.50362 1.78697 1.94198 2.26122 2.17928 1.8293 1.41975 1.49215 1.22609 1.35084 1.47059 .962385 1.25218 1.76442 1.29355 1.18991 1.12362 1.22769 1.25465 .902093 1.13701 1.38201 1.27772 1.66396 1.65979 1.34572 1.14676 1.31878 2.18236 1.61859 1.19646 1.22302 1.72329 1.60609 1.71436 1.33426 1.27217 1.22289 1.25248 1.39627 1.58206 1.47823 1.4914 1.40902 1.56402 1.57862 1.72095
1.45047 1.24268 1.30621 1.27836 1.2918 2.1 1.65634 1.46176 1.37312 1.502 1.46382 1.30635 1.18235 1.39021 1.4971 1.34558 1.44475 1.51723 1.42008 1.63642 1.19045 1.52479 1.76836 1.64004 1.87396 1.93512 2.10169 1.40793 1.22961 1.17016 1.20705 1.19958 1.1416 1.06944 1.20431 1.23235 1.12802 1.20139 1.51518 1.3299 1.30821 1.23318 1.59506 1.30543 1.25302 1.24855 1.40468 1.34634 1.20886 1.3065 1.5449 1.37246 1.3668 1.64837 1.5632 1.86094 1.73343 1.78502 1.52603 1.30732 1.57235 1.94484 1.62594 1.4981 1.54224 1.55571 1.70068 1.66967
1.41363 1.38449 1.26515 1.25756 1.26384 2.1 2.1 1.67604 1.51224 1.48667 1.48796 1.38196 1.17505 1.3236 1.39213 1.56886 1.57656 1.55058 1.57268 1.48668 1.47774 1.20694 1.28552 1.30915 1.41421 1.59142 1.89182 1.40343 1.21514 1.25908 1.03546 1.16988 1.08735 .797013 1.21033 1.22928 1.43745 1.25726 2.02527 1.37038 1.46297 1.1935 1.39772 1.72908 1.78269 1.32548 1.12313 1.10084 1.10202 1.55828 1.66604 1.24192 1.4681 1.58815 1.6443 1.78654 1.70112 1.81167 1.76812 2.06413 1.7808 1.71041 1.87677 1.79509 1.73149 1.68188 1.6433 1.61006
1.36517 1.56619 1.29142 1.12625 1.08263 2.1 2.1 1.5662 1.49778 1.53129 1.57459 1.55006 1.4211 1.51255 1.45807 1.7833 1.41844 1.53118 1.68082 1.53719 1.36487 1.82966 1.17751 1.19518 1.3119 1.58351 1.94536 1.89163 1.21572 1.20651 1.10662 1.23749 1.47768 .890651 1.15055 1.75333 1.83441 1.21448 1.26671 1.4982 1.93662 1.03269 1.34263 1.5233 1.43973 1.68087 1.58224 1.54822 1.58459 1.71759 1.66066 1.14241 1.59501 1.58978 1.59787 1.70677 1.64621 1.76023 1.76766 1.91702 1.69572 1.82164 1.89203 1.9527 1.96453 1.7786 1.50262 1.62587
1.32276 1.39231 1.36193 1.27273 1.05529 2.1 2.1 1.28335 1.32743 1.67353 1.52077 1.3309 1.3771 1.4592 1.3772 1.57451 1.38231 1.22054 1.53917 1.36445 1.56059 1.71041 1.095 1.03107 1.13179 1.6563 2.12667 1.91347 1.0941 1.15597 1.25489 1.45901 1.43293 1.08438 .915503 1.32667 1.49104 1.58608 1.45068 1.43654 1.27625 1.28294 1.38737 1.8247 1.47665 1.72948 1.62985 1.77005 1.56908 1.85809 1.85308 1.27609 1.63628 1.57813 1.54421 1.64514 1.57428 1.64437 1.79983 1.91024 1.74288 1.73662 1.66208 1.81567 1.97075 1.60617 1.54181 1.9275
1.28987 1.29288 1.44051 1.28209 1.26856 1.25364 2.1 1.4216 1.44174 1.58483 1.49692 1.45268 1.40117 1.50914 1.65183 1.73729 1.2603 1.33648 1.06739 1.33725 1.31982 1.29605 .994445 1.13189 1.13282 1.25218 2.1413 2.29817 1.44049 1.58478 1.69085 1.41663 .915916 1.04967 1.2363 1.85005 1.71371 1.47267 1.27084 1.32754 1.20183 1.51319 1.16086 2.1836 1.9357 1.40495 1.43271 1.51355 1.56301 1.98778 1.95242 1.40728 1.73651 1.75606 1.71247 1.7018 1.7822 1.75424 1.74823 1.6927 1.77692 1.73854 1.70005 1.74348 1.92493 1.51853 1.57638 2.01715
1.24849 1.23469 1.28111 1.34334 1.3518 1.39103 2.1 1.58506 1.39925 1.46939 1.38205 1.27626 1.35274 1.31367 1.45297 1.383 1.48674 1.37325 1.1953 1.40014 1.50026 1.52915 1.18565 1.05194 1.18468 1.36183 1.11874 1.70522 1.09277 .967892 1.05714 1.33097 1.53096 1.48412 1.22604 1.08355 1.25023 1.28862 1.21758 1.2409 1.22941 1.43829 1.02436 1.58004 1.52019 1.39504 1.49376 1.61642 1.6168 1.76678 1.73489 1.23856 1.83016 1.78757 1.89004 1.77037 1.90829 1.95982 2.01222 1.80257 2.02293 1.91651 1.92793 1.94895 1.62174 1.53247 1.63924 2.02568
1.39879 1.3045 1.29804 1.33025 1.33723 1.28024 2.1 1.54633 1.36297 1.38082 1.36264 1.46286 1.49603 1.46165 1.3751 1.39645 1.42861 1.34475 1.37248 1.59216 1.68246 1.60906 1.26113 1.01376 1.19571 1.31412 1.2572 .982538 1.37856 1.50419 1.35872 1.16317 1.16489 1.16183 1.23499 .942478 1.15607 1.14068 1.20033 1.20601 1.1648 1.41041 1.03453 1.05987 .968836 .98118 1.14802 1.20927 1.22331 1.21893 1.30684 1.13134 1.40853 1.46779 1.66973 1.65175 2.01456 1.87668 2.09925 1.81099 2.01121 1.97299 1.96939 1.8494 1.37004 1.30848 1.727 2.04251
1.33758 1.18799 1.41017 1.3988 1.70801 1.85444 2.1 1.64342 1.2262 1.30471 1.37449 1.49071 1.41579 1.59806 1.46374 1.3888 1.53277 1.5764 1.40415 1.38439 1.41332 1.28303 1.23688 1.9762 1.88187 1.81003 1.48126 1.60999 1.0052 1.27686 1.24483 1.04243 1.06032 1.10657 1.19107 .981251 1.16845 1.22297 1.35404 1.32112 1.58122 1.46217 1.10644 1.60408 1.61354 1.6902 1.15321 1.41086 1.29614 1.36653 1.16542 1.14373 1.4904 1.34969 1.39421 1.23303 1.56752 1.54252 1.55436 1.50159 1.72249 1.86795 1.82729 1.65624 1.31918 1.31845 1.55504 1.8463
1.12675 1.42961 1.67326 1.89453 2.00641 2.22749 2.1 1.40911 1.38399 1.23203 1.35388 1.38685 1.3351 1.39674 1.58405 1.3701 1.34349 1.65108 1.92358 1.87661 1.66037 1.38626 1.32206 1.80753 1.65996 1.68893 1.48712 1.8257 1.23443 1.31252 1.14258 1.21514 1.20889 1.17266 1.47967 1.15569 1.19962 1.23326 1.37866 1.24166 1.10564 1.20552 1.33729 1.39252 1.47091 1.55024 1.33134 1.65594 1.45049 1.50125 1.23304 1.17919 1.48429 1.43176 1.51606 1.56584 2.14616 2.25995 1.99531 1.35485 1.38983 1.48154 1.50491 1.1928 1.01489 1.14166 1.06833 1.12191
1.83172 2.04063 1.98625 2.008 1.95253 1.9016 2.1 2.1 1.64409 1.23725 1.27196 1.22256 1.18244 1.331 1.40677 1.45532 1.39026 1.38809 1.44904 1.44223 1.3769 1.26975 1.1766 1.53878 1.60078 1.55674 1.86201 1.52776 1.79777 1.12367 1.13225 1.2072 1.12315 1.16729 1.17005 1.16878 1.45771 1.26575 1.1382 1.36335 1.34675 1.37409 2.00082 1.81603 1.55779 1.47545 1.58255 1.44079 1.65116 1.48203 1.25238 1.13498 1.33187 1.33786 1.55957 1.50056 1.70549 1.89926 1.5772 1.52851 1.46742 1.38833 1.38952 1.10294 1.22384 1.19784 .962538 1.0709
1.92529 1.90474 1.59059 1.47926 1.54501 1.5811 1.39399 2.1 1.94467 1.4183 1.33488 1.29892 1.33481 1.38991 1.46119 1.41889 1.31966 1.55181 1.63716 1.34221 1.28327 1.39637 1.21168 1.84091 1.43805 1.49087 1.72026 1.81863 1.6514 .929126 1.11374 1.21524 1.2233 1.30473 1.45122 1.21485 1.3295 1.19448 1.19694 1.22794 1.28748 1.24405 1.79273 1.6387 1.55141 1.45478 1.46156 1.44165 1.32704 1.39709 1.17915 1.31504 1.48778 1.32663 1.49984 1.65664 1.66543 1.71774 1.3937 1.63307 1.31663 1.38491 1.55812 1.3782 1.36211 1.12673 .973652 1.08177
1.35723 1.41907 1.39115 1.41868 1.61266 1.66517 1.42521 2.1 1.93068 1.83039 1.33085 1.42252 1.34774 1.2889 1.57038 1.37877 1.37951 1.45988 1.71027 1.5117 1.24476 1.39575 1.25036 1.60801 1.46967 1.56329 1.56455 1.56434 1.66284 .981101 1.24062 1.21741 1.26207 1.14613 1.34956 1.22327 1.1379 1.15693 1.18762 1.20769 1.26624 1.51823 1.88286 1.56052 1.39349 1.43271 1.44478 1.76523 1.71112 1.44055 1.12484 1.57006 1.63696 1.71669 1.55072 1.63714 1.48394 1.56113 1.3069 1.4035 1.26612 1.42014 1.73712 1.47121 1.10936 1.10254 1.35025 1.30527
1.60639 1.54536 1.45638 1.43391 1.57364 1.59499 1.5272 2.1 1.99389 1.78382 1.25104 1.40733 1.32463 1.35656 1.64242 1.33033 1.41752 1.40077 2.0685 1.45648 1.38239 1.40394 1.26029 1.34444 1.42105 1.35181 1.30603 1.47608 2.30731 1.11535 1.17284 1.21879 1.26392 1.21704 1.19742 1.19328 1.2766 1.14372 1.15244 1.20971 1.13378 1.52101 1.95909 1.42883 1.35789 1.53154 1.54627 1.73518 1.59745 1.63586 1.15882 1.52578 1.65061 1.58205 1.8034 1.78723 1.37247 1.49362 1.49067 1.3043 1.31997 1.53928 1.64544 1.45646 1.42648 1.41747 1.53174 1.23355
