test/DeltaShell.Plugins.DelftModels.HydroModel.Tests/test-data/AcceptanceModels/SOBEK2/Jakarta/FIXED/gis/aSC/Astra_25m.asc
ncols 198
nrows 174
xllcorner 239109.859
yllcorner 818564.977
cellsize 25
nodata_value -9999
[rows 30 to 59 of 174, columns 0 to 66 of 198]
1.25461 1.25113 1.28834 1.14176 1.34947 1.39569 1.59924 2.1 1.53676 1.64062 1.37501 1.35228 1.53618 1.34074 1.29615 1.5466 1.48231 1.39972 1.65391 1.27031 1.16891 1.22801 1.27163 1.38497 1.44884 1.44263 1.90892 1.40232 1.22319 1.30831 1.43677 1.66315 1.78789 1.73365 1.54464 1.28411 1.13448 1.31599 1.4139 1.50286 1.40034 1.49139 2.34095 1.78186 2.18216 2.06118 2.49035 2.11629 2.3802 2.00644 1.6721 1.14342 1.51902 1.51669 1.46232 1.32798 1.24868 1.27037 1.19672 1.21947 1.22619 1.19811 .721505 1.07641 1.19822 1.62707 3.09524
1.19317 1.24336 1.3263 1.23485 1.30595 1.15038 1.40753 2.1 2.1 1.57613 1.40191 1.3928 1.17362 1.34788 1.22751 1.59184 1.35811 1.53352 1.60896 1.22249 1.21636 1.15769 1.28518 1.26209 1.45431 1.52134 1.51554 1.33358 1.3577 1.23024 1.49979 1.81768 1.40281 1.25852 1.60561 1.65523 1.21715 1.17004 1.16335 1.36045 1.56066 1.70998 2.13716 1.62062 1.90725 1.81076 1.99171 1.93083 2.20843 1.97312 2.18348 1.22745 1.68841 1.58882 1.22447 1.09526 1.22579 1.22982 1.28159 1.32238 1.20009 1.27877 .693426 1.10555 1.45725 1.37868 1.55111
1.27397 1.29345 1.37485 1.28335 1.29607 1.26446 1.33591 1.46304 2.1 1.89332 1.73692 1.74736 1.46638 1.43606 1.45801 1.58853 1.44601 1.4076 1.37473 1.2953 1.50789 1.09311 1.20381 1.33979 1.52255 1.5548 1.37264 1.39919 1.30069 1.45052 1.60536 1.46381 1.40809 1.33546 1.49123 1.88516 1.76118 1.25002 1.16242 1.34107 1.86298 1.73342 1.56542 1.43542 1.66846 1.82583 1.89584 1.71687 1.93363 1.96556 2.34259 1.42908 1.27087 1.06962 .993429 1.16658 1.22131 1.21327 1.09543 1.17541 1.11292 1.4019 1.17431 .744138 1.05748 .987357 .893885
1.34275 1.33519 1.1837 1.21125 1.45338 1.27613 1.29677 1.47192 2.1 2.1 1.86538 1.95748 1.57829 1.46718 1.58479 1.64833 1.51189 1.50337 1.79233 1.41457 1.35658 1.14977 1.20231 1.36624 1.24193 1.36684 1.42133 1.65674 1.77611 1.96349 1.49246 1.43519 1.63079 1.44017 1.36641 1.51794 1.84811 1.71653 1.23488 1.1651 1.35247 1.36036 1.34098 1.31479 1.29399 1.3351 1.38858 1.41126 1.65304 1.93963 2.30457 1.32959 1.08375 1.12627 1.01859 1.1558 1.16192 1.00714 1.0118 1.12012 1.1183 1.10792 1.05082 .654242 .995426 1.06455 1.13483
1.38975 1.33789 1.19263 1.08688 1.32337 1.2106 1.29721 1.53149 1.56812 2.1 1.69992 1.56966 1.60069 1.46783 1.5332 1.45533 1.40424 1.27636 1.44699 1.36253 1.36237 1.20902 1.15443 1.31341 1.37325 1.41399 1.36858 1.34145 1.58275 1.40177 1.45714 1.66298 1.4751 1.73339 1.7129 1.24232 1.39314 1.59662 1.36173 1.27346 1.01484 1.20217 1.25602 1.33099 1.30519 1.41602 1.50926 1.6033 1.66668 1.49141 1.88079 2.02724 1.04679 1.31432 1.34316 1.45244 1.32435 1.03303 1.09727 1.07949 1.3594 1.12679 1.04105 .687347 .830984 1.25861 1.38063
1.77511 1.37356 1.16788 1.13901 1.12398 1.12518 1.03319 1.36781 2.1 2.1 1.74538 1.34136 1.56521 1.44866 1.4423 1.34261 1.44018 1.50697 1.72793 1.41709 1.44485 1.47798 1.23084 1.52074 1.57947 1.32497 1.5684 1.92636 1.85753 1.55248 1.46068 1.42103 1.86821 1.9283 1.55409 1.65443 1.42292 1.08919 1.48657 1.64679 1.54115 1.07026 1.18028 1.23958 1.23028 1.31957 1.36649 1.5182 1.91258 2.04392 1.73882 2.18082 1.27312 1.184 1.18793 1.15816 1.29117 1.10055 1.10204 1.07019 1.17338 1.34569 1.63037 1.23116 .616207 1.0331 1.19062
1.42724 1.39067 1.18325 1.02568 1.22792 1.1173 1.05574 1.50776 2.1 1.49153 1.46597 1.56634 1.78734 1.47519 1.63719 1.55771 1.81024 1.53018 1.51774 1.393 1.93326 1.53651 1.39591 1.51737 1.42058 1.30085 1.66053 1.68445 1.71236 1.47067 1.20093 1.32172 1.56383 1.5818 1.64809 1.56502 1.5515 1.31951 1.58001 2.01128 2.11417 1.45157 .952231 1.12983 1.19124 1.233 1.32789 1.40188 1.53486 2.19901 1.72622 2.3646 1.69982 1.13583 1.37359 1.1905 1.23293 1.14869 1.0514 1.12755 1.60641 1.44805 1.5364 1.23741 .434137 1.17096 1.23228
1.40304 1.35628 1.27971 1.12684 1.45979 1.00699 1.02209 1.23752 2.1 1.36236 1.38528 1.24696 1.23187 1.05836 1.6486 1.60823 1.61402 1.75005 1.21252 1.14522 1.29182 1.58441 1.44525 1.4367 1.50347 1.33512 1.28006 1.52935 1.62973 1.62453 1.23272 1.19805 1.15177 1.67373 1.87301 1.22641 1.28333 1.44564 1.81025 2.10337 1.94382 1.25999 .989432 .879385 1.03682 1.19788 1.21291 1.40608 1.59226 2.27777 1.75299 1.89438 1.49925 1.0524 .876385 1.07041 1.30547 1.27285 .890651 1.0219 1.25905 1.37745 1.8473 1.32919 .651663 .808797 1.08458
1.28218 1.35193 1.39079 1.15969 1.37309 1.16172 1.00919 1.21737 2.1 2.1 1.32914 1.30899 1.31751 1.33078 1.31005 1.47632 2.00165 1.79789 1.29115 1.23429 1.62711 1.21286 1.2772 1.48342 1.42438 1.3897 1.45716 1.61329 1.53174 1.40447 1.21676 1.36751 1.13759 1.34233 1.33504 1.45976 1.4567 1.58679 1.44218 1.51293 1.33434 1.05221 1.05088 1.12895 1.07512 1.01152 1.11402 1.43112 2.21204 2.32158 2.12908 2.12954 2.03948 1.32948 1.04586 1.09108 1.16446 1.33758 1.45257 1.70881 1.85909 1.28454 1.33229 1.44478 .785324 .969362 .797797
1.22986 1.35647 1.46724 1.2584 1.37654 1.35766 1.14581 1.15691 1.4062 2.1 1.29271 1.2998 1.24276 1.35342 1.3776 1.5278 1.6837 1.51575 1.34131 1.35835 1.69184 1.34349 1.33224 1.52353 1.62554 1.90978 1.56014 1.7233 1.8043 1.38898 1.13714 1.24227 1.7937 1.12995 1.04499 1.44118 1.59965 1.38963 1.2054 1.32628 1.11331 .959407 .964746 .995225 1.26728 1.15034 .949562 1.1079 1.81336 2.16775 2.43667 2.41779 2.27838 1.55401 1.12058 1.58092 1.70099 1.8248 1.83756 1.7145 2.17358 1.20036 .934231 .997967 .783805 1.24547 1.19337
1.35064 1.44989 1.50843 1.18611 1.30737 1.39331 1.17888 1.13419 1.33858 2.1 1.60827 1.64097 1.47173 1.48741 1.53674 1.49721 1.66679 1.46994 1.63291 1.33155 1.43091 1.48591 1.47443 1.36499 1.54799 1.5947 1.58371 1.77818 1.68553 1.23758 1.24382 1.19898 1.14084 1.03662 1.04259 1.10875 1.25522 1.11296 1.56464 1.54334 1.18769 1.02176 1.02615 1.11353 1.17985 1.19086 1.22385 1.04277 1.06846 1.86864 2.15941 2.20538 2.2906 1.76403 1.22606 1.53983 1.49616 1.69888 1.45147 1.12455 .794027 .738893 .803973 1.05993 1.28925 1.26521 1.18778
1.21081 1.14523 1.17021 1.19262 1.48477 1.62763 1.12001 1.24995 1.50334 2.1 1.53879 1.63436 1.44696 1.41111 1.33504 1.42338 1.40533 1.36501 1.44578 1.28972 1.3498 1.38879 1.39824 1.26857 1.22536 1.56888 1.48904 1.40194 1.42548 1.45059 1.51395 1.45025 1.19017 1.10847 1.08512 .998077 1.34122 1.1347 1.61038 1.64904 1.2979 1.15717 1.05607 1.16835 1.10177 .956852 1.35933 1.44542 1.09337 .907379 1.61463 2.23002 2.28531 1.84113 1.1285 1.15123 .719639 .651071 .782876 .947126 1.24708 1.46086 1.55101 1.75506 1.78944 1.52241 .98913
1.43736 1.456 1.36666 1.30113 1.43048 1.34864 1.27498 1.32603 1.53129 2.1 1.60153 1.70802 1.53292 1.28516 1.53535 1.50055 1.51584 1.50846 1.20988 1.14071 1.33654 1.2804 1.33902 1.38023 1.37763 1.29467 1.49687 1.41356 1.29008 1.31687 1.66191 1.41624 1.41824 1.20806 1.34548 1.44065 1.81993 1.61691 1.61128 1.51811 1.6203 1.40385 1.06916 .990474 .955308 1.16279 1.24555 1.45509 1.43435 1.06924 .850758 1.28799 1.13916 .739668 .70056 .854163 1.05928 1.25515 1.47406 1.5385 1.60283 1.58132 1.5439 1.29323 1.18675 1.23728 1.13434
1.302 1.32704 1.28338 1.22265 1.40893 1.41267 1.28702 1.17265 1.43802 2.1 1.45472 1.59323 1.56263 1.39983 1.49579 1.5237 1.43357 1.48002 1.33696 1.58958 1.3623 1.47056 1.43632 1.44325 1.59589 1.32886 1.37975 1.40857 1.27496 1.29553 1.24153 1.34571 1.20861 1.35814 1.32398 1.66144 1.71341 1.73701 1.5343 1.68268 1.70333 1.34471 1.06506 .996071 1.02788 1.23686 1.08109 .962753 .921396 .885121 1.02029 .805604 .851752 1.15167 1.4721 1.61866 1.56131 1.63098 1.56651 1.32888 1.1902 1.15149 1.15718 1.19674 1.23669 1.24536 1.13404
1.43824 1.33326 1.26324 1.37899 1.29438 1.32447 1.34164 1.20076 1.32324 2.1 2.1 1.55291 1.48901 1.34297 1.23557 1.37024 1.20391 1.29707 1.31671 1.46037 1.42866 1.66695 1.37342 1.42488 1.36815 1.39935 1.39565 1.50815 1.37472 1.62326 1.53299 1.49698 1.34335 1.55303 1.25617 1.45273 1.52228 1.66466 1.77791 1.56773 1.53084 1.37233 1.21021 1.03718 1.01182 1.12543 1.29893 1.6058 1.68613 1.38345 1.72392 1.41803 .784731 1.34275 1.57204 1.53424 1.32401 1.16312 1.11166 1.0412 1.07507 1.20066 1.17138 1.09493 1.1707 1.37598 1.16705
1.29034 1.4918 1.48215 1.44412 1.28979 1.45075 1.57615 1.64183 1.67577 1.4839 2.1 1.76122 1.39511 1.26538 1.10056 1.36826 1.35076 1.22587 1.42585 1.49263 1.41371 1.48535 1.38318 1.56898 1.57564 1.44291 1.44462 1.36707 1.35999 1.44836 1.64782 1.78534 1.74708 1.63795 1.44717 1.58851 1.47364 1.46004 1.46602 1.2108 1.18462 1.13509 1.13262 1.42882 2.06402 2.20326 1.92707 2.13011 1.82964 1.29521 1.55689 1.81341 1.0336 .862846 1.14158 1.10849 1.1782 1.49576 1.2694 .971637 1.0508 1.00849 1.00951 .995714 .983923 1.39336 1.25756
1.18965 1.32379 1.35188 1.43402 1.38358 1.80169 1.97455 2.08976 2.03172 1.43483 2.1 1.68622 1.71587 1.33536 1.16165 1.21472 1.34447 1.29163 1.55137 1.62632 1.38724 1.42505 1.35274 1.63033 1.61922 1.54169 1.40308 1.38677 1.41469 1.51645 1.54684 1.44085 1.37089 1.3228 1.28641 1.21345 1.25755 1.29433 1.3936 1.34435 1.36369 1.0704 1.61487 2.05279 2.39641 1.7344 1.7027 1.5034 1.81554 1.58567 1.44248 1.8247 1.73326 .818199 1.21048 1.55405 1.23348 1.22256 1.00198 1.03296 1.10839 1.18867 1.03374 1.15196 1.24288 1.03811 1.12255
1.1267 1.21021 1.51711 1.90188 1.69291 1.9064 1.94296 2.17911 2.2255 1.3509 2.1 1.2953 1.3348 1.3891 1.27175 1.0672 1.35298 1.35335 1.28757 1.39594 1.40286 1.45064 1.44819 1.49164 1.47947 1.67934 1.58111 1.41036 1.15776 1.22947 1.41792 1.37698 1.52204 1.60216 1.71654 1.87584 2.04567 1.9143 2.0144 1.47876 1.38298 1.16438 1.51432 1.74897 1.76318 1.27946 1.76186 1.69587 1.9853 1.6774 1.38754 2.02367 2.02069 1.25884 .894414 1.43753 1.41967 1.22815 1.08366 1.2972 1.38867 1.38388 1.26162 1.21816 1.14337 1.20895 1.90656
1.63532 1.88447 2.04088 2.09835 1.90892 2.06977 2.09651 2.23447 2.30547 1.39863 2.1 1.37196 1.64407 1.46198 1.37882 1.31546 1.16285 1.30761 1.46982 1.47228 1.28258 1.20567 1.25436 1.31586 1.31555 1.54191 1.53661 1.54018 1.36857 1.37219 1.37641 1.66193 2.05848 2.16445 2.20223 1.89838 1.73758 1.43631 1.34413 1.37254 1.28915 1.31086 1.27065 1.86828 1.86949 1.78716 1.77862 1.62888 1.47285 1.19037 1.69906 1.60202 1.73081 1.8651 .788835 1.16363 1.30459 1.07144 1.23048 1.09971 1.11765 1.08861 1.11623 1.17745 1.10948 1.09523 1.81718
1.99027 1.96258 1.97409 2.06422 2.00928 2.0181 2.24201 2.11816 2.04815 1.59859 2.1 1.49354 1.85188 1.60368 1.5977 1.46332 1.05607 1.0683 1.23593 1.17843 1.14092 1.28678 1.25794 1.22905 1.38785 1.44884 1.44372 1.35876 1.32566 1.37549 1.43347 1.33013 1.51141 1.42803 1.50633 1.45517 1.4969 1.58418 1.29789 1.3209 1.29579 1.18264 1.23221 1.5229 1.24621 1.53787 1.8184 1.92314 1.71695 1.56771 2.05786 1.3216 1.55429 2.12136 1.06584 1.07837 1.37178 1.06797 1.47907 1.49242 1.17663 1.25193 1.20788 1.03758 1.08779 1.03929 1.2301
2.02532 2.03007 1.96865 2.00073 1.96476 1.81487 1.76521 1.71728 1.75172 1.45051 2.1 2.1 1.81203 1.86883 1.46546 1.44247 .965159 1.26678 1.50439 1.29863 1.28459 1.07949 1.12849 1.28863 1.42557 1.33002 1.39996 1.81496 1.22168 1.34566 1.42911 1.4892 1.20821 1.52354 1.34422 1.35693 1.49821 1.41159 1.21492 1.20176 1.27986 1.11558 1.23895 1.85733 1.50559 1.57492 1.55107 1.4023 1.21243 1.56798 2.34374 1.46593 1.74875 2.27751 1.67795 .900071 1.22223 .797673 1.27372 1.13734 1.03229 1.04114 .996143 1.18793 1.34042 1.11656 1.27361
1.85447 1.73879 1.57446 1.54408 1.59841 1.55179 1.66241 1.5794 1.65437 1.31813 1.42043 2.1 1.85265 2.02185 1.72849 1.47025 1.1386 1.15943 1.48253 1.35707 1.28659 1.13704 1.44524 1.46826 1.48898 1.4872 1.43108 1.61925 1.28363 1.18964 1.3942 1.44046 1.69657 1.96224 1.33654 1.27987 1.18696 1.23194 1.42034 1.31132 1.41662 1.15992 1.23282 1.73105 1.89688 1.40455 1.60053 1.62466 1.5081 1.42599 2.03178 1.36264 1.84343 2.02135 1.54748 .815538 1.01546 .890313 1.14702 1.17742 1.35743 1.30454 1.28203 1.4757 1.43717 1.2148 1.62936
1.95493 1.60634 1.39937 1.42256 1.37821 1.44628 1.55907 1.46837 1.64433 1.4172 1.40964 2.1 2.1 1.95495 2.07734 1.61528 1.42852 1.19118 1.52987 1.39957 1.10577 1.30939 1.51674 1.34513 1.24867 1.48138 1.44128 1.38035 1.34424 1.28287 1.42577 1.47189 1.60486 1.8911 1.32925 1.51457 1.36613 1.20921 1.30146 1.47332 1.36689 1.29304 1.12318 1.70132 2.06767 1.33619 1.44442 1.47246 1.36133 1.35642 2.06268 2.2178 1.73128 1.64607 1.37132 .852663 1.03943 1.30371 1.06988 1.17052 1.19014 1.21406 1.08526 1.07212 1.19607 1.24049 1.67357
1.49684 1.36752 1.33093 1.37866 1.40711 1.61866 1.8084 1.46997 1.72446 1.46686 1.34657 1.60946 2.1 2.08513 1.99691 1.90965 1.64973 1.19545 1.54166 1.4931 1.26224 1.42077 1.3693 1.33485 1.27344 1.29705 1.37785 1.3344 1.24162 1.25962 1.40024 1.58111 1.53221 2.06716 1.62578 1.73753 1.45941 1.31573 1.21692 1.37815 1.37073 1.24866 1.23399 1.42286 1.79912 1.47244 1.38279 1.4029 1.51937 1.56558 1.76383 2.08304 1.64844 1.7389 1.3598 .930308 1.01109 1.38663 .962568 1.29882 1.29102 1.43598 1.38133 1.16404 1.08992 1.03078 1.51338
1.58961 1.53313 1.29854 1.497 1.37264 1.45947 1.56989 1.58528 1.8628 1.54884 1.30835 1.57761 2.1 1.86367 1.78134 1.94308 1.81292 1.14592 1.52306 1.54195 1.32055 1.35668 1.23219 1.34093 1.23148 1.67092 1.87531 1.51203 1.41733 1.46404 1.40804 1.33416 1.38574 1.73667 1.4167 1.44515 1.44543 1.30708 1.09652 1.43346 1.39272 1.29056 1.21247 1.36555 1.89408 1.49215 1.50766 1.65644 1.67332 1.71073 1.22172 1.29785 1.21592 1.7718 1.71653 1.03097 .952692 1.43169 1.15416 1.17791 1.12612 1.16665 1.08872 1.14497 1.14552 1.42128 1.35892
1.4896 1.67698 1.28008 1.51152 1.45782 1.55157 1.65698 1.45336 1.67901 1.57899 1.4339 1.52161 2.1 2.04603 2.14429 2.00442 1.74098 1.15455 1.49246 1.59353 1.37719 1.35627 1.38162 1.32287 1.47411 1.97135 1.86311 1.40496 1.27275 1.4575 1.33497 1.37642 1.43941 2.1136 1.90354 1.46899 1.35645 1.291 1.26769 1.31409 1.42886 1.37945 1.12414 .927121 1.7366 1.38766 1.16721 1.18976 1.21707 1.29184 1.238 1.59762 1.47398 2.3374 2.32121 1.19094 .862142 1.07071 1.14982 1.12035 1.276 1.45117 1.42356 1.23775 1.33501 1.37573 .989349
1.65575 1.61297 1.25741 1.38099 1.38669 1.46124 1.56847 1.64873 1.53735 1.66633 1.38923 1.56173 2.1 1.88002 1.9409 1.7255 1.67472 1.08604 1.23573 1.46849 1.19365 1.27727 1.3137 1.25045 1.41475 1.30849 1.41349 1.29097 1.33449 1.45554 1.38663 1.40261 1.38773 1.97268 2.32471 1.46621 1.51108 1.42384 1.53205 1.42569 1.46336 1.28754 1.25131 1.30759 1.39284 1.70657 1.35198 1.47104 1.51498 1.43574 1.2855 1.42509 1.42648 2.14346 2.48899 1.4534 .864588 1.1485 1.32431 1.19445 1.29175 1.18298 1.03056 1.1771 1.08509 1.28029 1.09902
1.55956 1.67376 1.41163 1.58342 1.56463 1.4757 1.45093 1.50248 1.49343 1.70396 1.36471 1.46926 2.1 1.50239 1.90865 1.69978 1.57399 1.35166 .978645 1.25692 1.20578 1.16645 1.37599 1.56608 1.50137 1.43849 1.40369 1.36556 1.29668 1.27632 1.3333 1.37729 1.5872 1.48153 1.69476 1.35953 1.3591 1.29797 1.5366 1.34216 1.45809 1.58692 1.32825 1.55754 1.26182 1.33032 1.23202 1.30669 1.30322 1.19442 1.42249 1.54535 1.79807 1.73648 2.76728 1.79153 .987243 1.0598 1.29502 1.20999 1.37666 1.31349 1.08925 1.12028 1.06004 1.00924 1.07346
1.55137 1.49399 1.41019 1.31944 1.42976 1.48967 1.62168 1.68534 1.46723 1.61801 1.33897 1.55281 2.1 2.1 1.6672 1.86572 1.7643 1.58985 .716989 1.40769 1.42213 1.32047 1.3717 1.51426 1.40688 1.42955 1.24812 1.32994 1.26042 1.40231 1.43114 1.43844 1.38498 1.4746 1.84574 1.44341 1.68075 1.60048 1.58 1.37992 1.35502 1.34293 1.31093 1.44973 1.28367 1.35928 1.2426 1.29777 1.35941 1.28974 1.27124 1.4287 1.95081 1.67121 2.41652 2.17926 1.03802 1.09613 1.42613 1.15935 1.10441 1.26075 1.18176 1.53726 1.39748 1.2061 1.12076
1.8124 1.90787 1.62372 1.36725 1.52036 1.47608 1.39789 1.44265 1.3443 1.52881 1.42454 1.49351 1.63861 2.1 1.85112 1.89425 1.90149 1.76779 .968041 1.40821 1.53511 1.40752 1.25711 1.41401 1.41881 1.49508 1.42024 1.47759 1.5116 1.64174 1.5798 1.57049 1.63092 1.41607 1.43288 1.40441 1.33593 1.35293 1.46694 1.5862 1.27788 1.17437 1.23364 1.47466 1.23697 1.44252 1.47156 1.47568 1.37888 1.41576 1.29238 1.29592 1.64492 1.5277 2.18878 2.3971 1.36501 1.005 1.23267 1.22449 1.27582 1.23069 1.18214 1.22307 1.27993 1.28661 1.17405
