test/DeltaShell.Plugins.DelftModels.HydroModel.Tests/test-data/AcceptanceModels/SOBEK2/Jakarta/FIXED/gis/aSC/Astra_50m.asc
ncols 102
nrows 90
xllcorner 239034.859
yllcorner 818489.977
cellsize 50
nodata_value -9999
[rows 60 to 89 of 90, columns 0 to 67 of 102]
1.18802 1.18042 1.54074 1.69098 1.7205 1.86262 1.84271 1.13768 .969084 1.21065 1.57924 1.72652 1.94719 1.68008 1.73853 1.7903 1.93471 2.1 2.19638 2.90351 2.74245 1.82291 1.54167 1.54295 1.67231 1.71772 1.74746 1.82211 1.98178 2.05441 1.90526 1.78859 1.87228 1.79719 1.83603 1.98818 1.89221 1.96201 2.02379 2.06299 2.05225 2.10635 2.08081 2.0704 2.24484 2.1019 2.1517 2.0796 2.14289 2.65014 2.55239 2.74938 2.90627 2.60939 2.20239 2.77592 2.66217 2.19479 2.15111 2.05322 2.10133 2.13294 2.25139 2.21115 1.99526 2.18478 2.18092 2.33667
1.20523 1.5897 1.77269 2.12821 2.24373 2.13618 1.76838 1.80655 1.82745 1.64686 1.61871 1.63664 1.80272 1.71699 1.60883 1.84867 1.86025 1.78924 2.1 2.71591 1.89326 1.71308 1.69453 1.79956 1.84249 1.95842 1.81446 1.8034 1.86832 2.01666 1.98994 1.91394 1.90584 1.68733 1.79445 2.0348 1.94827 2.0392 2.12044 2.13311 2.24154 2.07523 2.05748 1.97884 2.24555 2.45069 2.27825 2.52334 2.71873 3.27619 2.90565 2.49382 2.34119 2.02912 1.82163 1.80702 1.84917 1.90864 2.27271 2.0524 2.28102 2.25299 2.21687 2.10168 2.23801 2.51755 1.83425 2.48393
1.52489 2.51027 2.55782 2.9147 2.41858 2.57365 2.13968 1.94701 1.9591 1.73606 1.56978 1.62857 1.5492 1.62322 1.61411 1.88169 1.91313 1.82405 2.1 2.1 1.78451 1.6947 1.81635 1.9797 1.97438 1.91202 1.86549 1.94626 1.87484 1.90591 1.95943 2.05665 1.97661 2.02103 2.15462 2.15758 2.11443 2.25238 2.12593 2.13531 2.15232 2.24901 1.99192 1.90638 1.84068 1.92881 1.94335 1.94563 1.98866 2.06213 1.91524 2.02497 2.25978 2.10503 2.13856 2.08616 2.05711 2.08679 2.28952 1.9749 2.26874 2.2853 2.12118 2.03051 2.3138 1.95466 1.89935 2.05946
.872734 1.49188 1.81417 1.65551 1.45947 1.27578 1.2428 1.23263 1.48459 1.50425 1.29277 1.36355 1.61009 1.72934 1.71337 1.78631 1.75442 1.75125 2.1 2.1819 2.17583 1.83976 1.89631 1.89958 1.91484 1.83708 1.80558 2.00514 1.98877 2.04586 1.95779 2.05112 2.32839 2.11769 2.00849 2.10003 2.22041 2.16957 2.13878 2.05481 2.32369 2.12921 1.97901 1.91877 1.95267 2.05346 2.22747 2.13125 2.29017 2.61246 2.35662 2.3119 2.29498 1.98179 2.30157 2.33288 2.26538 2.17488 2.31921 2.08171 2.22119 2.11444 2.18766 2.1156 2.34322 2.1175 2.49656 2.24501
1.12557 1.16189 1.0945 1.09573 1.08241 1.13913 1.28422 1.30072 1.35597 1.2795 1.35267 1.61547 2.31506 2.18134 1.76809 1.84009 1.83852 1.81257 2.1 2.03669 2.00979 2.02456 2.18298 1.88535 1.84772 1.79878 1.77422 1.885 1.87615 1.95194 2.04451 2.14702 2.06685 2.28522 2.05169 2.14641 2.26688 2.20287 2.17676 2.30948 2.1773 2.15548 1.95835 2.25844 2.39811 2.31622 2.20614 2.02672 2.23644 2.39899 2.32593 2.34321 2.36451 2.08329 2.15513 2.18943 2.19355 2.08725 2.03946 1.97702 2.28428 2.26819 2.22507 2.09838 2.26431 2.11752 2.35729 2.21464
1.10276 1.13193 1.08546 1.15554 1.2905 1.38767 1.31564 1.49163 1.58092 1.47268 1.2851 1.29136 1.66727 1.8963 1.89624 1.61408 1.44655 1.50294 2.1 1.82334 1.94424 2.00958 2.10514 2.04463 1.92038 1.98952 2.00532 2.05775 2.09025 2.06812 2.24787 2.13383 2.11901 2.20277 2.18475 2.33049 2.34522 2.30452 2.25336 2.16941 2.1926 1.88642 1.72435 1.94763 2.21971 2.27748 2.03035 2.09712 2.32789 2.33775 2.22683 2.22877 2.18236 2.30287 2.23199 2.06595 2.1948 2.24004 2.09295 1.9848 2.29526 2.21936 2.19171 2.32879 2.38705 2.17375 2.14146 2.53108
1.47529 .920108 1.51867 1.64844 1.45482 1.44187 1.42733 1.51006 1.5315 1.45604 1.34944 1.34 1.25974 1.33934 1.40087 1.35975 1.36993 2.1 2.1 1.82467 1.91543 1.92274 1.90776 2.17763 1.8657 1.94185 2.10861 2.18374 2.24228 2.07034 2.02153 2.27862 2.28394 2.19275 2.25237 2.24235 2.25513 2.21934 2.33191 2.27478 1.93858 1.80562 1.89882 1.92796 1.92882 2.10181 2.37184 2.34608 2.57763 2.48957 2.37999 2.12078 2.17997 2.2781 2.197 2.20985 2.18878 2.20628 2.01944 1.91308 2.30628 2.15176 2.26276 2.49438 2.42944 2.17964 2.26558 2.43359
3.67119 1.43003 1.50708 1.48946 1.36659 1.38345 1.4204 1.54863 1.5753 1.72464 1.44531 1.63375 1.32393 1.33094 1.31338 1.3023 1.44352 2.1 1.8064 1.85901 1.93178 2.02247 2.0559 2.0364 2.09433 2.07257 2.07695 2.09394 2.08057 2.00287 1.92693 2.06646 2.22991 2.20353 2.20584 2.26382 2.02886 2.15655 2.1653 2.22575 1.88545 1.84034 2.28973 2.17331 2.19361 1.99775 2.43188 2.52908 2.48177 2.35792 2.41054 2.24532 2.32225 2.4851 2.18186 2.16949 2.30957 2.18701 2.1104 2.04083 2.41259 2.11443 2.36425 2.37474 2.20832 2.15919 2.2026 1.95275
3.11302 1.48984 1.61934 1.73816 1.40306 1.34283 1.37018 1.32646 1.35753 1.3637 1.39108 1.36656 1.38405 1.32651 1.38916 2.1 2.1 2.1 1.99164 1.91242 1.82131 1.90121 1.89086 1.97935 1.9661 1.90157 2.11156 2.14293 1.99302 1.98039 1.95454 2.12558 2.21445 2.10333 2.19961 2.24673 2.22063 2.25034 2.23366 2.04384 2.08649 2.01142 2.27079 2.17893 2.01066 2.27867 2.25706 2.20031 2.25428 2.34069 2.2917 2.24113 2.27667 2.26372 2.22109 2.11077 2.05546 2.21052 2.67834 2.41814 2.39891 2.37767 2.45359 2.50091 2.30193 2.21628 1.96076 2.05858
3.1281 2.0493 2.23531 2.14539 1.45528 1.21946 1.17073 1.21002 1.29864 1.49495 1.37474 1.39924 1.58812 1.39823 1.56049 2.1 1.73624 1.50793 1.70392 1.86464 1.81021 1.77829 1.79467 1.8319 1.90126 2.00522 2.15202 2.17572 2.05779 2.08816 2.21818 2.11076 1.94721 2.16041 2.30479 2.22335 2.319 2.2985 2.16833 2.11068 1.97714 2.16966 2.05621 2.05413 2.0535 2.28843 2.25055 2.28123 2.31962 2.47032 2.39858 2.30654 2.38019 2.29159 2.25407 2.11574 2.23439 2.66315 3.22358 2.72956 2.51886 2.24787 2.25833 2.35622 2.30713 2.29712 2.1996 2.1005
2.98353 2.19345 2.28068 2.24276 1.70114 1.3786 1.39242 1.60601 1.47234 1.54896 1.54521 1.50188 1.5731 2.1 2.1 2.1 1.72453 1.63859 1.66725 1.63241 1.72443 1.78538 1.7714 1.71404 1.93128 2.02362 1.94926 2.12817 1.85156 1.83496 2.14997 2.0755 1.97327 2.23061 2.19455 2.16481 2.21953 2.23671 2.12017 2.03386 2.20167 2.33751 2.1351 2.27925 2.14832 2.40431 2.30469 2.1423 2.52016 2.42604 2.42154 2.1666 2.36594 2.23575 2.25936 2.17784 2.25272 3.1298 3.35875 2.63593 2.68225 2.38368 2.37838 2.29802 2.43296 2.62624 2.58795 2.5849
2.39025 2.07941 2.11423 2.1086 1.80972 1.55993 1.61959 1.68641 1.71063 1.49629 1.58776 1.68521 2.1 2.1 4 4 4 4 4 4 4 4 1.58556 1.77486 2.08613 2.15557 1.98908 1.96483 2.12231 2.06501 2.06912 2.18676 1.97147 2.15363 2.05788 2.32746 2.21514 2.15079 2.18868 2.09243 2.28646 2.30184 2.3168 2.29819 2.22719 2.45605 2.40428 2.16944 2.36491 2.39727 2.31573 2.32007 2.24038 2.31697 2.30962 2.27264 2.59947 3.05688 3.30246 2.50955 2.37858 2.29766 2.41983 2.81246 2.35167 2.50244 2.62199 2.46684
1.76832 1.95241 2.28885 3.09041 2.1501 1.70115 1.72592 1.70041 1.7003 1.62866 1.79167 2.1 2.1 1.94815 1.83505 1.83123 1.83065 1.92658 1.45862 1.92303 1.91436 4 4 4 4 4 2.01706 1.99945 2.1259 2.0789 1.89846 2.24959 1.96383 2.26144 2.2146 2.21495 2.09765 1.95906 2.13743 2.27414 2.20982 2.14351 2.27674 2.34597 2.22 2.49019 2.37204 2.39622 2.40682 2.36504 2.42885 2.42025 2.30445 2.37839 2.37818 2.30945 2.75113 3.24788 2.89663 2.2278 2.47064 2.31379 2.45944 2.76049 2.814 2.5353 2.35652 2.58987
1.86527 2.11568 2.31951 3.00535 1.73909 1.71763 1.66309 1.90001 1.90874 1.73282 2.1 2.1 2.0038 1.89767 1.79608 1.80454 1.83628 1.7052 1.81028 1.88162 1.90082 1.9737 1.93516 1.83737 2.13276 4 4 2.19018 2.03792 2.18881 1.97292 2.14143 2.08736 2.10922 2.18096 2.09653 2.15634 2.1176 2.2603 2.26457 2.21835 2.43453 2.33316 2.33122 2.31641 2.29038 2.39871 2.30738 2.28988 2.42787 2.55718 2.6321 2.4211 2.49224 2.34375 2.28879 2.34302 2.96309 2.35797 2.32197 2.49044 2.35241 2.44638 2.50403 2.65291 2.4567 2.36747 2.73844
1.79372 2.05777 2.1952 1.97801 1.58862 1.70286 1.64424 1.99155 2.22886 2.1 2.1 2.11412 2.04335 2.06655 1.89324 1.90723 1.78538 1.71556 1.86663 1.92858 1.94022 1.89478 1.95629 2.03473 2.62038 1.97587 4 4 4 2.21545 1.98426 2.01165 2.02543 2.08681 2.36339 2.2221 2.08969 2.21288 2.29503 2.22895 2.39139 2.37676 2.23722 2.36039 2.42361 2.45412 2.3268 2.42112 2.30063 2.38619 2.45714 2.45822 2.33717 2.41346 2.31195 2.32073 2.39597 2.3481 2.2757 2.4821 2.41101 2.43845 2.53254 2.44601 2.60729 2.85613 2.95753 2.57771
1.76312 2.02422 2.07138 2.13244 1.76323 1.77528 1.68458 1.84846 2.1 2.1 2.25643 1.90983 1.98742 1.87327 1.85261 1.83863 1.89796 2.04927 1.93455 1.89476 1.95386 1.82035 1.86456 1.9454 1.99086 2.06514 2.0766 1.87999 4 4 4 2.08488 1.96078 1.90773 2.08117 2.01529 2.00129 2.18902 2.25452 2.18286 2.2283 2.1835 2.18476 2.31045 2.35192 2.27503 2.50037 2.25389 2.24673 2.34147 2.21575 2.27967 2.30998 2.2274 2.25023 2.16297 2.29965 2.30565 2.51188 2.53022 2.32672 2.67184 2.39106 2.30951 2.4314 2.65934 2.80158 2.70739
1.65067 1.73387 2.04964 1.922 1.76894 1.72408 1.57929 2.1 2.1 1.99886 2.17116 1.91938 2.1558 1.95908 1.77773 1.72762 1.76956 1.93909 1.82242 1.83016 1.83371 1.80762 1.9594 1.99845 2.20053 2.45682 2.17858 2.11033 2.25553 2.20547 4 4 4 2.19466 2.03128 2.09018 2.07847 2.28688 2.35965 2.34064 2.37612 2.43084 2.23976 2.23273 2.39392 2.2659 2.31393 2.2515 2.2833 2.35757 2.27971 2.2753 2.25562 2.24014 2.29022 2.25212 2.44158 2.37296 2.52537 2.44726 2.08255 2.34973 3.04522 2.49633 2.06217 2.42836 2.36446 2.50993
1.65787 1.45216 1.73939 1.75391 1.82077 1.70308 1.70997 2.1 2.06277 2.19995 2.0396 1.99635 2.12823 1.97032 2.05109 1.93861 1.91844 2.01619 1.97213 1.72604 1.79023 1.77714 2.03963 2.09529 2.0203 2.25861 2.12609 2.27585 2.22889 2.09103 1.90232 2.03343 4 4 4 2.08867 2.20734 2.34298 2.42808 2.53867 2.47235 2.5687 2.44155 2.26292 2.32099 2.28078 2.21876 2.28391 2.22501 2.35728 2.36139 2.37363 2.41822 2.34364 2.3518 2.44532 2.26415 2.48433 2.46432 2.16767 2.10408 1.99079 2.00367 1.95277 1.94935 2.02916 2.39175 2.27453
1.92382 1.66548 1.75436 1.90416 2.36542 1.7933 2.1 2.1 2.41304 2.10028 2.06073 2.01509 2.00816 2.06698 2.09508 2.04253 1.9506 1.85645 1.9313 1.90109 1.88686 1.86333 2.05123 2.20814 2.05189 2.05935 2.35742 2.26066 2.22927 2.08398 1.83926 2.41443 2.35174 2.38184 4 4 4 2.49135 2.19153 2.36932 2.33537 2.32015 2.28719 2.23122 2.35088 2.28883 2.08246 2.24855 2.11798 2.25728 2.60648 2.51387 2.36072 2.19941 2.19621 2.29936 2.10529 2.29098 2.15865 2.43279 1.97995 2.11826 2.26064 2.04821 1.88601 2.24004 2.30464 2.31465
2.10941 1.9953 2.05302 1.83241 2.02073 1.96395 2.1 2.08296 2.38095 2.15017 2.08489 2.1241 2.10047 2.11154 2.0965 1.99406 2.09796 1.93858 1.9184 1.96539 1.85958 2.06338 2.18332 2.20945 2.07099 2.09731 2.27936 2.34827 2.29166 1.96811 2.4557 2.52492 2.14548 2.24513 2.39086 2.09466 4 4 2.37319 2.61364 2.28741 2.27659 2.35995 2.32804 2.09822 2.11724 2.04523 2.09214 2.15937 2.41526 2.33101 2.16034 2.24827 2.11647 2.20628 1.99693 2.20097 2.18849 2.34439 2.14782 2.04504 2.09202 2.21767 2.27607 1.9986 2.17263 2.29792 2.29703
2.07393 2.11549 2.09582 2.1923 2.28549 2.33257 2.1 2.51603 2.37852 2.0432 1.96534 2.02216 1.93007 2.06847 2.10537 2.04069 2.11516 1.96948 1.92933 1.85865 2.18475 2.0786 2.28152 2.20479 2.23291 2.36763 2.65524 2.51932 2.19303 2.12569 2.33501 2.29575 2.26204 2.37375 2.25067 2.15136 2.09966 4 4 4 2.35112 2.39045 2.35309 2.12543 2.07646 2.22 2.31074 2.14895 2.19605 2.20745 2.37294 2.01418 2.08023 2.1066 2.36016 2.27437 2.17692 2.33397 2.43199 2.22468 2.16802 2.36889 2.05779 2.09139 2.03107 2.12685 2.32897 2.34189
2.2182 2.44321 2.39001 2.58942 2.60756 2.59434 2.45438 2.40845 2.22707 2.24445 2.11019 2.10962 2.15168 2.19782 2.15999 2.12841 2.1676 1.98832 2.08432 2.18842 2.2724 2.29248 2.25865 2.26082 2.34473 2.31082 2.4536 2.42547 2.03605 2.43958 2.36878 2.19486 2.24813 2.53913 2.36538 2.21763 2.22595 1.9796 2.00363 4 4 4 2.39053 2.21985 2.24566 2.32858 2.55804 2.29516 2.1306 2.07886 2.31898 2.21265 2.194 2.15806 2.16942 2.69298 2.78762 2.49268 2.29284 2.27501 2.29397 2.67607 2.76046 2.31618 2.24814 2.16276 2.20958 2.48805
3.53889 3.40519 2.71741 2.79091 2.84122 2.49237 2.90208 2.90131 2.66281 2.35014 2.36893 2.14967 2.26996 2.2996 2.27855 2.30718 2.39322 2.22326 2.24472 2.24304 2.32167 2.3946 2.42017 2.19364 2.4246 2.32942 2.37233 2.3059 2.14151 2.50778 2.35162 2.411 2.2578 2.27355 2.44815 2.41156 2.10433 2.16313 2.23417 2.26127 2.59024 4 4 4 2.18153 2.29239 2.54569 2.16924 2.09238 2.27009 2.19617 2.23903 2.42539 1.90116 2.6534 2.9202 2.9904 2.61913 2.36561 2.28387 2.31886 2.75614 2.76729 2.35385 2.38171 2.34699 2.47823 2.32386
3.26111 2.82803 2.65081 2.80966 2.37521 2.8845 2.92367 3.01407 2.98856 2.69995 2.60551 2.57336 2.47734 2.51992 2.46355 2.48415 2.35861 2.32172 2.40354 2.33638 2.38105 2.31096 2.26241 2.24484 2.26019 2.32092 2.39571 2.19881 2.67728 2.53369 2.42193 2.49589 2.46285 2.33727 2.40215 2.43317 2.16149 2.1243 2.39158 2.43592 2.28871 2.2389 1.94739 4 4 2.28785 2.28551 2.14148 2.14262 2.4923 2.15379 1.60616 1.76179 2.32963 2.78567 3.00153 3.12352 2.45813 2.55285 2.23903 2.22018 2.30207 2.31401 2.39453 2.35662 2.4965 2.55993 2.40523
3.15854 2.45976 2.36896 2.5507 2.18688 2.20278 2.82039 2.91587 2.75333 2.89765 3.00018 2.58697 2.70954 2.55815 2.62969 2.47964 2.37039 2.32325 2.25317 2.26848 2.32726 2.22386 2.25982 2.30687 2.09601 1.89361 2.25167 2.28164 2.44686 2.45247 2.43758 2.56687 2.46878 2.48286 2.54809 2.42597 2.22469 2.27263 2.33206 2.44664 2.19652 2.27883 2.02366 1.66007 4 4 2.16839 1.989 2.22059 2.24498 1.86743 1.58539 1.81225 2.65737 2.76894 2.86679 2.66937 2.48549 2.48306 2.28905 2.68015 2.55283 2.33254 2.59627 2.42682 2.92676 2.24023 2.65317
3.01961 2.39517 2.63151 2.18651 1.78064 2.19747 2.65787 2.77455 2.71856 2.7699 2.65638 2.87184 2.62532 2.6943 2.69037 2.55013 2.41086 2.38543 2.41261 2.38037 2.26232 2.45956 2.2761 2.24419 1.90659 1.79498 2.09066 2.29927 2.36803 2.3397 2.43199 2.55074 2.54329 2.62744 2.444 2.37082 2.30397 2.31665 2.25607 2.46811 2.60954 2.28145 2.22615 2.02058 1.80381 4 4 4 2.18143 2.58592 2.51598 1.91277 2.44815 2.78079 2.76837 2.69463 2.66951 2.46512 3.67987 5.38126 2.85765 2.9026 2.62947 2.61482 3.15076 2.49985 2.45046 2.29915
2.82514 2.44901 2.43467 2.41233 2.32325 2.52272 2.59559 2.67173 2.66811 2.86382 2.87859 2.88345 2.97968 3.05157 3.00962 3.05414 2.92212 2.82635 2.50776 2.45317 2.30203 2.30088 2.34325 2.23126 2.30786 2.08366 2.32223 2.47285 2.48136 2.70505 2.69828 2.58983 2.538 2.70022 2.65903 2.59405 2.62499 2.31027 2.41463 2.29601 2.3634 2.29898 2.16301 2.21833 2.23992 1.79241 2.13358 4 4 4 2.72586 2.2749 2.52693 2.69653 2.7112 2.56789 2.74023 2.70136 7.00629 9.18942 3.93474 2.69009 2.53754 4 3.17115 2.44267 2.11305 2.15466
2.63877 2.69996 2.33028 3.06234 2.65168 2.57477 2.39857 2.66886 2.90276 2.90372 2.97062 3.34775 3.22895 3.21605 3.38719 3.2928 3.41078 3.33434 3.0784 2.98843 2.50867 2.2416 2.28998 2.27594 2.42721 2.40581 2.43338 2.91123 2.4107 2.77244 2.57944 2.66022 2.71517 2.56627 2.41393 2.64098 2.66651 2.28868 2.26072 2.37614 2.5258 2.28703 2.22382 2.13199 2.04315 1.906 2.76656 3.69234 3.76808 4 4 4 2.48328 2.56472 2.52345 2.66458 2.7883 2.78452 4.54913 4.19202 2.60413 4 4 4 4 2.28486 1.84382 1.93453
2.66722 2.39693 2.78459 2.96648 2.87428 2.83513 2.88157 3.00842 3.02898 3.01709 3.15725 3.18206 3.27226 3.42525 3.19035 3.35863 3.37759 3.34968 3.31863 3.39321 3.14257 2.72657 2.45851 2.44529 2.23435 2.42249 2.24732 2.31694 2.60458 2.90038 2.56321 2.7186 2.60962 2.63095 2.59599 2.51825 2.46794 2.35621 2.33658 2.50943 2.40335 2.24141 2.19603 2.22561 2.18429 1.96942 2.69718 3.82343 4.07341 4.14955 3.61407 4 4 2.36335 2.62311 2.65688 4 4 4 4 4 4 3.45929 2.90504 2.53685 2.15357 1.98406 2.10592
2.87912 2.73738 2.8109 2.86804 2.81103 2.96622 3.00419 2.97822 3.05841 3.06633 3.01037 3.08359 3.40509 3.22105 3.18447 3.34701 3.14939 3.26926 3.32556 3.37521 3.344 3.13343 3.06552 2.69314 2.48169 2.52088 2.254 2.41017 2.88151 2.72815 2.7338 2.6747 2.65727 2.66337 2.53179 2.44889 2.69069 2.33095 2.47606 2.40614 2.25443 2.36192 2.09697 2.01505 1.9669 1.97615 3.40199 3.99917 4.26487 4.22667 3.65208 3.89783 4 4 4 4 4 2.8355 2.76097 2.60024 2.39565 3.41334 3.35606 2.22763 2.39943 2.2181 2.13761 2.10172
