test/DeltaShell.Plugins.DelftModels.HydroModel.Tests/test-data/AcceptanceModels/SOBEK2/Jakarta/FIXED/gis/aSC/Astra_25m.asc
ncols 198
nrows 174
xllcorner 239109.859
yllcorner 818564.977
cellsize 25
nodata_value -9999
[rows 60 to 89 of 174, columns 0 to 66 of 198]
1.59881 1.4665 1.40002 1.25092 1.518 1.48813 1.58444 1.53879 1.4519 1.60031 1.50516 1.48172 1.56219 2.1 2.1 1.9035 1.97897 1.82709 1.04445 1.45255 1.64364 1.41569 1.40984 1.58464 1.71837 1.59705 1.58512 1.52627 1.4891 1.52068 1.39129 1.60156 1.54938 1.4103 1.78418 1.41878 1.48936 1.45966 1.49864 1.43987 1.52531 1.38277 1.4708 1.70642 1.42591 1.47058 1.5282 1.4481 1.58821 1.44877 1.48892 1.42547 1.6403 1.45187 2.0226 2.16468 1.57258 .980536 1.22536 1.17665 1.4008 1.39043 1.45842 1.32382 1.32529 1.28862 1.12165
1.81399 1.54516 1.87727 1.30834 1.62998 1.43135 1.66666 1.4607 1.57434 1.57173 1.63144 1.44349 1.56936 1.56112 2.1 1.77254 1.92728 1.79126 1.37822 1.35716 1.37952 1.3622 1.39561 1.53001 1.49234 1.60522 1.71229 1.70423 1.52395 1.43779 1.28317 1.42554 1.29748 1.31884 1.54825 1.31713 1.35513 1.49346 1.30172 1.49597 1.42979 1.3361 1.35889 1.27692 1.4455 1.73969 1.3103 1.4027 1.41671 1.38082 1.4408 1.42335 1.45108 1.34609 1.68057 2.04183 1.77494 .93683 1.16247 1.22707 1.15064 1.1581 1.18734 1.15828 1.09124 1.25673 1.39285
1.79778 1.53773 1.78654 1.37757 1.63341 1.48678 1.7986 1.46598 1.57902 1.46198 1.56257 1.3867 1.48225 2.1 2.1 1.74874 1.85327 1.96768 1.40521 1.17141 1.53995 1.39115 1.29077 1.40525 1.66664 1.69133 1.57233 1.71836 1.66564 1.59333 1.55245 1.34467 1.41579 1.52702 1.47642 1.53696 1.41693 1.55487 1.33143 1.62083 1.52002 1.58405 1.39496 1.13863 1.29298 1.37558 1.53068 1.34021 1.58781 1.46334 1.63424 1.52575 1.46033 1.30174 1.53592 1.84622 1.81962 .998372 1.09189 1.22856 1.2645 1.22064 1.25327 1.31355 1.2052 1.32189 1.19839
1.90878 1.61722 1.80137 1.44323 1.46654 1.44227 1.55379 1.38207 1.57869 1.27624 1.66759 1.37643 1.44533 2.1 1.53578 1.72669 1.88225 1.92649 1.59981 1.05249 1.44953 1.41942 1.34217 1.37552 1.61584 1.62837 1.39086 1.61675 1.60501 1.3604 1.19989 1.40119 1.49495 1.49488 1.36767 1.5422 1.4108 1.39782 1.17254 1.34608 1.50273 1.54156 1.43895 1.37073 1.6375 1.61252 1.35428 1.34157 1.22675 1.23314 1.30896 1.39315 1.62508 1.66025 1.39098 1.66475 1.6864 1.02877 1.08239 1.17013 1.22788 1.00335 1.10591 1.22476 1.1913 1.03039 .962402
1.55165 1.42076 1.67568 1.6053 1.35276 1.40946 1.56704 1.41557 1.43806 1.32008 1.44907 1.3222 1.43322 2.1 1.50948 1.66952 1.85 1.91528 1.76637 1.13266 1.31723 1.30956 1.35126 1.31748 1.53858 1.54021 1.28413 1.37668 1.44373 1.25522 1.21549 1.33804 1.42202 1.34161 1.41635 1.72281 1.62097 1.70548 1.56436 1.5731 2.13755 1.77064 1.47876 1.35236 1.33955 1.51669 1.46819 1.47381 1.4477 1.77904 1.86631 1.95842 2.08444 2.13793 1.30514 1.36768 1.32607 1.10267 1.21929 1.15138 .998885 1.07055 1.18425 1.13571 1.02643 1.17371 1.24638
1.7618 1.58526 1.43278 1.46534 1.2147 1.28413 1.22269 1.31694 1.31294 1.35524 1.72367 1.45302 1.40198 2.1 1.43465 1.57529 1.68375 1.9365 1.79958 1.08101 1.35543 1.43745 1.27299 1.33646 1.41418 1.52488 1.27586 1.21157 1.31106 1.2517 1.39757 1.28998 1.3449 1.55668 1.43521 1.69073 1.90076 1.71558 1.67515 1.43192 1.56611 1.70625 1.637 1.33251 1.3503 1.77832 1.99777 2.02013 1.84523 1.87697 1.63758 1.82309 1.75321 1.63629 1.11111 1.01884 1.11726 1.09174 1.25989 1.31086 1.30956 1.55091 1.50985 1.6793 1.3584 1.50128 1.40038
1.36929 1.50194 1.3696 1.54839 1.25515 1.40763 1.38766 1.58487 1.31541 1.42215 1.6099 1.51197 1.38043 2.1 2.1 1.72871 1.76496 1.93806 1.8314 1.03822 1.31342 1.5546 1.21892 1.24635 1.30569 1.37368 1.16629 1.28355 1.74834 1.51491 1.5171 1.34688 1.38773 1.26823 1.26618 1.43631 1.45609 1.55226 1.63257 1.74542 1.59568 2.02686 2.43303 1.45981 1.61101 1.60459 1.95849 1.8716 1.52427 1.19426 1.08826 .991464 1.04454 1.00554 1.22323 1.45027 1.43387 1.42269 1.49434 1.4538 1.54474 1.74084 1.55509 1.68709 1.25375 1.48414 1.47899
1.52537 1.73412 1.4523 1.74768 1.26266 1.47801 1.39615 1.59664 1.37963 1.5198 1.38076 1.5862 1.32264 1.45655 2.1 1.57005 1.51883 1.71325 1.69455 1.20339 1.02031 1.43419 1.19409 1.28671 1.33696 1.28129 1.31693 1.30246 1.31989 1.34652 1.23891 1.51382 1.30005 1.23649 1.28283 1.51993 1.59922 1.48991 1.52448 1.48791 1.49147 1.99582 1.90805 1.26548 1.2663 1.07643 1.0578 .949467 1.15929 1.13655 1.69004 1.44127 1.35367 1.34175 1.64443 1.32966 1.2764 1.21751 1.40555 1.26447 1.27656 1.28637 1.18147 1.81296 1.38716 1.67023 1.48918
1.39187 1.51812 1.36709 1.69494 1.3335 1.42546 1.36053 1.69585 1.30166 1.62893 1.30412 1.52807 1.24198 1.33131 2.1 2.1 1.4482 1.53623 1.54721 1.31727 .887879 1.21895 1.15195 1.3795 1.36068 1.3619 1.36218 1.24617 1.31243 1.43672 1.51952 1.60712 1.48466 1.47348 1.42282 1.42696 1.62629 1.47547 1.34799 1.10089 1.08041 .925342 .97278 .968291 1.32189 1.47107 1.59798 1.67635 1.45883 1.57036 1.85503 1.48964 1.21199 1.41447 1.32815 1.31283 1.43935 1.26242 1.1715 1.31852 1.3788 1.38375 1.04244 1.636 1.43788 1.36235 1.27554
1.5561 1.54669 1.33027 1.58247 1.43371 1.3487 1.29451 1.50862 1.30699 1.65797 1.30709 1.68316 1.35216 1.35823 1.3503 2.1 1.56182 1.57642 1.61217 1.51686 .988337 1.61386 1.5602 1.48371 1.59325 1.5451 1.52134 1.48403 1.5341 1.52677 1.5919 1.57819 1.57475 1.33631 1.16597 .835473 .986888 1.03226 1.22124 1.17765 1.59489 1.8033 1.6609 1.8732 1.77972 1.60474 1.52238 1.71378 1.60541 1.52754 1.50101 1.43587 1.16522 1.51038 1.31329 1.71338 1.75298 1.30509 1.14489 1.23987 1.22496 1.10009 1.06257 1.58288 1.63667 1.328 1.27155
1.43656 1.50708 1.49982 1.4846 1.56359 1.31231 1.46666 1.23216 1.23698 1.39552 1.26657 1.70607 1.40964 1.44145 1.36307 2.1 2.11973 1.6861 1.68338 1.60319 .992148 1.50702 1.75174 1.6318 1.67725 1.61943 1.6306 1.3164 1.27429 1.01278 .976242 .899571 1.48397 1.45927 1.38149 1.68159 1.63185 1.52118 2.02374 1.35979 1.88301 1.94206 1.76092 1.8605 1.77659 1.55902 1.38329 1.42201 1.35872 1.24705 1.30529 1.56818 1.36739 1.40303 1.27659 1.38464 1.10995 1.16533 1.29881 1.16337 1.20636 1.21345 1.12664 1.52186 1.82448 1.43109 1.48116
1.36013 1.37242 1.36048 1.44762 1.5515 1.24368 1.64564 1.20863 1.24837 1.31308 1.27667 1.57222 1.41225 1.3961 1.44641 2.1 1.60649 1.60785 2.01157 1.82458 1.14459 1.56295 1.52829 1.20636 1.0133 .914901 .794876 .977764 1.18654 1.13612 1.37203 1.5028 2.06488 2.17292 1.8742 1.96769 1.42065 1.47071 1.68733 1.49915 1.83855 1.61445 1.22142 1.1989 1.28169 1.26752 1.22496 1.25264 1.34146 1.32971 1.73818 1.45576 1.44007 1.47583 1.40792 1.35899 1.25074 1.19536 1.31538 1.35895 1.33862 1.43166 1.19504 1.31286 1.81103 1.53673 1.87078
1.2868 1.45266 1.62752 1.44692 1.4768 1.2254 1.37769 1.18442 1.2962 1.38856 1.45741 1.42887 1.4633 1.32605 1.35691 2.1 1.31366 1.21779 1.11784 1.2626 .963099 .911704 1.13468 1.19737 1.28526 1.35574 1.4244 1.39655 1.26348 1.31958 1.47121 1.63469 1.72542 1.58867 1.50439 1.34616 1.52277 1.51182 1.37925 1.4572 1.40062 1.35782 1.32388 1.23462 1.3318 1.21954 1.20528 1.25688 1.24932 1.19426 1.36301 1.43139 1.5392 1.49925 1.42932 1.33083 1.33621 1.25549 1.25966 1.20046 1.19191 1.34588 1.27769 1.19035 1.60312 1.36991 1.26436
1.28154 1.30567 1.28955 1.28121 1.30096 1.23651 1.49733 1.44313 1.51798 1.49966 1.41915 1.35503 1.45973 1.56456 2.1 2.1 .905834 1.24926 1.27638 1.3019 1.28759 .944236 1.41119 1.47005 1.43555 1.53116 1.43563 1.50569 1.42175 1.51581 1.3984 1.64329 1.34492 1.25066 1.33967 1.54607 1.3163 1.33933 1.33176 1.35473 1.31028 1.51424 1.38538 1.20426 1.17314 1.44029 1.29417 1.38711 1.38348 1.25897 1.40062 1.50596 1.35521 1.21799 1.20615 1.23752 1.51177 1.55617 1.56978 1.26376 1.24759 1.34543 1.3065 1.21793 1.47577 1.33223 1.41647
1.69771 1.61137 1.57828 1.46659 1.26197 1.24919 1.27691 1.31821 1.30319 1.31239 1.29953 1.55536 1.79479 1.56883 1.47387 2.1 1.50673 1.63432 1.58778 1.61408 1.346 1.00763 1.47221 1.56899 1.55187 1.59128 1.6357 1.76054 1.73185 1.51905 1.28212 1.5382 1.19022 1.11622 1.51448 1.36619 1.19665 1.52062 1.3884 1.66609 1.32844 1.3498 1.39001 1.34691 1.27041 1.43016 1.42135 1.41296 1.56666 1.35462 1.2026 1.47183 1.48545 1.20361 1.36438 1.34904 1.32375 1.3546 1.34606 1.37731 1.50884 1.45995 1.37809 1.28407 1.40746 1.28821 1.51418
1.28796 1.2097 1.20156 1.20489 1.16866 1.21798 1.35735 1.76505 1.99714 2.2446 2.57256 2.82962 2.79144 2.25285 1.30001 2.1 2.1 1.57784 1.61039 1.7052 1.62575 1.15077 1.33447 1.46508 1.44996 1.31249 1.46613 1.50508 1.42805 1.30064 1.17601 1.45686 1.13945 1.24092 1.3056 1.22226 1.06631 1.53595 1.31563 1.60999 1.35366 1.42726 1.39709 1.23625 1.48014 1.66324 1.50307 1.37268 1.5418 1.29103 1.20511 1.29187 1.50672 1.27744 1.49761 1.38298 1.46457 1.38779 1.41549 1.33604 1.33812 1.46463 1.56236 1.60687 1.42434 1.39407 1.46457
.992989 .905811 1.22884 1.78798 2.41013 2.38129 2.10886 2.79877 2.84069 2.83342 2.9746 2.89056 2.7811 2.51802 1.38871 1.40652 2.1 1.52043 1.62302 1.73837 1.61536 1.21412 1.4749 1.73306 1.50795 1.25412 1.36465 1.31847 1.29069 1.31253 1.42081 1.78901 1.4013 1.2461 1.34258 1.29012 1.24284 1.37651 1.33953 1.58677 1.37329 1.33159 1.42618 1.25961 1.47292 1.57543 1.47217 1.6299 1.68131 1.48329 1.25408 1.45401 1.62671 1.3387 1.50702 1.38211 1.28882 1.57211 1.48691 1.84988 1.57524 1.7122 1.88112 1.48348 1.4222 1.74389 1.5256
-2.2462 1.45938 2.488 2.78721 2.89173 3.21721 2.52135 2.80448 2.75328 2.84094 2.83536 2.95588 2.70108 2.51926 1.75027 1.41052 2.1 1.80912 1.85652 1.8151 1.62724 1.22919 1.38563 1.81496 1.75023 1.47064 1.39646 1.40554 1.10299 1.36862 1.44566 1.8582 1.50297 1.25135 1.51668 1.61527 1.38177 1.22638 1.14207 1.44682 1.49599 1.35893 1.56357 1.33077 1.62776 1.55623 1.3804 1.39641 1.41276 1.31544 1.25043 1.61051 1.31314 1.3326 1.50548 1.51899 1.30282 1.49821 1.30393 1.42743 1.36582 1.26073 1.21869 1.19146 1.30883 1.62907 1.50086
.585214 3.10743 3.26858 3.37041 3.58861 2.66947 2.44255 2.72781 2.90885 3.13253 2.92456 2.94252 2.69956 2.63887 1.87491 1.37314 2.1 1.68007 1.91168 1.95838 1.76748 1.34746 1.20952 1.71828 1.79722 1.48602 1.43718 1.35905 1.26714 1.32933 1.46199 1.48328 1.2788 1.33629 1.35909 1.35802 1.67005 1.36171 1.2127 1.74278 1.78243 1.33208 1.52516 1.40709 1.6534 1.59635 1.44052 1.39112 1.53864 1.31985 1.22153 1.73234 1.72095 1.30882 1.47746 1.46505 1.1021 1.16974 1.26025 1.37343 1.62776 1.40196 1.38495 1.26456 1.30942 1.56127 1.3413
2.11743 2.73809 3.05722 3.06521 3.20735 3.17027 2.65099 2.63323 2.83056 2.78435 2.90313 2.93788 2.79909 2.74899 2.10209 1.43888 2.1 2.13612 2.34083 1.8828 1.84348 1.55498 1.00838 1.9589 1.96943 1.57669 1.28762 1.22748 1.35608 1.13127 1.42203 1.23747 1.29476 1.15875 1.46196 1.89257 1.40775 1.30881 1.33867 1.43605 1.44889 1.3364 1.59717 1.37316 1.53131 1.5381 1.41267 1.54491 1.44305 1.44306 1.56822 1.53118 1.46945 1.31138 1.22827 1.32532 1.26435 1.5441 1.67778 1.73236 1.87584 1.6606 1.31477 1.29447 1.3276 1.2395 1.26721
2.04429 2.66856 2.83647 2.81379 3.3175 3.30315 2.77367 2.47285 2.79108 2.93918 3.02711 2.845 2.63041 2.74626 2.31411 1.38977 2.1 1.69662 1.98189 1.98147 2.01841 1.77487 .897412 1.84294 1.96647 1.43157 1.38629 1.11236 1.31024 1.35877 1.47718 1.23845 1.24438 1.13129 1.33662 1.8737 1.43552 1.51186 1.43948 1.29373 1.33595 1.33048 1.36379 1.43636 1.56259 1.62922 1.49291 1.59264 1.41087 1.45488 1.61698 1.50632 1.36043 1.25493 1.24381 1.44732 1.35931 1.53284 1.70674 1.53188 1.44218 1.43986 1.56601 1.47684 1.25865 1.40131 1.65771
1.52246 2.53104 3.47209 2.45159 2.96553 3.42277 3.05669 2.53126 2.90782 2.83962 2.89013 2.8901 2.74309 2.7882 2.50094 1.64708 2.1 1.38906 1.53805 1.58878 1.66588 1.75408 1.13898 1.71784 1.50631 1.47824 1.3798 1.51095 1.40174 1.54156 1.56711 1.41282 1.53878 1.6868 1.57064 1.48692 1.43192 1.49579 1.31641 1.29246 1.27743 1.2853 1.50083 1.49735 1.43831 1.38063 1.32385 1.33014 1.4297 1.40453 1.42453 1.39908 1.40007 1.48754 1.12579 1.67099 1.3203 1.35729 1.48864 1.2367 1.38228 1.47277 1.61625 1.46861 1.11995 1.27024 1.47991
1.2804 2.46996 3.34598 3.17096 2.69023 3.43509 3.30436 2.49848 2.74845 2.85133 2.88923 2.752 2.65746 2.51147 2.45813 2.08837 2.32423 2.1 1.69502 1.83753 1.73502 1.92967 1.32652 1.31711 1.42114 1.60937 1.39391 1.51844 1.66419 1.60554 1.47202 1.42741 1.27927 1.37456 1.22377 1.26619 1.38221 1.63212 1.44362 1.39951 1.60995 1.41723 1.55695 1.50349 1.41309 1.43782 1.49022 1.61782 1.53377 1.3932 1.39047 1.45203 1.73369 1.70204 1.30164 2.16707 1.6669 1.4003 1.4413 1.4971 1.59029 1.42123 1.59671 1.49412 1.27819 1.36609 1.76419
.966402 2.20486 3.30941 3.49337 2.09172 2.97102 2.89859 2.60136 2.55954 2.57161 2.63935 2.66869 2.69499 2.56888 2.75095 2.43325 1.87836 2.1 2.1 2.08442 2.13476 2.25014 1.4623 1.37721 2.04287 1.62669 1.27967 1.24784 1.25191 1.19145 1.46691 1.46003 1.56253 1.43672 1.56001 1.37659 1.45686 1.7392 1.45368 1.43911 1.72233 1.68592 1.43531 1.51393 1.42668 1.54736 1.4559 1.54071 1.60573 1.62509 1.56557 1.46441 1.69836 1.56651 1.22907 1.63115 1.70617 1.37196 1.46061 1.54063 1.59805 1.4317 1.4675 1.42649 1.48186 1.40356 1.49488
1.08643 1.79039 2.46821 2.39515 2.44641 2.68018 2.64375 2.62424 2.64004 2.88744 2.81302 2.72892 2.83879 2.65466 2.91313 2.61936 1.77821 1.52567 2.1 1.7782 2.03139 1.93602 1.63197 1.00898 1.62808 1.64057 1.45748 1.4567 1.45803 1.36942 1.573 1.47301 1.72815 1.38411 1.61818 1.45962 1.63345 1.48055 1.3848 1.49131 1.57264 1.62342 1.40177 1.52679 1.55545 1.82593 1.70073 1.76001 1.70747 1.63718 1.50634 1.42334 1.57196 1.61022 1.36066 1.51771 1.66598 1.42323 1.5385 1.75129 1.55633 1.50619 1.34385 1.36307 1.43353 1.27771 1.38785
1.21433 1.35669 2.36236 2.6518 2.72894 2.82835 2.77877 2.70729 2.61595 2.40206 2.47338 2.65075 2.68302 2.46299 2.93404 2.66627 1.8268 1.48829 2.1 1.81725 1.80279 1.75154 1.54728 1.10131 1.56807 1.70939 1.54823 1.76398 1.40734 1.55259 1.31796 1.23918 1.47062 1.39092 1.38985 1.46174 1.69336 1.52043 1.51998 1.43887 1.31387 1.38524 1.49931 1.6663 1.53089 1.58862 1.61029 1.6327 1.56692 1.58992 1.10331 1.14405 1.8332 1.90388 1.42077 1.45835 1.49687 1.47025 1.56444 1.63145 1.44666 1.35826 1.2792 1.55492 1.33645 1.29637 1.3632
1.27244 1.57571 2.27343 2.48347 2.6491 2.5183 2.53395 2.51889 2.38823 2.31093 2.36067 2.39102 2.54226 2.43504 2.9279 2.66813 1.61885 1.54762 2.1 1.73506 1.80992 1.7999 1.75287 1.10262 1.32726 1.72695 1.56762 1.47743 1.40623 1.48793 1.4554 1.56246 1.52805 1.57587 1.55301 1.31571 1.46392 1.4789 1.36438 1.35624 1.53905 1.69018 1.57088 1.64124 1.5909 1.57523 1.64573 1.43751 1.54115 1.43157 1.23271 1.16985 1.52547 1.55702 1.39613 1.31624 1.71579 1.43511 1.4709 1.59828 1.68009 1.46908 1.36532 1.54277 1.46598 1.38328 1.47808
1.79356 1.15631 1.88686 2.42625 2.92904 2.48688 2.41572 2.55523 2.57417 2.43918 2.3415 2.32379 2.61796 2.68676 3.1302 2.77176 1.66196 1.59509 2.1 1.82764 1.99915 2.1265 2.04221 1.10836 1.31986 1.91365 1.85447 1.317 1.53284 1.56546 1.67795 1.55724 1.40509 1.33561 1.74822 1.82825 1.62391 1.6062 1.59359 1.42647 1.56164 1.63829 1.54804 1.54624 1.46895 1.3172 1.40751 1.28842 1.57824 1.35322 1.29779 1.55308 1.35343 1.69397 1.61009 1.18945 1.55623 1.35802 1.29244 1.50954 1.52938 1.39594 1.5584 1.63608 1.44487 1.41641 1.40944
2.30799 1.32577 1.65674 2.67998 3.23778 2.32344 2.30303 2.57245 2.49474 2.31057 2.27143 2.49979 2.69707 3.0294 2.67426 2.39813 1.37247 1.51362 2.1 2.4339 2.49985 2.60733 2.50675 1.41094 .937104 1.47098 1.44555 1.31638 1.60169 1.30089 1.30904 1.40685 1.41601 1.46358 1.56102 1.61399 1.52732 1.56128 1.52329 1.67393 1.40795 1.79879 1.86882 1.56235 1.5713 1.50289 1.61941 1.39033 1.53354 1.40987 1.28957 1.43634 1.32654 1.56016 1.57312 1.29053 1.82743 1.67651 1.24568 1.42584 1.48214 1.47706 1.50117 1.53179 1.47546 1.54178 1.34974
2.00329 1.60495 1.31837 2.49943 2.38375 2.31223 2.40366 2.44978 2.4792 2.59391 2.74189 2.90617 3.03173 3.11808 1.54107 1.24326 1.36906 1.54539 2.1 2.13514 2.18183 2.23899 2.10815 1.40016 .814249 1.38157 1.63389 1.35568 1.40398 1.42385 1.59281 1.74827 1.371 1.3364 1.62447 1.52393 1.52572 1.52314 1.55413 1.50562 1.45475 2.06913 2.07399 1.58776 1.55371 1.42438 1.47396 1.64912 1.76579 1.57788 1.43696 1.75923 1.18186 1.56951 1.41687 1.36362 1.43511 1.54147 1.415 1.63797 1.73879 1.72651 1.80707 1.69769 1.51892 1.42694 1.24267
