test/DeltaShell.Plugins.DelftModels.HydroModel.Tests/test-data/AcceptanceModels/SOBEK2/Jakarta/FIXED/gis/aSC/Astra_25m.asc
ncols 198
nrows 174
xllcorner 239109.859
yllcorner 818564.977
cellsize 25
nodata_value -9999
[rows 120 to 149 of 174, columns 0 to 66 of 198]
2.01825 2.09657 2.44103 2.62828 2.63992 2.52413 2.76353 2.61068 2.54648 2.07497 2.00233 2.13576 2.11737 2.14548 1.89803 1.67701 1.78113 1.77576 1.58568 1.6593 1.7248 1.83592 1.822 1.86019 1.67982 1.54422 1.69096 1.84654 1.88993 1.87363 1.91343 1.93129 1.61866 2.1 2.1 2.58558 2.64059 1.87656 1.69328 1.72707 1.58437 1.72116 1.72066 1.7537 1.97884 2.03926 1.92669 1.95976 1.95691 1.94931 1.78958 1.82785 1.75514 1.80052 1.92814 1.90922 2.05693 1.97642 2.06519 1.92199 1.98426 1.90703 1.85705 1.68691 1.65917 1.72084 1.88019
2.34627 2.31479 2.86171 2.85135 3.15456 2.20858 2.20598 2.48907 2.88183 2.20153 2.05369 2.23086 2.2367 2.26437 1.99609 1.71084 1.8793 1.57978 1.63053 1.7279 1.75293 1.64768 1.77528 1.81381 1.60087 1.58825 1.64031 1.89282 1.92353 1.9058 1.93143 1.93399 1.67839 1.73309 2.1 1.86895 1.74588 1.6049 1.72708 1.74637 1.63505 1.83674 1.92749 2.04524 1.99628 2.01748 1.96912 1.96092 2.01763 1.9369 1.74291 1.97267 1.84195 1.76585 1.82856 1.98625 1.89879 2.06964 1.94605 1.9147 2.14331 1.79392 2.06855 1.86006 2.16214 2.11423 1.95257
2.37535 2.28592 2.7923 2.82629 2.87611 2.66327 2.56365 2.46564 2.49882 2.38061 1.88179 1.75306 1.62727 1.7741 1.83304 1.8032 1.56195 1.55095 1.51585 1.55482 1.48438 1.40164 1.40504 1.50359 1.56994 1.58336 1.63857 1.85701 1.85713 1.88663 1.93152 1.95751 1.73697 1.69011 2.1 2.1 1.7736 1.88546 1.89162 1.75318 1.64711 1.71442 1.78896 1.90105 1.96798 1.97245 1.90108 1.7865 1.88952 1.92738 1.85552 2.052 1.91488 1.92869 1.97497 1.92388 1.82045 1.80782 2.02278 2.08292 2.06716 1.97273 2.07013 1.92302 2.12271 2.26237 2.24767
2.47708 2.47177 2.24238 2.36239 1.81264 1.76472 1.68276 1.40919 1.35592 1.51267 1.24037 1.27165 1.39711 1.51366 1.67281 1.66268 1.4989 1.31854 1.29666 1.344 1.31218 1.36862 1.3953 1.45393 1.55844 1.69479 1.70024 1.76269 1.72536 1.72495 1.7347 1.81369 1.7303 1.6964 2.1 2.11291 2.6667 2.35749 1.9932 1.97275 1.79209 1.77145 1.90255 1.95753 1.89124 1.96503 1.96868 1.75091 1.90256 1.75826 1.86506 2.05198 1.97846 2.02947 2.13555 1.88731 1.96583 1.93993 1.86149 1.97134 1.90638 2.33996 2.13476 2.10927 2.02716 1.91843 2.1032
1.21554 1.40509 1.22827 1.2364 1.23729 1.20323 1.18898 1.18033 1.16092 1.13631 1.10025 1.10485 1.17457 1.29446 1.48208 1.47819 1.37651 1.29698 1.27038 1.33274 1.4599 1.68783 1.92803 1.99626 1.84074 1.7305 1.74433 1.84739 1.80026 1.78342 1.76698 1.74585 1.71137 2.1 2.1 1.87811 2.15215 2.5328 1.79727 1.67831 1.94668 1.94526 1.95378 1.88866 1.86476 1.81515 1.92897 1.86397 1.84041 1.69459 1.87862 1.98775 1.98263 1.83101 1.98176 2.1551 2.17605 2.00637 2.03943 2.18265 2.12251 2.3596 2.44782 2.17023 2.15281 1.98937 2.0124
1.10362 1.06973 1.0398 1.05641 1.05559 1.06824 1.11185 1.12657 1.15828 1.15658 1.25181 1.24568 1.34123 1.43451 1.36993 1.31938 1.40214 1.26483 1.47702 1.52675 1.7654 2.40097 2.48061 2.38872 1.8793 1.69269 1.68324 1.83246 1.84787 1.83749 1.86228 1.8814 1.74316 2.1 1.62014 1.91526 2.02408 1.97412 1.9246 1.90821 1.92386 2.25352 2.16414 1.90813 1.76922 1.76976 1.87251 1.8687 1.74783 1.74418 1.74087 1.91112 1.90375 1.7602 1.7854 1.97259 1.97762 1.95197 2.07187 2.25852 2.17011 1.9948 2.24808 2.52803 2.29882 1.96735 2.03264
1.20202 1.12783 1.12241 1.13539 1.13096 1.09833 1.07369 1.0621 1.21474 1.38568 1.33791 1.31683 1.30905 1.30246 1.31375 1.21135 1.20356 1.30586 1.38603 1.48393 1.68627 2.07476 2.32004 2.37306 2.0331 1.84719 1.82593 1.84519 1.83909 1.82729 1.83202 1.8787 1.72947 2.1 1.80338 2.07802 2.12878 2.06094 2.0474 2.08669 2.15189 2.21635 2.12232 1.98278 1.87743 1.83745 1.90162 1.8166 1.74498 1.76746 1.83019 1.92007 1.80497 1.8569 2.09563 1.91751 1.93019 2.0992 2.04477 2.13289 2.01599 2.00553 2.01577 2.145 2.16546 2.09696 2.12666
1.15792 1.04873 1.04732 1.06434 1.0803 1.13055 1.1546 1.18401 1.2536 1.22332 1.28216 1.43473 1.57522 1.63122 1.63041 1.46488 1.23026 1.18288 1.21436 1.32667 1.38786 1.78292 2.11552 2.08013 2.0287 1.96471 1.88051 1.87183 1.48478 1.3662 1.65439 1.68859 1.58096 2.1 1.86689 1.83826 1.79298 1.86485 2.03118 2.03081 2.0502 2.12537 2.23037 1.92703 2.0784 1.89625 1.9372 1.92269 1.9497 1.90496 1.93012 2.03524 2.00601 2.10568 2.06628 1.96542 2.08025 2.45008 2.0063 2.29724 2.10562 2.13607 2.04417 2.15712 2.00998 2.07621 2.14559
1.12759 1.1332 1.11461 1.20594 1.25231 1.29967 1.54056 1.60192 1.46994 1.3489 1.42262 1.48002 1.50423 1.49707 1.55264 1.65554 1.52809 1.45257 1.2507 1.1838 1.27047 1.3558 1.48223 1.61971 1.84531 1.95324 1.77059 1.62401 1.46091 1.43155 1.36577 1.36318 1.40638 2.1 2.1 1.87316 1.7722 1.89757 1.99037 1.9606 1.98424 1.98818 2.0974 2.11515 2.05163 1.84494 1.99594 1.97652 2.11041 2.04668 2.11792 2.1065 2.07464 2.15123 2.06647 1.99683 2.24877 2.47786 2.04021 2.00782 2.11256 2.15618 2.15773 2.27831 2.31754 2.31747 2.19557
.770574 1.38521 1.54408 1.72458 1.55504 1.50218 1.46702 1.51875 1.46059 1.45653 1.39782 1.4732 1.58764 1.56219 1.54475 1.58432 1.4855 1.53249 1.51657 1.41923 1.26208 1.29088 1.2556 1.30419 1.44105 1.3615 1.41469 1.44658 1.38703 1.36796 1.11833 1.36747 2.1 2.1 1.76841 1.92917 1.83348 1.9111 1.9776 1.91468 1.84814 1.71171 1.90477 2.17291 2.07153 1.83314 1.81391 1.88746 2.04967 2.16156 2.26434 2.21715 2.10721 2.0929 2.13866 1.9471 2.1136 1.92048 2.0046 2.18932 2.65409 2.57951 2.20037 2.23198 2.23095 2.16398 2.13713
1.37801 1.51567 1.64751 1.60022 1.70986 1.39216 1.47441 1.40916 1.3927 1.39762 1.45952 1.49208 1.49142 1.51444 1.52047 1.49658 1.2634 1.17359 1.20326 1.37785 1.28344 1.21734 1.2812 1.31286 1.31904 1.39604 1.43893 1.29788 1.31459 1.43186 1.51125 2.1 2.1 1.62085 1.80225 1.81414 1.70478 1.81819 1.98842 1.92657 1.99988 1.95703 2.0098 2.17838 2.25397 2.08464 1.67958 1.95986 1.87822 2.02105 1.99971 2.27262 2.09639 2.41981 2.30381 2.22117 2.00406 2.24333 1.91454 2.12961 2.20369 2.2606 2.12524 2.13622 2.17568 2.19938 2.49834
1.59221 1.47759 1.51951 1.35549 1.47617 1.32315 1.38427 1.41778 1.2933 1.44252 1.43311 1.5037 1.52596 1.62259 1.70641 2.15668 1.49346 1.40054 1.27734 1.51985 1.58505 1.19762 1.38553 1.31719 1.27663 1.32827 1.27777 1.32674 1.26372 1.39993 1.47053 2.1 1.57806 1.84269 1.7787 1.70993 1.87849 1.95929 1.90098 2.23823 1.94863 1.98974 1.89161 1.90985 2.17908 2.31201 1.93532 2.12295 1.88325 2.11307 1.99793 2.32657 2.23499 2.34226 2.03679 1.98574 1.9425 2.00657 1.76664 2.06263 2.2506 2.20381 2.18519 2.26822 2.27702 2.1908 2.32898
1.5746 1.49621 1.49977 1.51785 1.58846 1.37206 1.39524 1.41622 1.40418 1.38908 1.41201 1.53276 1.6268 1.53454 1.45413 1.73584 1.52183 1.65429 1.43183 1.86949 1.5608 1.33594 1.37143 1.41296 1.30688 1.3407 1.27742 1.28046 1.34836 1.48163 1.42574 2.1 1.89409 1.86943 1.73984 1.92067 1.92159 1.84683 2.02965 1.99665 1.88969 2.20763 2.12758 2.01028 2.03199 2.00212 2.1104 2.18943 2.08671 2.19688 2.0131 1.80755 2.03158 1.99937 1.90207 1.93971 2.1167 2.05907 1.82657 1.92619 2.10102 2.16353 2.39698 2.17276 2.09729 2.07951 2.21962
1.50985 1.44441 1.47177 1.50363 1.48842 1.39847 1.47214 1.47263 1.49663 1.51009 1.58699 1.51464 1.44098 1.33285 1.38582 1.42273 1.31733 1.43687 1.38938 1.45048 1.35959 1.38398 1.34562 1.37917 1.36954 1.37556 1.41967 1.39323 1.59191 1.37993 2.1 2.1 2.39202 1.95058 1.85057 1.93525 1.99431 1.76832 1.85982 2.14536 1.89892 1.80217 2.02259 2.02478 1.93969 2.0632 2.00709 1.80705 1.87868 2.0408 2.2578 1.93835 2.14083 2.11078 2.0269 2.02142 1.93905 1.91271 1.78386 1.84659 2.24079 2.12591 2.34463 1.97593 2.08679 2.12007 2.05411
1.41259 1.74167 1.75746 1.99306 1.89404 1.32047 1.46339 1.27369 1.15918 1.12317 1.30048 1.16285 1.14518 1.19278 1.49195 1.38234 1.32343 1.31523 1.44192 1.37024 1.30894 1.3812 1.41717 1.25399 1.32959 1.32448 1.44029 1.68576 2.1 2.1 2.1 1.83651 1.91713 2.11241 2.0596 1.85888 1.88285 1.86225 1.77641 1.86285 1.69573 1.78788 1.96837 1.80752 2.14335 2.03822 1.74846 1.78276 2.13512 2.15586 2.03103 2.09662 2.3976 1.93623 1.90742 1.99322 1.95266 1.92695 2.20616 2.15234 2.2814 2.1753 2.21921 2.17703 2.13289 2.28016 2.33252
1.62267 2.37992 2.09933 2.2107 2.08679 1.40824 1.29001 1.30931 1.19617 1.05765 1.26436 1.16579 1.11902 1.21588 1.47945 1.51894 1.31237 1.32508 1.51969 1.38957 1.38509 1.49499 1.41318 1.38686 1.29571 1.48589 1.5452 1.62797 2.1 1.73723 1.72782 1.44992 1.5654 1.68996 1.74156 1.89595 1.7473 1.78016 1.82582 1.82498 1.6131 1.77822 1.89807 1.99179 1.93973 1.95152 1.9087 1.93996 2.14807 2.14382 2.06207 2.1344 2.46501 2.04178 2.09157 2.10779 1.97051 2.13003 2.32094 2.06668 2.08884 2.13997 2.04949 2.16887 2.34546 2.51268 2.39949
1.62463 2.28767 2.19057 2.05933 2.22241 1.8576 1.1748 1.21948 1.14554 1.11955 1.2303 1.29153 1.25454 1.09042 1.43679 1.63759 1.4827 1.29465 1.38558 1.38806 1.45427 1.76249 1.67815 1.39686 1.49208 1.59931 1.61012 2.1 2.1 1.84907 1.64642 1.33093 1.66324 1.70945 1.67037 1.91897 1.8876 1.8809 1.75593 1.81343 1.84547 1.75116 1.75762 1.69126 1.73033 1.75506 2.00693 1.92262 2.03166 2.11039 2.26237 2.08381 2.05924 1.97429 2.14771 2.20098 2.06721 2.22501 2.1547 2.29744 1.94994 1.83807 1.79163 1.99389 2.18681 2.23204 2.12019
1.73259 2.19396 2.32543 2.20207 2.31077 1.98832 1.20262 1.34168 1.32482 1.34885 1.37601 1.60892 1.36226 1.34699 1.48574 1.59927 1.49186 1.49968 1.5073 1.41359 1.46469 1.54171 1.6245 1.52265 1.75178 2.1 2.1 2.1 1.55953 1.65492 1.56546 1.54783 1.64535 1.74419 1.67145 1.68869 1.7633 1.78242 1.84074 1.81616 1.82354 1.75495 1.75244 1.73575 1.62611 1.79321 2.05973 1.99635 1.94353 2.0342 1.97623 2.27169 2.2685 1.91682 1.82918 1.73316 1.8322 2.24696 2.14035 2.12587 1.88332 1.94602 2.02711 2.22623 2.43364 2.33925 2.25208
1.89649 2.24858 2.39247 2.1919 2.28137 2.19341 1.29355 1.42313 1.42107 1.35614 1.50162 1.87299 1.58109 1.47839 1.58516 1.59381 1.48368 1.55033 1.64069 1.62908 1.48245 1.64851 1.49531 1.54009 2.1 2.1 1.44936 1.64445 1.89809 1.80705 1.85559 1.60458 1.74697 1.6619 1.60547 1.51836 1.58055 1.51549 1.78781 1.71916 1.8041 1.81197 1.79031 1.7086 1.76484 1.76572 2.16277 2.14942 1.98068 1.95489 1.82513 1.87532 2.09643 1.86915 1.77727 1.75691 2.00327 1.97263 2.2044 2.19073 2.09977 2.0338 1.90857 2.13207 2.18924 2.14227 2.05627
1.94867 2.03959 2.26462 2.15407 2.26975 2.13688 1.47166 1.48447 1.49822 1.62959 1.52093 1.65427 1.69159 1.68348 1.64366 1.53697 1.48576 1.52189 1.58775 1.65226 1.57947 1.58032 1.58698 1.70774 2.1 1.40573 1.56875 1.5701 1.62354 4 4 4 4 4 4 4 4 4 4 1.64525 1.45194 1.41878 1.83811 1.71021 2.04925 1.90369 2.23211 1.83214 2.31776 2.11815 1.89587 1.80411 1.9266 2.18614 2.08326 2.26162 2.06741 2.11446 2.17642 2.0803 2.08186 1.90609 1.9412 2.17782 2.15637 2.01082 2.22607
2.00455 2.18516 1.9584 1.99124 2.0486 2.07978 1.53126 1.58366 1.66957 1.6797 1.6421 1.69223 1.71169 1.74674 1.76418 1.46871 1.48317 1.55769 1.68333 1.66457 1.8317 2.1 2.1 2.1 2.1 4 4 4 4 4 1.84808 1.96587 1.81353 1.6349 1.80648 1.85998 1.99544 1.92336 4 4 4 1.75616 1.30268 1.49539 1.90354 2.12937 2.12042 2.07365 2.39493 2.08508 1.84797 2.05946 2.06714 2.2127 2.01729 2.03347 1.89881 1.93391 2.02254 2.26464 2.32528 1.94429 2.10513 2.18791 2.1177 1.95451 2.04894
1.93916 2.07159 2.24938 2.62566 3.1582 2.82189 1.64816 1.64907 1.65933 1.74526 1.6988 1.65286 1.67949 1.66368 1.59612 1.48062 1.61211 1.84113 1.72004 1.7203 2.1 2.1 1.70859 1.98826 2.05286 1.89171 1.85693 1.78843 1.84673 1.88824 1.93872 1.95437 1.76364 1.31716 1.13533 1.79845 2.08115 1.91151 2.05173 1.94904 4 4 4 4 4 4 1.86366 2.25917 2.52801 1.88797 1.95922 1.91774 1.90533 2.13674 2.19589 2.13258 2.01428 1.78303 1.84938 2.18498 2.31367 2.05802 1.80403 2.26966 2.14422 1.96568 2.31743
1.99473 2.06511 2.77114 3.09826 3.52429 2.41998 1.65075 1.75992 1.7319 1.77233 1.69491 1.73343 1.72851 1.79515 1.73496 1.72527 1.68514 1.77256 1.83611 2.1 2.1 1.98217 2.10093 1.962 1.79051 1.80591 1.77925 1.91871 1.76911 1.7216 1.8325 2.15667 1.84893 1.74003 1.56893 1.93374 1.8938 1.90731 1.8198 2.08366 2.11409 1.83588 2.00334 1.96398 1.7464 4 4 4 2.11126 2.09067 2.11529 2.14084 1.99198 2.13901 2.05359 1.99044 2.18179 1.97702 1.96713 2.25338 2.25105 2.0972 1.85834 2.33797 2.29559 2.2676 2.29577
2.10612 2.03957 2.62517 3.35384 3.28162 1.8138 1.68953 1.7027 1.7619 1.69109 1.60276 1.82454 1.74532 1.83641 1.75993 1.68318 1.7162 1.70219 1.93109 2.1 1.92914 2.05395 1.94034 1.91831 1.80686 1.7814 1.80256 1.82213 1.72802 1.79115 1.87564 1.95581 1.64945 1.67134 1.7703 1.95159 1.9681 1.94794 1.9201 1.86501 1.95192 1.98915 1.84524 1.8327 1.83889 1.96265 1.81471 4 4 1.88683 2.10333 2.42174 2.16308 2.21073 2.01604 2.05612 2.09728 2.07377 2.03093 2.14842 2.3017 2.20384 2.08844 2.11893 2.19712 2.26721 2.13919
2.15007 2.08845 2.54031 3.13359 2.29134 1.7005 1.72995 1.67658 1.73847 1.68975 1.66195 1.7156 2.31591 2.02195 1.98558 1.71137 1.82079 1.86186 2.1 2.1 2.16128 1.98748 2.01653 1.95741 1.90442 1.75031 1.85484 1.85601 1.7921 1.87364 1.79316 1.54399 1.68115 1.86236 1.94614 1.75684 1.85039 1.83944 1.88383 2.00922 2.04238 1.89239 2.0152 1.80884 1.85629 2.27913 2.43633 2.33866 4 4 4 2.15753 2.04075 1.96832 1.96697 2.35983 2.24366 1.84717 1.95237 1.99644 2.16156 2.09556 1.9353 1.99796 2.1491 2.21381 2.09567
2.02233 2.09584 2.33933 2.52731 1.80776 1.5217 1.62609 1.74941 1.68857 1.63568 1.66298 1.81468 2.59276 2.48527 2.04307 1.88627 2.1 2.1 2.1 2.14782 2.10092 2.08377 2.03918 2.0617 2.09625 1.98721 1.81246 1.87064 1.98641 1.8548 1.68172 1.61144 1.64584 1.88989 1.86675 1.93622 2.06188 1.9943 2.0037 1.99762 1.94552 1.93219 2.22796 1.86869 2.14858 2.56299 2.66084 2.24159 1.79122 2.00807 4 4 4 1.99014 2.10299 2.31897 2.39867 2.03824 2.02944 2.02619 2.16475 2.03934 1.9606 2.10553 2.06205 2.53371 2.31808
2.12871 2.12669 2.22134 2.03785 1.55128 1.54752 1.66036 1.70382 1.68606 1.6483 1.64107 1.66481 1.97363 2.35902 2.04648 1.81553 2.11404 1.87333 2.20169 2.13451 2.07657 2.09748 1.97031 2.05253 2.06251 1.84114 1.93035 1.91702 1.86594 1.67982 1.90607 1.8418 1.72954 1.88995 1.83329 1.8301 1.91574 1.90169 1.88447 1.88476 1.74645 1.83296 1.90603 1.98411 2.1508 2.76253 2.51156 1.91154 1.92067 2.15239 1.9426 1.69792 4 4 4 2.12561 2.06446 1.89099 1.96738 1.95034 1.95424 2.01065 2.11603 2.12528 2.04745 2.2637 2.37174
2.01698 2.07519 1.82898 2.04387 2.00059 1.70512 1.66934 1.73572 1.78051 1.7702 1.66825 1.70524 1.98583 1.92416 1.83415 2.1 2.1 2.31451 2.21396 2.0438 1.91183 2.17783 2.04821 1.95358 1.85466 1.85391 1.96003 1.88106 1.91429 1.84097 1.85636 2.01393 1.92287 1.94629 1.8315 1.84773 1.78136 1.84238 2.02332 1.80139 1.78707 1.80974 1.95388 2.03458 1.81809 1.94458 1.91783 1.84898 2.00294 2.31018 1.89343 1.68916 2.08527 2.18703 4 4 4 1.96917 2.14505 2.09043 2.01766 2.05208 2.04496 1.9948 1.86663 1.9571 2.29355
2.16724 2.21855 2.07697 2.27528 2.23371 2.01447 1.62868 1.76346 1.81685 1.70804 1.58398 1.76123 1.96866 2.04326 2.15667 2.1 2.28907 2.36805 2.1001 1.79391 1.88271 1.81533 1.91802 1.92574 1.72169 1.63592 1.97871 1.91808 1.63553 1.96618 1.96583 2.19516 2.05443 1.84815 2.11609 2.06019 1.87531 2.0291 1.95337 1.81236 1.85641 1.89289 1.7942 1.90804 1.97679 2.00968 2.08049 2.22424 2.15013 2.20606 1.84802 1.73833 2.04232 2.39179 2.41238 1.89391 4 4 4 2.22252 1.99497 1.79708 1.95988 1.78737 1.98553 2.05102 2.03883
1.90454 2.27995 2.16468 2.09529 1.91161 1.75903 1.75836 1.84125 1.64137 1.54544 1.52901 1.64322 1.84683 2.1 2.14166 1.76449 2.17469 2.46669 2.29037 1.94208 2.00707 2.31898 2.10814 2.06216 1.83619 1.7829 1.76417 1.85092 1.59006 1.55055 1.82431 1.895 1.81113 1.77341 1.74067 1.79738 1.86654 1.79679 1.78644 1.84132 1.71291 1.93289 1.91446 1.9629 2.12438 2.02092 2.14446 2.47331 2.49419 2.16727 2.08417 1.96526 2.21159 2.05904 2.3451 2.27674 2.05074 1.70973 4 4 4 1.8613 2.32094 2.21501 2.06391 1.96904 1.98615
