test/DeltaShell.Plugins.DelftModels.HydroModel.Tests/test-data/AcceptanceModels/SOBEK2/DarEsSalaam/InputData/FIXED/cowi_dar_dtm_20m_cor_bridge_sobek4.asc
ncols         707
nrows         506
xllcorner     517520.00012207
yllcorner     9239740.0001221
cellsize      20
nodata_value -999
[rows 296 to 332 of 506, columns 246 to 327 of 707]
-999 -999 -999 -999 -999 -999 -999 -999 -999 -999 -999 -999 -999 -999 -999 -999 -999 -999 -999 -999 -999 -999 -999 -999 -999 -999 -999 -999 -999 -999 -999 -999 -999 -999 -999 -999 -999 -999 -999 -999 -999 -999 -999 -999 -999 -999 -999 -999 -999 -999 -999 -999 -999 -999 -999 -999 -999 -999 -999 -999 -999 -999 -999 -999 -999 37.379 37.008 36.924 36.96 36.821 36.387 35.529 35.172 35.4 35.613 35.629 34.345 31.159 28.961 27.28 26.635 26.437
-999 -999 -999 -999 -999 -999 -999 -999 -999 -999 -999 -999 -999 -999 -999 -999 -999 -999 -999 -999 -999 -999 -999 -999 -999 -999 -999 -999 -999 -999 -999 -999 -999 -999 -999 -999 -999 -999 -999 -999 -999 -999 -999 -999 -999 -999 -999 -999 -999 -999 -999 -999 -999 -999 -999 -999 -999 -999 -999 -999 -999 -999 -999 -999 37.518 37.546 37.206 37.109 37.007 36.827 36.471 36.08 35.714 35.94 35.675 35.151 33.688 31.055 29.26 27.804 27.028 26.363
-999 -999 -999 -999 -999 -999 -999 -999 -999 -999 -999 -999 -999 -999 -999 -999 -999 -999 -999 -999 -999 -999 -999 -999 -999 -999 -999 -999 -999 -999 -999 -999 -999 -999 -999 -999 -999 -999 -999 -999 -999 -999 -999 -999 -999 -999 -999 -999 -999 -999 -999 -999 -999 -999 -999 -999 -999 -999 -999 -999 -999 -999 -999 37.724 38.004 37.672 37.264 37.217 37.186 37.01 36.845 36.64 36.216 36.082 35.87 35.377 34.099 31.96 30.265 29.565 28.475 27.543
-999 -999 -999 -999 -999 -999 -999 -999 -999 -999 -999 -999 -999 -999 -999 -999 -999 -999 -999 -999 -999 -999 -999 -999 -999 -999 -999 -999 -999 -999 -999 -999 -999 -999 -999 -999 -999 -999 -999 -999 -999 -999 -999 -999 -999 -999 -999 -999 -999 -999 -999 -999 -999 -999 -999 -999 -999 -999 -999 -999 -999 -999 37.817 37.71 38.088 37.709 37.389 37.413 37.444 37.116 36.649 36.526 36.525 36.546 36.51 36.055 35.235 33.302 32.827 32.219 31.277 29.216
-999 -999 -999 -999 -999 -999 -999 -999 -999 -999 -999 -999 -999 -999 -999 -999 -999 -999 -999 -999 -999 -999 -999 -999 -999 -999 -999 -999 -999 -999 -999 -999 -999 -999 -999 -999 -999 -999 -999 -999 -999 -999 -999 -999 -999 -999 -999 -999 -999 -999 -999 -999 -999 -999 -999 -999 -999 -999 -999 -999 -999 38.118 38.021 37.826 37.882 37.624 37.746 37.682 37.527 37.357 36.957 36.793 37.071 36.906 36.664 36.367 36.47 35.4 35.083 34.57 33.025 28.317
-999 -999 -999 -999 -999 -999 -999 -999 -999 -999 -999 -999 -999 -999 -999 -999 -999 -999 -999 -999 -999 -999 -999 -999 -999 -999 -999 -999 -999 -999 -999 -999 -999 -999 -999 -999 -999 -999 -999 -999 -999 -999 -999 -999 -999 -999 -999 -999 -999 -999 -999 -999 -999 -999 -999 -999 -999 -999 -999 -999 38.466 38.111 38.029 37.947 37.887 37.688 37.825 37.755 37.488 37.607 37.423 37.412 37.417 37.285 37.385 37.074 36.977 36.98 36.224 35.793 33.817 27.179
-999 -999 -999 -999 -999 -999 -999 -999 -999 -999 -999 -999 -999 -999 -999 -999 -999 -999 -999 -999 -999 -999 -999 -999 -999 -999 -999 -999 -999 -999 -999 -999 -999 -999 -999 -999 -999 -999 -999 -999 -999 -999 -999 -999 -999 -999 -999 -999 -999 -999 -999 -999 -999 -999 -999 -999 -999 -999 -999 -999 38.406 38.241 38.043 38.038 37.995 37.778 37.894 37.909 37.433 37.401 37.541 37.628 37.414 37.407 37.477 37.466 37.094 36.583 35.945 34.769 33.065 27.875
-999 -999 -999 -999 -999 -999 -999 -999 -999 -999 -999 -999 -999 -999 -999 -999 -999 -999 -999 -999 -999 -999 -999 -999 -999 -999 -999 -999 -999 -999 -999 -999 -999 -999 -999 -999 -999 -999 -999 -999 -999 -999 -999 -999 -999 -999 -999 -999 -999 -999 -999 -999 -999 -999 -999 -999 -999 -999 -999 38.497 38.426 38.317 38.117 38.124 37.989 37.85 37.419 37.481 37.609 37.707 37.694 37.801 35.892 36.332 36.286 35.064 35.289 34.706 33.512 32.561 28.303 26.937
-999 -999 -999 -999 -999 -999 -999 -999 -999 -999 -999 -999 -999 -999 -999 -999 -999 -999 -999 -999 -999 -999 -999 -999 -999 -999 -999 -999 -999 -999 -999 -999 -999 -999 -999 -999 -999 -999 -999 -999 -999 -999 -999 -999 -999 -999 -999 -999 -999 -999 -999 -999 -999 -999 -999 -999 -999 -999 38.676 38.513 38.361 38.349 38.21 38.072 37.943 37.538 36.845 36.351 37.075 37.497 37.737 36.491 33.394 32.038 29.806 28.274 28.209 28.786 32.284 30.309 27.395 26.534
-999 -999 -999 -999 -999 -999 -999 -999 -999 -999 -999 -999 -999 -999 -999 -999 -999 -999 -999 -999 -999 -999 -999 -999 -999 -999 -999 -999 -999 -999 -999 -999 -999 -999 -999 -999 -999 -999 -999 -999 -999 -999 -999 -999 -999 -999 -999 -999 -999 -999 -999 -999 -999 -999 -999 -999 39.006 38.795 38.572 38.595 38.421 38.438 38.31 37.861 37.08 36.109 34.604 32.811 35.703 36.962 36.869 34.473 30.916 28.012 27.13 26.975 27.06 27.034 26.852 26.879 26.654 26.959
-999 -999 -999 -999 -999 -999 -999 -999 -999 -999 -999 -999 -999 -999 -999 -999 -999 -999 -999 -999 -999 -999 -999 -999 -999 -999 -999 -999 -999 -999 -999 -999 -999 -999 -999 -999 -999 -999 -999 -999 -999 -999 -999 -999 -999 -999 -999 -999 -999 -999 -999 -999 -999 -999 39.097 39.114 39.13 38.925 38.727 38.736 38.399 38.572 38.306 37.586 36.243 33.071 31.469 31.61 34.235 35.742 35.505 32.049 29.226 27.733 27.147 26.965 26.904 26.542 26.412 26.573 26.723 26.809
-999 -999 -999 -999 -999 -999 -999 -999 -999 -999 -999 -999 -999 -999 -999 -999 -999 -999 -999 -999 -999 -999 -999 -999 -999 -999 -999 -999 -999 -999 -999 -999 -999 -999 -999 -999 -999 -999 -999 -999 -999 -999 -999 -999 -999 -999 -999 -999 -999 -999 -999 -999 39.167 39.102 39.09 39.099 39.085 38.978 38.885 38.742 38.466 38.505 38.248 37.555 36.077 34.553 31.488 29.42 30.222 31.921 33.102 29.652 27.61 27.339 27.054 26.912 26.819 26.592 26.583 26.68 26.68 26.56
-999 -999 -999 -999 -999 -999 -999 -999 -999 -999 -999 -999 -999 -999 -999 -999 -999 -999 -999 -999 -999 -999 -999 -999 -999 -999 -999 -999 -999 -999 -999 -999 -999 -999 -999 -999 -999 -999 -999 -999 -999 -999 -999 -999 -999 -999 -999 -999 -999 -999 39.476 39.362 39.211 39.143 39.082 39.061 39.034 38.936 38.86 38.609 38.635 38.181 37.201 35.492 33.762 32.321 29.609 28.421 28.012 28.26 27.65 27.499 27.426 27.18 27.04 26.92 26.812 26.753 26.606 26.567 26.481 26.409
-999 -999 -999 -999 -999 -999 -999 -999 -999 -999 -999 -999 -999 -999 -999 -999 -999 -999 -999 -999 -999 -999 -999 -999 -999 -999 -999 -999 -999 -999 -999 -999 -999 -999 -999 -999 -999 -999 -999 -999 -999 -999 -999 -999 -999 -999 -999 -999 39.481 39.469 39.599 39.495 39.172 39.041 39.013 38.995 38.984 38.942 38.896 38.752 38.362 38.178 35.811 33.367 30.84 28.921 27.823 27.719 27.415 27.424 27.376 27.391 27.358 27.105 26.99 26.92 26.795 26.676 26.682 26.619 26.406 26.371
-999 -999 -999 -999 -999 -999 -999 -999 -999 -999 -999 -999 -999 -999 -999 -999 -999 -999 -999 -999 -999 -999 -999 -999 -999 -999 -999 -999 -999 -999 -999 -999 -999 -999 -999 -999 -999 -999 -999 -999 -999 -999 -999 -999 -999 -999 39.484 39.779 39.604 39.472 39.625 39.699 39.125 39.078 38.85 38.981 38.938 38.86 38.94 38.795 38.735 37.374 34.362 31.493 29.01 27.623 27.537 27.601 27.448 27.338 27.341 27.366 27.315 27.173 27.016 26.832 26.7 26.489 26.554 26.832 26.361 26.292
-999 -999 -999 -999 -999 -999 -999 -999 -999 -999 -999 -999 -999 -999 -999 -999 -999 -999 -999 -999 -999 -999 -999 -999 -999 -999 -999 -999 -999 -999 -999 -999 -999 -999 -999 -999 -999 -999 -999 -999 -999 -999 -999 -999 39.977 39.934 39.489 39.738 39.89 39.544 39.664 39.358 38.798 38.359 36.961 37.936 39.043 38.872 38.816 38.6 38.33 36.691 33.479 29.72 27.773 27.447 27.539 27.675 27.696 27.947 27.539 27.425 27.343 27.198 27.015 27.004 26.874 26.482 26.517 26.768 26.496 26.372
-999 -999 -999 -999 -999 -999 -999 -999 -999 -999 -999 -999 -999 -999 -999 -999 -999 -999 -999 -999 -999 -999 -999 -999 -999 -999 -999 -999 -999 -999 -999 -999 -999 -999 -999 -999 -999 -999 -999 -999 -999 -999 40.615 40.45 40.1 39.636 39.595 39.636 39.605 39.524 39.681 39.077 38.433 36.686 35.456 37.944 38.859 38.709 38.374 37.69 36.183 34.538 30.723 28.492 27.347 27.523 27.657 27.493 27.743 27.959 27.959 27.571 27.399 27.236 27.114 27.031 26.9 26.934 26.828 26.687 26.493 26.457
-999 -999 -999 -999 -999 -999 -999 -999 -999 -999 -999 -999 -999 -999 -999 -999 -999 -999 -999 -999 -999 -999 -999 -999 -999 -999 -999 -999 -999 -999 -999 -999 -999 -999 -999 -999 -999 -999 -999 -999 43.185 41.66 40.651 40.334 40.039 39.916 39.975 39.854 39.489 39.519 39.469 38.962 38.024 35.731 35.159 37.827 38.532 38.556 38.474 36.079 33.089 30.754 28.993 27.905 27.721 27.823 27.827 27.694 27.598 27.811 27.922 27.505 27.325 27.254 27.121 26.996 26.886 26.64 26.945 26.758 26.637 26.525
-999 -999 -999 -999 -999 -999 -999 -999 -999 -999 -999 -999 -999 -999 -999 -999 -999 -999 -999 -999 -999 -999 -999 -999 -999 -999 -999 -999 -999 -999 -999 -999 -999 -999 -999 -999 -999 45.756 45.114 44.478 43.64 42.361 41.164 40.304 40.063 40.104 40.097 39.97 39.705 39.231 39.492 39.553 37.306 34.674 33.969 37.067 38.4 38.632 38.096 35.033 31.51 29.791 28.577 28.008 27.96 28.003 27.75 27.984 27.753 27.524 27.681 27.579 27.457 27.293 27.15 26.933 26.76 26.636 26.536 26.558 26.648 26.436
-999 -999 -999 -999 -999 -999 -999 -999 -999 -999 -999 -999 -999 -999 -999 -999 -999 -999 -999 -999 -999 -999 -999 -999 -999 -999 -999 -999 -999 -999 -999 -999 -999 46.079 45.967 45.553 45.729 45.707 45.453 44.925 44.208 43.041 41.69 40.635 40.231 40.227 40.185 40.1 40.035 39.018 39.385 38.53 36.182 33.731 32.817 35.707 37.826 38.755 37.541 34.212 30.322 29.242 28.832 28.284 28.014 27.972 27.679 27.86 27.981 27.542 27.832 27.648 27.569 27.467 27.247 26.921 26.73 26.658 26.609 26.525 26.493 26.443
-999 -999 -999 -999 -999 -999 -999 -999 -999 -999 -999 -999 -999 -999 -999 -999 -999 -999 -999 -999 -999 -999 -999 -999 -999 -999 -999 -999 -999 45.858 43.314 44.666 45.841 45.993 45.768 45.761 45.846 45.958 45.677 45.407 44.74 43.495 42.169 41.148 40.548 40.477 40.268 40.271 40.221 39.781 38.059 37.594 36.707 34.492 32.634 33.327 35.856 37.597 36.425 32.545 30.238 28.843 28.526 28.298 28.016 27.908 27.9 28.033 28.029 27.961 27.987 27.679 27.746 27.477 27.282 26.956 26.708 26.699 26.801 26.556 26.403 26.354
-999 -999 -999 -999 -999 -999 -999 -999 -999 -999 -999 -999 -999 -999 -999 -999 -999 -999 -999 -999 -999 -999 -999 -999 -999 47.155 46.895 47.204 46.468 45.891 43.696 42.664 45.189 45.646 45.851 46.207 46.325 46.294 46.416 46.14 45.565 44.322 42.798 41.71 40.833 40.607 40.183 40.565 40.685 40.38 39.872 36.846 35.542 35.216 34.392 31.73 31.688 34.497 34.872 30.712 29.44 28.772 28.422 28.289 28.094 28.033 27.832 28.026 28.106 28.041 27.913 27.87 27.587 27.391 27.21 26.877 26.534 26.604 26.855 26.423 26.449 26.422
-999 -999 -999 -999 -999 -999 -999 -999 -999 -999 -999 -999 -999 -999 -999 -999 -999 -999 -999 -999 -999 -999 47.856 47.869 46.733 46.725 46.747 46.67 45.614 44.816 43.069 40.668 43.592 45.113 45.765 46.454 46.623 46.832 46.727 46.707 46.601 45.363 43.672 42.259 40.994 40.181 38.53 39.844 40.631 40.553 39.269 38.315 35.727 38.026 36.456 33.474 30.754 29.999 30.488 29.367 28.808 28.512 28.484 28.264 28.095 27.976 27.947 28.058 28.097 28.05 27.876 27.758 27.372 27.46 27.183 26.849 26.791 26.819 26.776 26.371 26.415 26.413
-999 -999 -999 -999 -999 -999 -999 -999 -999 -999 -999 -999 -999 -999 -999 -999 -999 48.862 48.72 48.721 48.859 48.071 47.383 46.777 44.988 44.013 44.214 44.35 44.264 43.191 41.699 39.457 43.437 44.739 45.806 46.48 46.994 46.938 46.904 46.831 46.75 45.952 43.782 42.514 41.202 38.824 35.128 37.209 39.591 40.169 36.945 32.674 33.829 37.567 36.778 34.276 30.373 29.386 28.719 28.72 28.774 28.682 28.406 28.308 28.202 28.096 28.223 28.272 28.159 28.098 27.841 27.535 27.534 27.388 27.171 26.911 26.764 26.706 26.555 26.347 26.405 26.573
-999 -999 -999 -999 -999 -999 -999 -999 -999 -999 -999 -999 -999 48.537 48.546 48.796 48.897 48.843 48.858 49.021 48.954 47.552 46.249 44.961 43.239 41.684 41.093 40.482 40.79 40.628 38.7 38.209 42.304 44.274 45.703 46.074 46.626 46.895 46.974 46.839 46.187 45.216 44.217 42.597 40.424 34.664 32.038 32.139 32.333 32.429 30.4 30.123 30.616 31.882 30.381 29.637 29.476 29.171 28.929 29.012 28.994 28.656 28.788 28.395 28.531 28.385 28.44 28.369 28.185 28.049 27.517 27.372 27.473 27.249 27.134 27.076 26.904 27.009 26.75 26.52 26.491 26.399
-999 -999 -999 -999 -999 -999 -999 -999 -999 -999 -999 48.374 48.411 48.405 48.444 49.01 48.844 48.962 49.077 48.867 48.404 46.951 44.728 42.979 41.076 40.588 39.851 38.184 37.164 37.787 36.111 37.035 40.279 43.831 45.24 45.979 46.517 46.677 46.979 46.495 45.702 44.321 41.505 38.553 35.62 34.221 31.034 30.592 30.478 30.298 29.495 29.469 29.44 30.898 29.263 29.211 29.066 28.868 28.666 29.047 28.973 28.7 29.01 28.693 28.619 28.57 28.367 28.208 28.124 27.859 27.741 27.558 27.628 27.226 26.913 26.774 26.898 26.887 26.88 26.628 26.809 26.661
-999 -999 -999 -999 -999 -999 -999 -999 -999 -999 -999 47.359 46.9 46.866 47.475 48.056 48.447 48.92 49.098 48.377 47.523 45.322 42.464 40.584 39.979 40.163 40.578 39.178 36.32 34.42 34.375 37.048 40.62 43.313 44.724 45.341 45.324 45.479 45.566 45.058 44.444 43.029 39.412 34.087 32.346 31.272 30.399 30.036 29.833 29.628 29.382 29.366 29.254 28.824 30.313 28.759 28.919 28.614 28.948 29.026 28.888 28.884 28.893 28.808 28.592 28.346 28.149 28.083 27.958 27.794 27.807 27.531 27.498 27.24 26.93 26.628 26.941 26.845 26.808 26.765 26.838 26.741
-999 -999 -999 -999 -999 -999 -999 -999 -999 -999 46.193 45.23 44.411 44.073 45.319 45.436 46.561 47.478 47.591 46.798 44.602 42.602 40.382 39.893 41.305 41.942 42.025 41.253 38.133 34.013 34.779 38.29 41.062 42.16 42.888 43.403 43.706 43.291 43.775 43.619 42.768 41.449 37.094 32.367 31.022 30.392 30.021 29.849 29.582 29.486 29.392 29.648 29.469 29.488 29.839 28.891 28.68 29.174 29.559 29.175 29.019 28.936 28.733 28.505 28.316 28.125 27.821 27.793 27.991 27.907 27.891 27.547 27.382 27.256 27.082 26.86 26.801 26.899 26.899 26.836 26.964 26.719
-999 -999 -999 -999 -999 -999 -999 -999 -999 44.022 42.992 41.996 40.957 40.027 41.215 41.057 42.992 44.138 43.956 42.452 41.044 39.941 39.216 40.491 42.23 43.219 42.786 41.26 36.631 33.439 34.082 34.879 35.941 34.455 33.936 34.866 35.941 37.553 35.945 32.918 31.677 31.395 31.577 31.167 30.495 30.039 29.852 29.85 29.732 29.453 29.561 29.898 29.515 29.37 29.341 29.884 29.701 29.401 29.438 29.171 28.902 28.772 28.442 28.372 28.319 28.146 27.853 27.69 27.914 27.719 27.593 27.6 27.324 27.285 27.201 27.07 27.005 27.023 27.049 26.747 26.699 26.78
-999 -999 -999 -999 -999 -999 -999 -999 -999 40.362 39.54 38.49 39.603 37.832 37.331 37.754 39.09 39.834 39.668 38.908 38.707 39.367 40.452 42.235 43.578 42.988 40.807 36.414 32.642 32.437 32.551 32.306 31.709 31.38 31.196 31.152 31.397 31.422 30.692 30.643 30.673 30.611 30.788 30.499 30.131 29.781 29.812 29.875 29.796 29.781 29.671 29.712 29.557 29.367 29.417 29.653 29.755 29.446 29.282 29.134 29.045 28.755 28.568 28.428 28.353 28.354 28.129 27.981 27.887 27.889 27.83 27.616 27.572 27.45 27.31 27.281 27.175 27.108 27.01 26.855 26.821 26.588
-999 -999 -999 -999 -999 -999 -999 -999 38.132 37.989 38.412 36.904 35.519 34.898 34.349 34.076 34.309 36.326 37.163 38.73 40.397 41.55 42.465 43.673 43.116 39.466 35.372 32.634 32.082 31.805 31.547 31.096 30.638 30.287 30.121 30.617 30.271 29.935 29.892 29.863 30.003 30.201 30.382 30.183 30.07 29.936 29.885 29.884 29.882 29.667 29.757 29.73 29.725 29.608 29.68 29.685 29.791 29.283 29.228 29.088 28.908 28.924 28.806 28.58 28.426 28.347 28.182 28.061 28.133 28.083 28.133 27.98 27.653 27.448 27.468 27.504 27.339 27.178 27.057 26.909 26.828 26.753
-999 -999 -999 -999 -999 -999 -999 40.523 40.777 41.928 41.996 41.411 39.954 39.529 39.497 38.272 34.767 35.646 38.854 41.525 42.818 43.956 43.666 41.936 38.696 34.91 32.419 31.811 31.441 31.09 30.487 30.306 29.017 28.328 28.289 29.672 28.466 27.225 28.168 28.718 29.191 29.687 29.941 29.937 30.068 30.054 30.018 29.931 29.813 29.618 29.715 29.833 29.636 29.273 29.624 29.656 29.455 29.352 29.219 29.095 29.027 28.846 28.845 28.479 28.468 28.344 28.206 28.083 28.034 27.951 28.019 27.824 27.642 27.563 27.575 27.65 27.446 27.245 27.11 27.006 26.924 26.848
-999 -999 -999 -999 -999 -999 43.828 44.336 44.547 44.703 44.395 43.654 42.617 42.164 41.914 39.655 35.591 35.08 40.964 43.694 45.067 45.032 43.711 38.981 34.881 32.51 31.558 31.143 30.841 30.307 29.354 28.271 28.192 28.132 27.957 27.693 27.602 27.612 27.419 27.425 27.536 28.705 29.55 29.738 29.982 30.006 30.062 29.948 29.808 29.759 29.983 29.96 29.6 29.439 29.449 29.654 29.47 29.318 29.194 29.068 28.959 28.838 28.914 28.548 28.452 28.387 28.277 28.161 28.05 27.937 28.015 27.907 27.759 27.652 27.595 27.504 27.372 27.289 27.177 27.001 27.006 26.9
-999 -999 -999 -999 -999 -999 46.069 46.296 45.903 45.752 45.028 43.955 42.851 42.455 41.528 37.936 34.152 35.745 40.133 44 44.711 44.426 41.96 36.173 32.841 31.198 31.119 30.824 30.388 30.032 29.301 28.409 28.1 27.963 27.868 27.656 27.594 27.41 27.194 27.05 27.102 27.067 28.337 29.464 29.854 29.913 29.988 29.92 29.992 29.884 29.665 29.631 29.485 29.42 29.365 29.413 29.336 29.224 29.136 29.062 29.01 29.007 28.82 28.428 28.477 28.56 28.371 28.246 28.119 28.044 28.032 28.003 27.872 27.77 27.755 27.697 27.476 27.415 27.276 27.082 26.947 26.909
-999 -999 -999 -999 46.021 46.583 46.971 46.94 46.721 45.94 44.69 43.02 42.038 41.315 39.221 35.948 32.884 34.825 36.306 40.609 42.757 40.447 35.707 33.695 31.825 30.826 31.145 30.876 30.099 29.504 28.807 28.188 27.853 27.732 27.536 27.375 27.244 27.017 26.817 26.604 26.601 26.689 26.722 28.101 29.565 29.774 29.813 29.826 29.939 29.473 29.275 29.345 29.261 29.245 29.235 29.223 29.183 29.087 29.014 28.953 28.943 28.909 28.877 28.596 28.583 28.629 28.453 28.354 28.228 28.131 28.001 27.957 27.932 27.871 27.843 27.873 27.64 27.6 27.47 27.234 27.054 27.056
-999 -999 -999 47.893 47.538 47.596 47.508 47.344 46.797 45.681 43.701 41.654 40.221 39.34 37.427 34.644 31.32 29.339 28.469 28.183 33.751 34.166 32.035 30.794 29.746 28.612 29.425 28.94 28.036 27.822 27.477 27.485 27.614 27.358 27.182 26.926 26.957 26.986 26.925 26.871 26.666 26.742 26.698 26.633 26.58 29.448 29.543 29.806 29.273 29.005 28.899 28.935 29.005 29.119 29.164 29.094 29.04 28.943 28.863 28.772 28.736 28.74 28.704 28.782 28.582 28.572 28.597 28.48 28.332 28.15 27.979 27.81 27.823 27.771 27.776 27.764 27.616 27.599 27.473 27.216 26.981 27.007
-999 49.757 49.121 48.469 48.039 47.904 47.67 47.439 46.595 44.799 42.429 40.464 38.533 37.271 35.8 32.67 28.539 28.415 28.373 28.284 27.982 27.884 28.104 27.93 27.843 27.68 27.725 27.581 27.748 27.595 27.546 27.704 27.538 27.275 27.242 30.243 30.323 29.108 27.064 26.96 26.936 26.587 26.424 26.573 26.299 27.548 29.035 29.056 28.892 28.483 28.399 28.407 28.604 28.95 29.048 28.989 28.918 28.761 28.659 28.509 28.742 28.631 28.566 28.457 28.457 28.364 28.53 28.722 28.419 28.175 27.988 27.87 27.846 27.763 27.762 27.663 27.615 27.512 27.39 27.188 26.96 26.964
