test/DeltaShell.Plugins.DelftModels.HydroModel.Tests/test-data/AcceptanceModels/SOBEK2/DarEsSalaam/InputData/FIXED/cowi_dar_dtm_20m_cor_bridge_sobek4.asc
ncols         707
nrows         506
xllcorner     517520.00012207
yllcorner     9239740.0001221
cellsize      20
nodata_value -999
[rows 407 to 443 of 506, columns 82 to 163 of 707]
-999 -999 -999 -999 -999 -999 -999 -999 -999 -999 -999 -999 -999 -999 -999 -999 -999 -999 -999 -999 -999 65.52399 65.903 66.367 67.46799 68.188 68.763 68.656 68.403 68.295 68.242 68.096 67.96999 68.048 68.187 68.10699 67.778 67.32999 66.85699 66.43 66.045 65.9245 64.644 65.096 65.281 65.41399 64.85899 59.969 49.422 46.271 45.567 43.484 42.544 42.834 45.696 46.826 47.3 44.629 43.599 43.987 45.95 46.82 46.882 46.954 46.977 46.943 46.884 46.816 46.619 46.375 46.168 45.937 45.827 45.875 45.732 45.446 45.486 45.592 45.582 42.453 45.291 45.965
-999 -999 -999 -999 -999 -999 -999 -999 -999 -999 -999 -999 -999 -999 -999 -999 -999 -999 -999 67.493 65.92599 67.24699 67.999 68.824 69.904 71.049 71.837 72.00999 71.49799 71.17799 71.032 70.633 70.681 70.501 70.404 70.296 70.145 69.78 69.104 68.286 67.45499 67.27499 67.04449 66.809 66.03 66.668 65.39 53.917 47.245 46.452 43.441 42.698 43.384 44.46 46.811 47.038 47.312 46.773 46.727 46.894 47.097 47.11 47.163 47.183 47.123 46.972 46.986 46.68 46.496 46.466 46.302 46.009 46.012 46.002 45.769 45.53 45.548 45.521 45.398 43.724 46.385 47.367
-999 -999 -999 -999 -999 -999 -999 -999 -999 -999 -999 -999 -999 -999 -999 -999 72.70499 71.101 70.259 70.226 69.644 69.447 70.42899 71.38599 72.715 73.783 74.17599 74.66399 74.106 73.638 73.168 73.077 72.976 72.478 72.356 72.166 71.572 71.12199 70.42699 69.724 68.959 68.93349 68.85 67.17799 65.27299 61.345 58.679 53.86 46.473 43.139 42.795 43.959 44.623 46.718 46.912 47.224 47.472 47.176 47.15 47.268 47.402 47.288 47.376 47.452 47.23 46.96 46.853 46.63 46.651 46.778 46.472 46.2 46.102 45.99 45.762 45.779 45.326 45.777 45.329 44.753 47.941 49.461
-999 -999 -999 -999 -999 -999 -999 -999 -999 -999 -999 -999 -999 78.922 77.142 75.854 74.349 72.986 72.256 71.674 71.155 71.999 73.06699 73.55399 74.56 75.28 75.727 75.395 75.124 74.92 74.735 73.745 73.37 72.78899 72.509 72.614 72.516 72.175 71.409 70.584 70.167 70.492 69.968 67.763 57.991 51.491 49.896 46.326 42.971 43.046 44.253 45.15 47.242 47.104 47.154 47.364 47.808 47.569 47.369 47.599 47.925 47.429 47.435 47.367 47.24 46.975 46.959 46.809 46.924 46.767 46.514 46.347 46.202 46.075 45.873 45.549 45.635 45.79 45.725 43.131 49.554 51.174
-999 -999 -999 -999 -999 -999 -999 -999 -999 -999 -999 81.376 80.369 79.07999 77.14799 76.08099 74.673 74.022 73.71999 73.183 72.851 73.124 74.245 74.811 75.391 75.835 75.757 75.832 75.313 74.977 73.48199 71.911 70.615 69.902 70.44299 71.755 72.32899 72.062 71.433 70.911 70.73299 70.528 68.1965 63.488 55.481 49.358 44.414 43.017 43.369 44.952 45.284 47.251 47.273 47.288 47.391 47.683 48.006 47.743 47.482 47.475 47.761 47.319 47.105 47.177 47.125 46.943 47.019 46.847 46.952 46.922 46.598 46.377 46.298 46.224 46.074 45.805 45.83 46.039 45.692 43.07 49.714 52.137
-999 -999 -999 -999 -999 -999 -999 -999 81.88 81.211 80.48 79.57999 78.48 77.06499 75.842 74.808 74.124 73.45499 73.001 72.754 72.67899 72.74599 73.34299 74.256 74.65099 74.902 75.263 75.077 74.575 73.973 71.56599 68.89899 67.115 64.856 66.56 69.252 70.975 71.421 71.16399 70.99599 68.863 64.1355 58.8 55.17 48.166 43.377 43.134 43.687 44.66 45.735 47.326 47.252 47.281 47.366 47.502 47.808 48.078 47.902 47.625 47.537 47.519 47.167 46.835 46.957 46.93 46.874 46.914 46.785 46.834 46.851 46.737 46.54 46.372 46.359 46.134 45.956 45.962 45.795 43.63 44.917 49.322 51.993
-999 -999 -999 -999 -999 81.194 81.083 80.666 80.294 79.474 78.45 77.09499 75.257 73.485 73.189 72.501 71.813 70.959 70.337 69.559 69.445 69.599 70.634 71.28799 71.893 72.361 72.966 72.979 72.467 70.935 67.916 64.40099 61.557 61.373 62.874 66.31799 70.131 71.20399 69.979 67.629 60.969 51.8755 43.6245 43.63 43.871 46.392 47.018 47.106 47.163 47.459 47.399 47.393 47.417 47.503 47.665 47.828 48.051 47.591 47.553 47.585 47.5 47.12 46.94 46.778 46.788 46.754 46.926 46.785 46.683 46.76 46.545 46.444 46.322 46.129 45.913 45.348 44.488 43.624 45.401 48.653 50.629 51.765
-999 -999 -999 -999 80.31699 80.143 79.81699 79.055 78.131 76.50999 74.503 72.837 70.91399 69.73399 68.995 68.388 67.463 66.49599 65.119 64.17 63.517 64.009 65.877 67.503 68.479 69.795 69.977 69.091 67.438 65.07999 62.381 58.735 56.293 56.528 59.621 63.8 68.73 69.591 66.847 58.982 44.478 43.5935 44.6805 45.602 47.818 47.989 47.816 47.493 47.594 47.784 47.42 47.437 47.484 47.503 47.494 47.839 48.068 47.855 47.752 47.694 47.594 47.053 46.805 46.677 46.532 46.416 46.892 46.7 46.597 46.457 46.31 46.4 46.161 45.764 44.913 43.634 45.716 47.617 50.021 50.974 51.522 50.739
-999 -999 -999 -999 -999 78.57999 77.951 76.729 74.778 72.431 70.223 68.138 66.91399 65.402 64.34499 63.529 61.102 59.849 58.146 57.125 57.315 58.762 60.71 62.379 63.617 65.452 65.869 64.132 61.724 58.548 55.908 54.139 52.685 52.798 55.316 61.594 66.674 66.521 60.078 47.846 43.997 44.325 46.9075 48.156 48.109 48.023 47.823 47.882 47.709 47.881 47.628 47.763 47.609 47.643 47.713 47.896 47.893 47.996 47.891 47.926 47.779 47.14 46.866 46.731 46.789 46.751 46.772 46.533 46.398 46.324 46.144 46.008 45.786 44.323 44.444 47.493 51.293 52.417 52.629 52.516 51.751 50.718
-999 -999 -999 -999 -999 -999 74.754 72.638 68.16 66.39 65.53899 64.31699 62.193 60.46 59.429 57.462 56.395 55.236 54.716 54.39 54.335 54.891 55.387 56.463 58.119 61.568 61.068 59.205 56.598 53.028 51.669 50.983 50.55 49.35 53.148 57.865 60.793 60.981 55.436 44.599 44.366 44.446 48.6135 48.428 48.298 48.183 47.99 47.796 47.777 47.922 47.853 47.865 47.824 47.946 47.782 47.95 47.901 47.981 47.785 47.569 47.603 47.326 46.975 46.916 46.542 46.693 46.347 45.881 45.206 44.369 43.926 43.833 44.167 45.022 47.573 49.278 52.874 53.996 53.792 52.852 51.935 51.361
-999 -999 -999 -999 -999 -999 68.471 66.279 63.029 60.434 59.6 59.14 57.916 57.158 56.367 56.216 57.543 57.857 58.64 59.416 58.995 54.551 53.25 53.24 53.561 56.487 56.692 54.981 52.691 51.012 50.398 49.514 51.305 49.763 48.221 51.271 52.389 52.923 48.414 45.671 45.366 44.0545 48.8715 48.719 48.611 48.385 48.192 48.083 48.09 48.076 47.993 47.934 47.838 47.954 47.851 47.804 47.702 47.929 47.674 47.434 47.267 46.862 46.919 46.823 46.621 46.391 46.273 45.384 44.029 44.961 45.604 46.501 48.471 49.997 51.741 52.72 53.867 53.533 53.916 53.153 52.385 51.736
-999 -999 -999 -999 -999 -999 -999 60.981 59.325 58.072 57.422 56.737 56.924 58.228 59.215 60.949 61.935 63.343 62.231 60.73 60.854 59.451 57.844 55.68 53.329 52.587 52.685 52.065 51.605 51.175 52.649 52.817 52.988 52.077 50.308 48.562 46.364 48.134 45.752 45.806 45.502 44.418 44.1245 49.277 48.907 48.762 48.518 48.354 48.259 48.167 47.988 47.784 47.579 47.692 47.806 47.902 47.818 47.944 47.559 47.067 45.437 44.694 46.104 46.752 46.607 46.343 45.717 44.354 45.408 46.257 46.74 47.377 49.553 51.362 53.068 54.507 54.162 53.597 53.373 53.282 52.598 51.46
-999 -999 -999 -999 -999 -999 -999 -999 57.438 58.21 59.4 59.829 60.836 62.296 63.9 64.612 65.888 65.556 65.277 64.156 62.821 61.833 60.635 59.639 57.842 54.268 52.252 51.829 52.349 53.122 53.617 53.664 53.531 53.313 52.378 51.235 50.076 49.759 46.061 45.835 45.549 45.1535 44.179 45.36 49.131 48.887 48.81 48.634 48.422 48.275 48.076 47.803 47.77 47.596 47.755 47.769 47.412 47.504 47.392 45.736 45.891 45.289 44.24 46.187 45.884 45.722 44.953 45.805 46.529 47.528 48.332 48.628 48.771 50.399 51.765 52.637 52.945 53.527 53.538 53.597 52.884 51.506
-999 -999 -999 -999 -999 -999 -999 -999 -999 62.497 63.873 64.736 64.81599 65.477 66.806 67.73299 68.35 67.861 67.322 66.27399 64.611 63.163 61.885 60.905 59.538 57.972 56.21 53.96 53.718 53.946 53.954 53.928 53.942 54.122 53.651 52.36 51.407 48.584 46.992 46.161 45.688 45.3145 44.239 44.434 49.021 48.82 48.824 48.637 48.477 48.197 47.528 46.843 46.429 46.141 47.684 47.625 47.462 47.254 47.348 46.087 46.804 45.908 44.271 43.202 43.871 44.957 45.266 46.213 48.037 49.07 49.913 51.223 50.165 49.97 50.77 52.001 53.086 53.781 53.841 53.989 53.187 51.679
-999 -999 -999 -999 -999 -999 -999 -999 -999 -999 67.837 68.453 68.45399 68.384 68.74699 69.138 69.16499 68.799 67.625 66.53699 64.627 63.224 61.676 60.522 59.459 58.517 56.952 53.91 53.47 53.746 53.486 53.557 54.597 54.865 54.054 52.337 49.302 48.375 47.37 46.518 46.029 45.4915 44.324 44.65 48.781 48.468 48.552 48.432 48.453 48.193 47.066 45.021 46.303 45.416 47.302 47.564 47.209 46.742 46.25 47.511 47.656 47.494 47.013 47.482 47.378 45.581 45.68 47.323 49.234 50.919 52.086 52.63 51.538 51.694 51.539 52.518 53.532 54.016 54.36 54.206 53.108 51.626
-999 -999 -999 -999 -999 -999 -999 -999 -999 -999 -999 69.725 69.952 69.77399 69.687 69.795 69.634 69.10799 67.94099 66.23 64.435 62.647 61.067 59.68 58.042 55.732 46.45 46.383 50.397 47.816 46.431 46.48 49.806 53.543 52.782 49.73 48.883 48.106 47.152 46.469 46.072 45.4835 44.5045 45.171 48.525 48.522 48.537 48.5 48.635 47.828 45.091 48.647 47.705 45.234 46.891 47.482 46.967 46.567 45.954 47.565 48.232 48.036 48 48.355 48.942 49.713 49.479 49.822 50.565 52.255 53.457 54.052 53.301 53.386 53.549 53.829 54.194 54.422 54.13 53.507 52.336 51.275
-999 -999 -999 -999 -999 -999 -999 -999 -999 -999 -999 -999 70.145 70.263 70.494 70.244 69.712 69.112 67.826 65.81699 63.733 61.301 58.74 54.569 47.495 46.495 46.037 45.906 45.777 45.799 45.599 45.54 45.492 46.035 49.843 49.16 48.742 47.465 46.491 46.436 45.952 45.407 44.6045 48.25 48.777 48.462 48.385 48.419 48.366 46.42 48.36 54.872 53.633 47.542 45.997 45.949 46.071 45.975 47.904 48.199 48.85 49.059 49.413 50.61 51.335 51.76 51.379 51.041 51.934 53.261 54.557 54.655 54.651 54.792 54.829 54.616 54.458 54.183 53.593 52.89 51.796 51.963
-999 -999 -999 -999 -999 -999 -999 -999 -999 -999 -999 -999 70.402 70.45499 70.672 70.378 70.064 69.365 67.908 65.698 62.38 55.819 51.513 47.68 47.23 46.327 46.955 47.713 47.047 46.046 49.024 48.917 46.121 45.143 45.234 46.319 46.85 46.576 46.569 45.598 45.627 44.945 44.7355 48.491 48.517 48.78 48.597 48.275 47.613 46.545 55.047 58.369 56.313 52.604 51.904 51.637 51.441 52.568 52.832 51.533 50.751 50.008 50.625 51.656 52.754 53.136 53.192 52.931 53.409 54.693 55.172 55.302 55.387 55.307 54.998 54.632 54.229 53.756 53.158 52.601 52.603 52.991
-999 -999 -999 -999 -999 -999 -999 -999 -999 70.381 70.604 70.80199 70.861 70.37199 70.529 69.944 69.491 69.405 68.09 65.753 61.155 52.713 49.996 47.465 47.079 46.324 47.622 48.593 48.541 48.894 49.758 49.773 49.718 46.387 45.197 45.084 45.284 45.323 45.285 45.318 44.972 44.701 47.797 48.532 48.431 48.469 48.339 48.054 46.836 49.722 57.913 58.86 58.382 57.671 57.106 56.601 56.233 57.167 56.205 54.938 53.18 52.211 51.252 52.207 54.054 54.763 54.891 54.663 54.983 55.662 55.736 55.776 55.92 55.486 55.107 54.511 54.091 54.005 54.131 53.896 54.174 54.153
-999 -999 -999 -999 -999 -999 -999 70.703 70.694 70.612 70.852 70.687 70.402 70.145 69.56599 68.866 68.695 68.336 67.751 65.347 59.586 48.172 47.376 47.649 47.103 46.269 46.386 49.05 48.656 49.159 49.77 49.732 49.734 49.627 48.261 45.592 45.01 44.984 44.87 44.868 44.787 44.844 48.551 48.463 48.344 48.346 48.05 47.711 46.763 48.19 55.468 57.99 58.528 58.744 58.698 58.223 57.866 57.896 57.57 56.647 55.136 54.11 53.518 53.484 54.794 55.289 55.649 55.81 55.851 55.943 56.068 55.852 55.803 55.625 55.048 54.429 54.17 54.426 54.661 54.849 55.096 54.784
-999 -999 -999 -999 69.99699 70.19099 70.355 70.493 70.588 70.792 70.64999 70.53899 70.033 69.666 68.154 66.297 65.55 65.881 65.938 60.519 53.877 48.531 47.679 47.66 47.516 46.44 46.373 50.038 49.786 49.924 49.693 49.65 49.578 49.624 49.643 49.343 49.161 48.674 45.817 45.844 48.352 48.639 48.528 48.454 48.227 48.027 47.593 47.406 47.086 46.567 50.428 54.487 56.824 58.483 58.985 58.783 58.488 58.478 58.881 57.721 56.51 55.452 55.496 55.372 55.685 56.448 56.49 56.267 56.313 56.228 56.108 55.908 55.606 55.471 54.913 54.773 54.784 54.895 55.068 55.202 -999 -999
-999 69.848 69.46799 69.753 69.967 70.17899 70.367 70.35799 70.406 70.919 70.476 70.403 69.64899 68.06499 65.59399 63.787 63.048 63.187 62.738 55.682 51.46 49.378 48.266 48.305 47.708 46.815 46.6 49.778 49.98 49.994 49.728 49.503 49.377 49.442 49.353 49.247 49.064 48.902 48.65 48.93 48.669 48.6055 48.4055 48.337 48.132 47.91 47.851 47.883 47.629 47.072 47.407 50.917 54.577 57.539 58.654 59.063 59.034 58.818 58.547 58.009 57.805 57.316 56.609 56.685 56.443 57.112 57.011 56.682 56.652 56.419 56.205 55.943 55.581 55.404 55.281 55.243 55.228 -999 -999 -999 -999 -999
70.111 69.88 69.85799 69.675 69.92799 69.492 69.098 68.8 69.404 69.962 70.152 69.975 69.096 66.687 64.018 62.384 61.546 61.383 60.126 52.31 49.764 49.343 48.674 49.209 48.603 46.364 46.553 48.23 50.097 49.916 49.739 49.571 49.587 49.427 49.291 49.184 49.029 49.017 48.785 48.724 48.641 48.5015 48.3995 48.307 48.217 48.181 48.126 48.063 47.684 47.117 47.306 49.335 52.074 55.582 58.372 59.472 59.363 58.913 58.504 57.927 57.514 57.378 57.175 57.118 57.08 56.959 57.182 56.941 56.734 56.494 56.317 56.015 55.69 55.661 55.722 -999 -999 -999 -999 -999 -999 -999
69.975 69.765 69.528 69.323 68.439 66.544 65.17 64.043 65.20499 67.18999 69.17899 69.045 68.126 65.68999 63.074 61.559 60.938 59.154 58.311 51.537 49.678 49.511 49.338 49.431 48.313 46.592 46.82 50.488 50.18 50.029 49.853 49.719 49.422 49.356 49.241 49.137 48.966 48.839 48.762 48.636 48.563 48.4545 48.361 48.336 48.256 48.166 47.797 47.599 47.232 46.789 47.681 49.552 51.641 54.726 58.351 59.367 59.376 58.945 58.458 57.998 57.705 57.542 57.426 57.267 57.27 57.384 57.299 57.066 56.617 56.587 56.476 56.077 55.874 -999 -999 -999 -999 -999 -999 -999 -999 -999
69.685 69.55 68.81699 67.808 64.278 61.491 58.982 58.93 59.799 62.546 65.06 66.76099 65.458 63.094 61.505 61.223 60.438 57.32 53.204 51.16 50.053 49.68 49.628 49.085 48.224 48.658 46.867 50.6 50.214 49.954 49.807 49.593 49.417 49.309 49.208 49.106 48.933 48.717 48.717 48.515 48.523 48.503 48.4085 48.421 48.192 47.982 47.82 47.668 47.494 46.801 48.533 50.55 52.841 55.49 57.781 58.938 58.96 58.767 58.296 58.003 57.545 57.418 57.627 57.341 57.321 57.226 57.332 57.263 56.96 56.92 56.463 -999 -999 -999 -999 -999 -999 -999 -999 -999 -999 -999
68.606 68.49699 67.604 64.027 60.358 57.775 55.277 55.757 56.619 58.214 60.678 62.033 54.994 52.39 52.067 57.272 59.21 54.35 51.83 51.21 50.377 49.701 48.923 48.603 47.692 47.241 46.96 50.555 50.201 49.925 49.876 49.438 49.461 49.289 49.224 49.138 49.152 48.854 48.813 48.637 48.463 48.5345 48.3015 48.286 48.033 47.478 47.59 47.592 47.233 46.977 49.401 53.217 56.623 57.017 58.472 58.996 58.758 58.513 58.048 57.827 57.323 57.38 57.405 57.355 57.267 57.028 56.81 56.692 56.731 -999 -999 -999 -999 -999 -999 -999 -999 -999 -999 -999 -999 -999
67.573 67.62299 66.696 62.509 58.714 55.173 54.02 54.018 54.939 55.817 56.431 50.625 48.731 48.166 47.521 47.493 52.797 51.966 51.184 50.986 50.457 49.467 48.87 46.906 47.589 46.774 48.894 50.572 50.247 49.956 49.701 49.685 49.499 49.334 49.239 49.148 49.04 48.887 48.795 48.571 48.616 48.5175 48.023 47.729 47.903 48.004 47.724 47.493 47.426 47.201 49.177 54.344 57.428 57.764 58.555 58.816 58.54 58.308 57.82 57.875 57.479 57.396 57.389 57.291 57.164 56.855 56.513 56.393 -999 -999 -999 -999 -999 -999 -999 -999 -999 -999 -999 -999 -999 -999
65.48399 66.155 66.01199 63.952 59.285 55.209 53.327 52.966 53.091 53.237 51.027 49.147 48.942 48.143 49.223 49.36 47.573 47.611 47.134 47.112 47.357 47.239 46.929 48.694 47.07 46.93 50.729 50.328 50.186 49.972 49.581 49.551 49.452 49.371 49.304 49.254 49.119 49.027 48.896 48.753 48.762 48.5515 48.253 48.213 48.375 48.491 48.129 48.012 47.783 47.883 48.264 52.56 56.999 58.213 58.07 58.597 58.441 58.245 57.974 57.654 57.478 57.346 57.338 57.252 57.094 56.83 -999 -999 -999 -999 -999 -999 -999 -999 -999 -999 -999 -999 -999 -999 -999 -999
62.975 63.826 63.946 61.671 58.37 54.878 52.771 52.25 52.078 51.468 49.396 49.232 48.767 47.744 49.528 50.268 50.33 49.357 47.536 47.464 47.772 47.271 47.221 47.059 47.441 50.855 50.581 50.405 50.114 49.872 49.763 49.861 49.632 49.399 49.406 49.299 49.194 49.034 48.946 48.766 48.738 48.608 48.3865 48.369 48.622 48.295 48.237 48.143 48.205 48.008 47.979 50.388 53.144 55.628 57.098 57.848 58.382 58.31 58.08 57.733 57.428 57.423 57.385 57.236 -999 -999 -999 -999 -999 -999 -999 -999 -999 -999 -999 -999 -999 -999 -999 -999 -999 -999
60.4 60.009 58.582 56.407 54.83 53.324 52.183 51.723 51.567 51.414 49.396 49.138 48.292 47.65 51.025 51.191 51.006 49.982 48.545 48.403 48.177 50.394 50.9 50.917 50.826 50.632 50.384 50.357 50.165 49.927 49.825 49.753 49.569 49.331 49.293 49.31 49.221 49.079 48.94 49.012 48.894 48.741 48.589 48.672 48.587 48.44 48.415 48.485 48.345 48.053 48.213 49.497 51.138 54.209 57.149 58.564 58.736 58.511 58.286 57.993 57.807 57.645 -999 -999 -999 -999 -999 -999 -999 -999 -999 -999 -999 -999 -999 -999 -999 -999 -999 -999 -999 -999
56.197 55.512 54.124 52.168 50.084 50.088 52.013 51.709 51.619 51.344 48.723 47.963 47.711 51.109 51.332 51.465 51.308 51.32 50.963 50.33 50.822 50.996 50.859 50.784 50.584 50.706 50.41 50.295 50.165 49.969 49.802 49.612 49.442 49.578 49.345 49.393 49.303 49.197 49.087 49.011 48.928 48.78 48.6185 48.567 48.37 48.378 48.56 48.286 47.921 47.92 48.241 49.031 50.322 54.25 57.424 58.551 58.711 58.602 58.526 58.198 57.813 -999 -999 -999 -999 -999 -999 -999 -999 -999 -999 -999 -999 -999 -999 -999 -999 -999 -999 -999 -999 -999
53.485 52.734 52.34 50.536 49.792 49.177 48.351 48.245 47.905 47.988 48.051 48.064 50.726 51.503 51.325 51.506 51.359 51.454 51.273 51.024 50.976 50.788 50.622 50.467 50.447 50.513 50.327 50.263 50.18 49.956 49.732 49.585 49.56 49.333 49.391 49.399 49.365 49.317 49.224 49.156 49.041 48.7155 48.6135 48.629 48.43 48.322 48.406 48.119 47.933 48.154 48.507 49.005 49.96 52.449 56.539 58.07 58.276 58.642 58.653 58.305 -999 -999 -999 -999 -999 -999 -999 -999 -999 -999 -999 -999 -999 -999 -999 -999 -999 -999 -999 -999 -999 -999
52.561 52.06 51.522 50.059 48.58 48.657 51.023 50.892 49.387 49.01 49.134 49.776 51.204 51.325 51.343 51.526 51.438 51.392 51.259 51.118 50.916 50.637 50.527 50.398 50.42 50.441 50.288 50.224 50.153 49.83 49.635 49.494 49.538 49.535 49.541 49.365 49.551 49.508 49.391 49.358 49.606 49.271 49.639 50.158 50.363 51.107 50.329 49.097 48.665 48.575 48.891 49.4 49.659 51.931 56.506 57.917 58.434 58.838 58.689 -999 -999 -999 -999 -999 -999 -999 -999 -999 -999 -999 -999 -999 -999 -999 -999 -999 -999 -999 -999 -999 -999 -999
52.301 52.053 49.16 48.405 50.101 51.594 51.478 51.489 51.569 51.017 51.484 51.666 51.694 51.587 51.464 51.468 51.426 51.33 51.263 51.139 50.938 50.781 50.632 50.611 50.542 50.403 50.353 50.294 50.22 49.917 49.572 49.611 49.704 50.016 49.851 49.746 49.802 49.787 49.883 50.446 51.006 51.1195 52.304 53.645 54.981 56.017 54.474 51.686 50.103 50.262 50.227 50.412 50.608 52.151 56.622 58.428 58.927 58.966 -999 -999 -999 -999 -999 -999 -999 -999 -999 -999 -999 -999 -999 -999 -999 -999 -999 -999 -999 -999 -999 -999 -999 -999
51.066 48.4 49.116 51.705 51.805 51.854 52.056 51.867 51.982 52.018 52.003 51.81 51.666 51.557 51.603 51.463 51.452 51.419 51.285 51.161 51.068 50.846 50.904 50.85 50.584 50.394 50.397 50.583 50.436 50.342 49.952 49.896 50.107 50.292 50.156 50.056 50.642 50.919 51.26 52.473 53.162 54.3955 56.6025 58.527 58.995 59.339 58.409 55.64 54.501 54.187 54.136 51.649 51.382 52.957 56.969 58.412 58.981 -999 -999 -999 -999 -999 -999 -999 -999 -999 -999 -999 -999 -999 -999 -999 -999 -999 -999 -999 -999 -999 -999 -999 -999 -999
48.663 51.431 51.822 51.893 52.045 52.154 52.226 52.194 52.189 52.144 52.048 51.91 51.63 51.672 51.888 52.21 52.768 52.117 51.772 51.58 51.064 51.036 51.285 51.338 50.977 50.659 50.725 51.047 51.354 52.296 51.967 51.106 50.589 50.856 50.658 51.491 52.763 53.957 55.237 55.746 56.254 58.077 59.75 60.215 60.069 60.072 59.896 59.098 59.064 58.871 57.73 53.845 52.174 52.503 55.866 58.54 -999 -999 -999 -999 -999 -999 -999 -999 -999 -999 -999 -999 -999 -999 -999 -999 -999 -999 -999 -999 -999 -999 -999 -999 -999 -999
51.752 51.877 51.866 52.193 52.297 52.402 52.415 52.44 52.339 52.24 52.137 51.939 52.104 52.682 53.046 53.795 54.265 53.946 53.406 52.523 51.931 52.259 52.197 52.015 51.575 51.098 51.446 52.194 53.495 55.27 55.056 54.062 52.323 51.325 51.46 53.515 55.849 57.336 58.645 59.323 59.592 60.0695 60.4695 60.769 60.433 60.569 60.325 60.217 60.541 59.886 57.771 53.992 52.93 53.061 54.83 -999 -999 -999 -999 -999 -999 -999 -999 -999 -999 -999 -999 -999 -999 -999 -999 -999 -999 -999 -999 -999 -999 -999 -999 -999 -999 -999
