test/DeltaShell.Plugins.DelftModels.HydroModel.Tests/test-data/AcceptanceModels/SOBEK2/DarEsSalaam/InputData/FIXED/cowi_dar_dtm_20m_cor_bridge_sobek_v2.asc
ncols         707
nrows         506
xllcorner     517520.00012207
yllcorner     9239740.0001221
cellsize      20
NODATA_value  -9999
[rows 170 to 203 of 506, columns 380 to 455 of 707]
25.629 24.878 25.56 26.542 26.679 26.18 25.295 24.157 24.644 26.272 26.74 26.491 26.275 26.246 25.859 25.438 25.154 23.804 21.987 21.308 20.225 19.116 18.962 18.784 18.479 18.292 17.91 17.879 18.097 17.982 17.998 17.923 17.571 17.33 17.053 16.549 15.851 16.374 18.443 22.676 24.239 24.736 24.84 24.914 24.98 24.971 25.013 24.728 24.977 24.965 24.888 24.571 23.694 22.67 21.155 18.866 17.041 16.603 16.422 16.124 16.189 17.335 19.137 19.685 17.846 16.068 15.126 14.631 14.306 13.892 13.752 13.74014 13.61266 13.5562 13.514 13.251
24.319 24.128 24.122 25.121 25.95 26.39 26.33 25.992 25.967 26.43 26.484 26.646 26.78 26.634 25.859 24.861 24.111 23.414 22.053 20.198 19.116 18.973 18.973 18.948 18.662 18.375 17.983 17.966 17.902 17.655 17.656 17.871 17.708 17.449 17.055 16.565 15.949 15.811 17.772 20.52 22.766 23.636 23.728 24.302 24.816 24.558 24.05 24.589 24.639 24.387 24.087 23.647 23.023 21.962 20.363 18.116 16.604 16.345 15.951 15.503 15.344 15.412 15.867 16.148 16.039 15.462 14.836 14.544 14.391 13.83512 13.6128 13.66784 13.616 13.489 13.404 13.274
23.229 23.425 23.386 23.589 24.763 26.076 26.066 25.765 25.758 25.873 26.161 26.477 26.471 25.955 25.672 23.457 21.993 21.867 20.797 19.48 18.925 18.833 19.044 19.054 18.698 18.45304 18.13031 18.16568 18.157 17.865 17.794 17.78 17.708 17.423 17.035 16.596 16.095 15.653 16.648 17.798 20.208 20.927 20.864 22.202 23.888 23.498 22.655 23.619 23.748 23.419 22.987 22.605 22.214 21.357 20.234 18.891 17.6 16.699 15.814 15.353 15.125 15.146 15.303 15.381 15.337 15.065 14.782 14.8 14.8 13.90967 13.62418 13.6455 13.65 13.469 13.382 13.292
22.844 22.672 22.434 22.838 23.895 25.011 25.499 25.072 24.402 25.292 25.7 25.859 25.767 25.181 24.231 22.142 20.5 20.386 19.805 19.38 18.808 18.696 19.05883 18.84346 18.27663 18.18555 17.99511 17.99843 18.37873 18.23747 17.847 17.609 17.44 17.204 17.008 16.631 16.227 15.749 15.697 16.828 17.806 18.736 19.062 20.522 22.127 20.699 20.294 22.578 23.156 22.533 21.873 21.458 21.129 20.963 20.497 19.747 18.601 16.884 15.665 15.107 14.8509 14.88517 14.71135 14.79 14.803 14.799 14.78 14.73878 14.8 14.8 13.766 13.651 13.617 13.548 13.46 13.304
22.512 22.473 22.301 22.455 22.669 23.178 23.83 23.297 23.067 24.645 25.236 24.261 23.483 22.289 21.655 20.392 19.768 19.463 19.428 19.166 18.73147 18.62503 18.8125 18.23081 17.917 17.844 17.763 17.689 17.797 18.65603 18.422 17.433 17.145 16.976 16.891 16.659 16.353 16.036 15.521 15.788 16.8 16.94 17.844 19.486 21.264 18.625 18.687 20.429 22.727 21.317 20.229 19.817 19.936 20.422 20.257 19.1 17.596 15.934 15.06403 14.65217 14.7767 15.104 14.61899 14.37 14.51685 14.589 14.55146 14.53019 14.504 14.8 13.964 13.787 13.622 13.379 13.447 13.473
22.111 21.978 21.669 21.255 21.367 21.66 21.785 21.673 21.931 23.068 24.376 23.421 22.217 20.888 20.035 19.585 19.095 19.166 19.35 18.84638 18.44708 18.21493 18.047 18.014 17.892 17.639 17.556 17.508 17.494 17.391 18.18098 17.95781 17.016 16.896 16.876 16.722 16.599 16.496 16.404 16.1047 16.47926 16.59 16.846 16.958 17.801 16.881 17.281 18.905 21.394 19.345 17.985 17.87 17.644 17.363 17.261 16.592 15.75128 15.5595 14.99092 14.753 14.658 14.857 14.696 14.3786 14.37384 14.3694 14.404 14.56496 14.829 14.691 15.112 14.05 13.896 13.774 13.702 13.839
21.842 21.703 21.362 20.825 20.358 20.828 20.628 21.013 21.275 21.342 21.802 22.918 22.167 20.494 19.576 19.216 19.018 18.9762 18.88509 18.58338 18.416 18.304 18.193 18.152 18.034 17.867 17.692 17.514 17.474 17.404 17.517 17.70157 17.35913 17.03214 16.963 16.908 17.27853 17.31766 17.14795 17.03709 16.39635 16.233 16.259 15.983 15.543 15.63006 15.861 16.747 16.706 17.146 16.437 16.474 16.434 16.122 15.724 15.33945 15.44652 15.59895 15.292 14.962 14.726 14.702 14.607 14.371 14.311 14.293 14.371 14.506 14.599 14.55 14.79 15.027 14.644 14.465 14.726 14.977
21.70874 21.77491 21.42683 20.97924 20.07185 20.13712 19.851 20.079 20.06619 19.841 19.999 20.554 20.182 19.255 18.623 18.88371 19.01914 18.93102 18.67 18.586 18.572 18.442 18.326 18.285 18.14 18.003 17.832 17.475 17.415 17.489 17.708 17.504 17.36245 17.21134 17.0789 17.13688 17.24562 17.13283 17.076 16.858 16.43484 16.09744 15.941 15.72908 15.48967 15.39866 15.48271 15.60489 15.29934 15.5 15.61659 15.89678 15.81619 15.51172 15.31634 15.125 15.1387 15.23 15.076 14.982 14.624 14.513 14.543 14.42 14.354 14.399 14.504 14.551 14.39 14.465 14.842 15.022 15.355 16.329 17.614 19.483
21.97634 21.79928 21.46207 20.98448 20.41848 20.19364 20.08015 20.08329 20.00233 19.71612 19.2965 19.46467 19.18985 18.839 18.668 18.85188 19.009 18.937 18.69 18.698 18.771 18.65 18.49 18.381 18.221 18.03 17.908 17.516 17.398 17.304 17.39 17.369 17.444 17.432 16.97315 17.05441 17.124 16.934 16.82 16.617 16.541 16.32342 16.08385 15.91981 15.647 15.44903 15.448 15.5641 15.51321 15.64545 15.78895 15.73555 15.70211 15.43952 15.637 15.275 15.104 15.051 14.961 14.922 14.557 14.449 14.559 14.538 14.477 14.511 14.672 14.767 14.603 14.763 15.21 18.195 20.498 20.281 20.533 20.388
22.22934 21.79414 21.51912 21.13568 20.73755 20.45209 20.49561 20.44547 20.42728 20.07457 19.19149 19.23174 19.31884 19.2062 19.2731 19.26574 19.138 19.043 18.943 18.955 18.864 18.769 18.651 18.465 18.293 18.104 17.975 17.758 17.533 17.314 17.299 17.283 17.295 17.307 17.052 16.854 16.728 16.626 16.592 16.548 16.46 16.39 16.221 16.054 15.719 15.527 15.582 15.643 15.70247 15.73583 15.827 15.848 15.854 15.51 15.398 15.205 15.034 14.948 14.855 14.862 14.696 14.628 14.629 14.653 14.528 14.531 14.795 15.143 15.12 15.508 17.446 22.002 22.015 21.887 21.74 21.165
22.262 21.918 21.645 21.42684 21.248 20.744 20.86 20.807 20.741 20.357 19.878 19.857 19.87 19.836 19.761 19.714 19.566 19.252 19.096 19.029 18.958 18.89 18.716 18.524 18.345 18.153 18.05 17.887 17.717 17.376 17.276 17.247 17.196 17.136 17.034 16.869 16.659 16.616 16.632 16.664 16.527 16.429 16.291 16.099 15.853 15.646 15.638 15.616 15.581 15.429 15.406 15.521 15.606 15.571 15.375 15.194 15.046 14.955 14.883 14.964 14.801 14.744 14.691 14.668 14.66 14.827 15.249 15.671 15.727 16.42 20.257 22.873 22.856 22.776 22.552 22.144
22.212 21.844 21.698 21.382 21.148 20.844 20.864 20.742 20.39 19.881 19.861 19.839 19.751 19.713 19.785 19.698 19.586 19.339 19.179 19.09 19.008 18.95 18.798 18.592 18.434 18.218 18.122 17.972 17.732 17.412 17.299 17.221 17.122 17.05 16.988 16.912 16.846 16.806 16.818 16.705 16.629 16.489 16.329 16.171 16.002 15.853 15.852 15.676 15.564 15.428 15.564 15.514 15.481 15.486 15.363 15.251 15.157 15.079 15.001 15.042 14.962 15.015 15.072 15.015 15.099 15.438 16.276 16.476 16.742 18.646 22.436 22.986 22.989 22.984 22.685 22.47
22.072 21.789 21.547 21.215 20.988 20.69 20.585 20.563 20.425 20.061 19.838 19.638 19.469 19.557 19.705 19.656 19.507 19.348 19.18 19.106 19.053 19.01 18.818 18.699 18.461 18.278 18.127 17.971 17.712 17.491 17.38 17.275 17.107 16.976 16.962 16.946 16.903 16.851 16.83 16.98 17.025 16.51 16.365 16.234 16.103 15.986 15.827 15.711 15.782 15.596 15.435 15.448 15.43 15.436 15.371 15.321 15.268 15.203 15.153 15.157 15.2 15.296 15.469 15.623 16.206 17.81 19.96 19.064 18.247 21.93 22.975 23.016 22.868 22.783 22.654 22.251
21.95 21.716 21.407 21.157 21.029 20.988 20.921 20.675 20.361 20.057 19.824 19.593 19.461 19.481 19.593 19.512 19.415 19.317 19.148 19.097 19.077 19.005 18.876 18.728 18.521 18.343 18.168 18.028 17.842 17.656 17.583 17.341 17.075 16.912 16.886 16.896 16.832 16.822 16.722 16.724 16.739 16.52 16.423 16.298 16.185 16.108 15.919 15.792 15.732 15.609 15.402 15.45 15.447 15.443 15.4 15.416 15.417 15.365 15.304 15.303 15.379 15.542 15.717 16.311 17.101 20.172 21.171 20.798 22.275 23.184 23.254 23.013 22.505 21.809 21.424 21.488
22.189 21.741 21.354 21.042 20.884 20.811 20.854 20.658 20.331 20.034 19.775 19.637 19.564 19.531 19.602 19.532 19.391 19.27 19.124 19.025 18.999 18.961 18.903 18.787 18.599 18.446 18.21 18.047 17.869 17.65 17.589 17.359 17.111 16.967 16.896 16.869 16.804 16.8 16.678 16.629 16.619 16.478 16.422 16.32 16.234 16.134 15.954 15.785 15.72 15.613 15.669 15.576 15.499 15.512 15.514 15.628 15.778 15.614 15.506 15.433 15.48 15.72 17.146 19.588 20.871 21.921 22.9 23.753 23.744 23.393 23.227 22.872 21.913 21.019 20.049 19.439
22.382 21.811 21.246 20.92 20.729 20.636 20.663 20.438 20.205 19.966 19.701 19.577 19.58 19.563 19.684 19.646 19.447 19.303 19.112 18.979 18.927 18.926 18.814 18.724 18.563 18.417 18.193 18.041 17.919 17.779 17.6 17.424 17.165 17.037 16.949 16.913 16.864 16.812 16.662 16.625 16.639 16.59 16.51 16.441 16.37 16.269 16.058 15.736 15.614 15.554 15.641 15.564 15.546 15.586 15.807 16.013 15.928 15.857 16.04 15.883 15.644 15.929 17.285 20.463 22.482 22.99 23.707 23.851 23.85 23.511 23.115 22.71 21.866 20.947 20.171 19.07
22.87 22.073 21.452 21.011 20.717 20.558 20.496 20.142 19.973 19.817 19.679 19.517 19.542 19.587 19.846 19.804 19.583 19.434 19.19 19.058 18.956 18.932 18.807 18.741 18.546 18.436 18.158 18.018 17.925 17.859 17.684 17.474 17.212 16.99 16.974 16.97 16.955 16.846 16.734 16.857 16.864 16.883 17.11 17.52 17.345 16.706 16.358 15.852 15.5 15.421 15.503 15.467 15.481 15.747 16.148 16.494 16.439 16.777 17.386 17.31 16.472 16.596 17.513 20.817 23.192 23.768 23.873 23.987 23.675 23.462 23.247 22.56 21.793 21.859 20.902 19.45
22.749 22.373 21.824 21.401 20.787 20.387 20.012 19.834 19.783 19.731 19.653 19.412 19.568 19.851 20.025 19.951 19.626 19.451 19.174 19.012 18.878 18.612 18.492 18.58 18.398 17.817 17.97 17.922 17.898 17.796 17.768 17.66 17.284 17.101 17.05 17.029 16.977 16.911 16.936 16.915 16.852 17.222 17.656 18.446 18.524 17.875 17.53 15.999 15.362 15.26 15.271 15.377 15.526 15.938 16.498 18.145 18.728 20.161 21.594 19.622 17.18 16.823 17.651 20.954 23.593 23.905 23.919 23.739 23.469 23.423 23.391 22.558 21.793 21.422 20.441 19.33
22.401 22.494 22.063 21.638 21.172 20.516 20.057 19.738 19.51 19.738 19.729 19.926 19.908 19.903 19.89 19.925 19.831 19.65 19.064 18.82382 18.699 18.61245 18.38226 18.2824 17.981 17.79145 17.836 17.75 17.681 17.595 17.546 17.584 17.261 17.105 17.026 17.008 16.998 16.981 16.94 16.845 16.937 17.447 17.894 18.537 17.72 17.218 16.864 15.962 15.135 14.958 14.998 15.183 15.491 16.013 16.808 18.915 20.567 22.34 22.459 21.191 17.732 17.344 18.192 21.641 23.604 23.696 23.835 23.787 23.562 23.222 22.791 21.937 21.125 20.208 19.791 19.082
22.211 22.327 22.13 21.921 21.595 20.774 20.222 19.716 19.494 19.52 19.732 20.051 19.864 19.64795 19.74531 19.8379 19.78991 19.47612 19.05841 18.8755 18.66385 18.73516 18.79727 18.37513 18.14113 17.77447 17.75987 17.677 17.576 17.317 16.991 17.08945 16.47194 16.62717 16.886 16.999 17.07 16.998 16.973 16.848 16.984 17.561 17.774 17.6 16.709 16.141 15.926 15.799 14.88 14.634 14.718 15.142 15.429 15.998 16.608 18.223 19.897 22.167 22.987 22.476 19.373 18.801 20.785 22.957 23.605 23.575 23.717 23.723 23.564 22.985 21.944 21.239 20.404 19.979 19.748 20.082
21.91 22.056 22.016 21.99 21.974 21.229 20.457 19.945 19.726 19.78616 20.37059 21.02354 20.91546 20.81581 20.5276 20.34998 20.0855 19.68984 19.34029 19.19 18.952 19.21 20.433 20.305 19.767 18.809 17.67999 17.53834 17.37392 17.10356 17.54006 17.53456 17.29558 16.88885 16.77175 16.853 17.011 16.935 16.929 16.633 16.582 16.68 16.588 16.35098 16.05807 15.87745 15.58437 15.41658 14.97179 14.81707 15.13903 15.468 15.472 15.836 16.42 17.297 19.137 20.399 22.981 22.999 21.755 21.573 22.516 23.317 23.696 23.823 23.666 23.708 23.582 22.698 21.744 21.24 20.479 20.165 20.305 21.329
21.572 21.779 21.794 21.765 21.737 21.759 20.94672 20.1304 20.66822 21.48269 22.86341 23.292 23.074 22.804 22.726 22.689 22.448 21.561 20.715 20.42 20.219 22.364 22.449 22.186 21.292 20.186 19.125 18.333 17.80633 18.78756 20.098 19.877 19.392 19.067 17.682 16.67122 16.22514 16.464 16.677 16.204 16.125 15.763 15.55445 15.92839 16.002 15.92 15.614 15.463 15.531 15.58362 15.42884 15.38778 15.08033 15.438 15.987 16.479 16.944 18.208 20.106 22.841 23.147 23.256 22.897 23.28 23.883 24.065 23.94 23.635 23.215 22.586 21.69 21.478 21.325 21.065 21.472 22.124
21.189 21.33993 21.67494 21.63474 21.63686 21.92193 21.90735 21.92011 22.59474 23.224 23.767 24.141 24.172 24.037 23.84 23.898 23.798 23.625 24.052 24.527 24.42 24.084 23.577 23.354 23.277 22.222 21.231 20.225 19.409 20.224 20.957 19.377 18.25 18.14 18.078 17.448 15.43595 15.96437 15.80514 15.46183 15.284 15.186 15.41758 15.803 16.078 16.11 15.858 15.785 15.883 15.889 15.58 15.11992 14.63872 14.498 15.509 16.047 16.567 17.296 18.472 22.077 23.069 22.793 23.365 23.838 23.892 23.867 23.771 23.372 22.935 22.322 21.647 21.786 21.783 21.935 22.426 22.805
20.49439 20.7613 21.27032 22.42252 21.96136 22.279 22.556 22.651 23.096 24.158 24.424 24.485 24.504 24.485 24.357 24.392 24.525 24.208 24.401 24.471 24.39 24.194 23.989 23.917 23.874 23.709 23.073 22.323 21.121 20.873 19.788 18.339 17.512 17.106 16.915 16.56 16.129 16.183 15.93464 15.5286 15.48213 15.88503 16.148 16.166 16.325 16.397 16.201 16.165 16.246 16.245 16.153 15.763 15.24902 14.63943 14.93252 15.767 16.6 17.43 18.262 20.057 21.502 23.685 24.238 24.497 24.069 23.866 23.653 23.238 22.499 22.003 22.004 22.171 22.401 22.641 22.817 22.944
20.634 20.706 22.752 26.575 26.35 24.605 22.746 22.909 22.752 23.581 24.161 24.362 24.611 24.645 24.683 24.604 24.906 24.6 24.6 24.577 24.41 24.256 24.1 23.999 23.862 23.694 23.451 22.259 20.984 20.175 18.245 17.43 16.95 16.386 15.944 16.332 16.548 16.494 16.348 16.211 16.103 16.602 16.963 16.675 16.802 16.87 16.832 16.683 16.773 16.773 16.873 17.107 16.049 15.25271 15.32882 16.04 16.932 17.625 18.248 19.349 23.182 23.876 24.222 24.124 23.914 23.754 23.468 22.994 22.594 22.27 22.447 22.704 23.178 23.344 23.255 23.213
21.197 21.699 23.915 26.965 28.125 28.496 28.201 22.921 23.078 22.889 23.599 23.979 24.305 24.44 24.693 24.578 24.611 24.624 24.652 24.515 24.401 24.248 24.101 23.913 23.694 23.452 23.122 20.136 19.251 17.624 17.17 16.946 16.511 16.001 16.235 16.563 16.648 16.755 16.764 16.744 16.888 17.579 18.166 18.094 17.453 17.857 17.955 17.454 17.434 17.309 17.453 17.689 16.559 15.6698 15.41599 16.387 16.977 17.596 18.369 20.675 22.373 23.293 23.911 23.859 23.356 22.621 22.447 22.401 22.318 22.594 22.902 23.189 23.504 23.786 23.57 23.568
21.892 22.169 23.412 26.337 27.71 28.536 29.158 28.664 23.138 23.209 23.183 23.631 24.049 24.672 24.846 24.735 24.705 24.597 24.602 24.618 24.476 24.258 24.058 23.847 23.678 23.292 22.85 19.11 17.576 17.119 16.382 16.347 16.502 16.746 16.985 16.927 16.897 17.117 17.443 17.705 18.122 18.831 20.787 21.929 23.04 24.102 21.414 18.732 18.41 18.169 18.032 17.607 16.945 15.93461 15.7457 16.607 16.937 17.377 18.022 19.79 21.903 22.344 22.588 21.701 20.328 19.895 20.895 21.263 21.418 22.441 23.14 23.468 23.64 23.853 23.795 23.766
-9999 -9999 -9999 -9999 -9999 -9999 -9999 -9999 -9999 -9999 -9999 -9999 -9999 -9999 -9999 -9999 -9999 -9999 -9999 -9999 24.569 24.243 24.016 23.796 23.579 23.143 22.577 18.95 17.354 16.737 16.665 17.134 17.71 17.896 17.912 17.475 17.475 17.668 18.957 23.391 25.088 25.074 25.176 25.137 25.036 25.158 23.725 20.995 20.112 20.128 20.031 18.995 17.02 15.65366 15.38442 16.235 16.326 16.344 17.06 18.367 19.315 20.473 20.229 18.524 17.584 17.123 17.061 18.229 20.564 22.377 23.034 23.587 23.945 23.951 23.94 23.997
-9999 -9999 -9999 -9999 -9999 -9999 -9999 -9999 -9999 -9999 -9999 -9999 -9999 -9999 -9999 -9999 -9999 -9999 -9999 -9999 -9999 -9999 -9999 -9999 23.244 22.726 22.21 18.649 17.477 16.729 17.371 18.614 21.576 21.577 21.306 19.726 18.336 19.248 26.391 27.321 27.812 27.841 27.679 26.46 26.145 26.111 24.722 23.086 22.41 21.549 20.241 18.163 16.563 15.40691 15.12006 15.54 15.635 15.499 15.623 16.565 16.566 17.243 17.319 16.153 15.328 15.224 15.092 15.815 17.774 21.789 22.495 22.671 23.514 23.719 23.844 24.045
-9999 -9999 -9999 -9999 -9999 -9999 -9999 -9999 -9999 -9999 -9999 -9999 -9999 -9999 -9999 -9999 -9999 -9999 -9999 -9999 -9999 -9999 -9999 -9999 -9999 -9999 -9999 -9999 -9999 16.811 17.948 22.621 23.299 23.396 23.369 23.292 22.861 25.997 27.645 28.212 28.671 28.568 28.322 27.774 27.166 26.908 25.513 23.903 23.313 22.489 21.242 19.641 18.502 15.82881 14.92567 14.719 14.935 14.913 14.944 15.067 15.078 15.272 15.268 14.731 14.403 14.351 14.372 14.748 15.61 18.754 20.525 22.117 23.124 22.111 21.801 21.91
-9999 -9999 -9999 -9999 -9999 -9999 -9999 -9999 -9999 -9999 -9999 -9999 -9999 -9999 -9999 -9999 -9999 -9999 -9999 -9999 -9999 -9999 -9999 -9999 -9999 -9999 -9999 -9999 -9999 -9999 -9999 -9999 -9999 24.189 25.007 25.593 26.221 27.024 27.921 28.53 28.93 28.934 28.848 28.44 27.421 26.648 25.344 24.589 24.651 24.428 22.618 20.384 18.608 16.918 14.70115 14.39424 14.561 14.585 14.395 14.694 14.297 14.046 13.62 13.583 13.548 13.77 13.872 13.852 14.43 14.976 17.536 20.667 22.127 19.765 17.394 17.716
-9999 -9999 -9999 -9999 -9999 -9999 -9999 -9999 -9999 -9999 -9999 -9999 -9999 -9999 -9999 -9999 -9999 -9999 -9999 -9999 -9999 -9999 -9999 -9999 -9999 -9999 -9999 -9999 -9999 -9999 -9999 -9999 -9999 -9999 -9999 -9999 -9999 -9999 -9999 -9999 -9999 29.014 28.906 28.3 27.468 26.341 25.634 25.073 24.742 24.163 22.393 20.255 17.955 15.643 14.40926 13.67136 13.499 13.797 13.884 13.372 12.489 12.63051 12.82161 13.01106 12.97399 13.247 13.512 13.736 14.015 14.193 15.077 18.191 19.443 17.011 15.362 14.784
-9999 -9999 -9999 -9999 -9999 -9999 -9999 -9999 -9999 -9999 -9999 -9999 -9999 -9999 -9999 -9999 -9999 -9999 -9999 -9999 -9999 -9999 -9999 -9999 -9999 -9999 -9999 -9999 -9999 -9999 -9999 -9999 -9999 -9999 -9999 -9999 -9999 -9999 -9999 -9999 -9999 -9999 -9999 -9999 27.381 26.538 26.167 25.771 25.134 23.106 20.087 17.929 15.591 14.763 14.377 12.85685 12.635 12.701 12.727 12.109 11.855 12.88034 13.24417 13.19775 12.5784 12.15706 12.406 13.06 13.425 13.74 14.34 17.73 17.938 15.867 14.151 13.864
-9999 -9999 -9999 -9999 -9999 -9999 -9999 -9999 -9999 -9999 -9999 -9999 -9999 -9999 -9999 -9999 -9999 -9999 -9999 -9999 -9999 -9999 -9999 -9999 -9999 -9999 -9999 -9999 -9999 -9999 -9999 -9999 -9999 -9999 -9999 -9999 -9999 -9999 -9999 -9999 -9999 -9999 -9999 -9999 27.745 27.402 26.918 24.845 21.356 18.673 17.104 16.289 15.593 14.989 14.228 12.81739 12.11482 12.088 12.111 12.47287 13.59055 13.953 13.841 13.631 13.405 12.25141 11.92708 12.28019 12.632 13.006 13.752 16.464 16.41 15.217 13.664 13.375
