test/DeltaShell.Plugins.DelftModels.HydroModel.Tests/test-data/AcceptanceModels/SOBEK2/DarEsSalaam/InputData/FIXED/cowi_dar_dtm_20m_cor_bridge_sobek_v2.asc
ncols         707
nrows         506
xllcorner     517520.00012207
yllcorner     9239740.0001221
cellsize      20
NODATA_value  -9999
[rows 204 to 237 of 506, columns 456 to 531 of 707]
12.761 12.468 12.377 12.197 12.12 12.215 12.22 11.798 11.649 10.721 10.502 11.51553 11.05806 11.56 11.556 11.35 11.09 10.858 10.787 10.643 10.476 10.383 10.344 10.278 10.163 10.087 9.97 9.848 9.812 9.737 9.49 9.444 9.407 9.532 9.287 9.120999 9.106 9.01 8.911 8.957 8.983 8.9 8.84 8.723 8.638 8.566 8.604 8.561 8.471 8.485 8.513 8.349999 8.281 8.359 8.44 8.454 8.684 8.895 8.846 8.315 7.934999 7.957 7.976 7.974 7.922 7.91 8.511 13.897 18.97 21.39 21.894 21.988 22.103 22.062 21.944 21.906
12.335 12.417 12.293 12.065 11.827 11.822 11.777 11.316 10.935 10.586 11.15107 11.41756 11.13967 11.429 11.555 11.307 11.105 10.97 10.806 10.585 10.374 10.365 10.35 10.323 10.248 10.168 10.023 9.898 9.808 9.734 9.583 9.524 9.524 9.443 9.131 9.264999 9.425 9.242 9.059999 9.017 8.962 8.947 8.870999 8.738999 8.651999 8.611 8.613 8.563 8.464 8.474 8.491 8.546 8.467 8.474 8.57 8.861 9.988 10.429 9.769 8.962 8.217 8.092 8.052 8.111 7.934999 7.875999 7.839 8.295 14.912 19.391 21.14 21.805 22.015 21.966 21.808 21.392
11.24586 11.20489 11.44109 11.141 10.98067 10.56268 10.86902 10.96442 10.82626 11.17903 11.15577 11.48393 11.586 11.555 11.454 11.27 11.074 10.85 10.718 10.594 10.506 10.428 10.398 10.363 10.314 10.217 10.031 9.945 9.807 9.705 9.716 9.738999 9.466 9.372 9.401 9.414 9.41 9.267 9.135 9.057 8.971 8.953 8.908 8.829 8.748 8.653 8.654 8.655 8.684999 8.552 8.47 8.578 8.580999 8.532 8.603 8.875999 11.945 13.599 13.447 9.486 8.48 8.3 8.245999 9.500999 10.055 8.247 7.939 7.889 9.644 12.82 16.948 19.475 20.129 20.123 19.654 19.112
11.32721 11.21247 11.34891 11.18416 11.05851 10.84025 11.10569 11.38269 11.65486 11.791 11.85 11.821 11.766 11.622 11.501 11.263 11.013 10.795 10.698 10.644 10.564 10.48 10.406 10.414 10.361 10.249 10.025 9.908 9.769 9.76 9.794 9.693 9.65 9.556 9.5 9.445 9.337 9.191 9.098 9.052 9.065 9.075 9.028 8.914 8.856 8.773 8.703 8.641 8.597 8.597 8.654 8.737 8.535 8.507999 8.540999 9.697 15.53 16.726 15.173 10.297 8.684999 8.514999 8.389 10.264 14.448 15.263 10.66 8.155 7.944 8.13 10.576 12.471 13.618 13.802 13.506 14.471
11.967 11.663 11.65329 11.60421 11.74008 11.67329 11.818 11.246 11.875 11.822 11.784 11.657 11.696 11.515 11.449 11.257 11.129 10.92 10.838 10.741 10.774 10.67 10.543 10.477 10.432 9.984 9.973 9.888 9.796 9.881 9.927999 9.799 9.672 9.45 9.5 9.479 9.275 9.04 9.061 9.101 9.124 9.113 9.042 8.991 8.94 8.92 8.892 8.667 8.717 8.707 8.668 8.572 8.526999 8.717999 8.991 10.168 16.724 17.913 15.997 11.352 9.406 8.7 8.776999 10.19 15.45 18.383 17.27 12.823 9.579 8.021999 8.266 9.03 10.072 10.357 11.485 13.915
12.139 12.016 11.807 11.988 12.084 12.061 11.937 11.477 11.833 11.736 11.665 11.545 11.467 11.395 11.335 11.114 10.97 10.863 10.972 10.909 10.836 10.712 10.564 10.522 9.941 9.958 9.941 9.941 9.886 9.922 9.847 9.745 9.632999 9.63 9.507999 9.389 9.17 9.061 9.111 9.141 9.13 9.083 8.993 8.98 8.959 8.83 8.83 8.748 8.830999 8.870999 8.61 8.595 8.757999 8.719 9.108 10.265 15.967 18.123 16.883 13.402 9.97 8.932 8.896 9.716 12.458 17.638 19.648 18.147 13.506 8.9 8.158999 8.419 9.625999 10.757 14.357 18.309
12.128 12.103 12.072 12.06 12.064 11.957 11.847 11.72 11.708 11.728 11.6 11.567 11.528 11.478 11.371 11.12 10.785 10.713 10.865 10.822 10.747 10.616 10.576 10.281 9.986 10.074 10.078 10.124 10.126 10.047 9.879 9.855 9.745999 9.591 9.497 9.313 9.103 9.153 9.228 9.224 9.19 9.131 9.052 9.033 9.044 8.995999 9.040999 8.99 9.033 8.918 8.697 8.701 8.841 8.854 9.281 10.627 14.005 18.016 17.913 16.058 12.178 9.891 9.054999 9.667 10.653 14.126 19.254 20.31 17.564 11.728 8.683 8.479 9.578 11.512 16.236 20.737
12.224 12.153 12.14 12.037 12.077 11.896 11.793 11.703 11.52 11.706 11.676 11.631 11.567 11.531 11.439 11.15 11.201 11.046 10.87 10.612 10.499 10.47 10.665 10.52 10.506 10.446 10.427 10.3 10.117 9.988 10.001 9.943 9.787 9.657 9.431 9.223 9.319 9.396999 9.33 9.286 9.245999 9.205999 9.134 9.066999 9.082 9.156 9.167 9.299 9.302 8.972 8.785 8.894 8.967 9.052999 10.292 12.154 16.432 18.638 18.818 17.581 15.25 11.78 9.264999 9.462999 11.269 16.227 19.974 20.525 20.308 15.513 9.755 8.841 10.536 13.81 18.177 21.327
12.274 12.213 12.106 12.002 11.964 11.888 11.739 11.78 11.593 11.756 11.707 11.592 11.554 11.51 11.331 11.511 11.119 10.87 10.806 10.75 10.77 10.769 10.758 10.723 10.547 10.469 10.277 10.133 10.132 10.114 10.065 9.978 9.796 9.620999 9.448 9.388 9.445 9.465 9.348 9.329 9.269 9.297999 9.278 9.271999 9.311 9.267 9.87 10.121 9.589 9.283 9 9.103 9.092 10.622 13.853 16.786 17.843 20.009 19.47 18.206 15.761 11.921 9.245 9.92 11.481 16.901 20.266 20.899 20.975 19.125 12.62 10.503 14.374 18.885 20.877 21.949
12.302 12.327 12.141 12.05 11.971 11.885 11.871 11.909 11.878 11.784 11.743 11.619 11.609 11.517 11.444 11.559 11.41 11.331 11.196 10.761 10.806 10.782 10.662 10.578 10.524 10.382 10.395 10.403 10.461 10.118 9.972 9.895 9.748 9.620999 9.437 9.513 9.531 9.481 9.404 9.37 9.281 9.358 9.327 9.372 9.250999 9.752 11.745 13.311 10.468 9.754 9.941 9.988999 9.987 12.484 16.486 19.873 20.61 20.524 19.944 18.878 15.525 11.494 10.035 10.359 11.316 14.24 19.961 21.074 21.204 20.501 15.603 12.817 16.622 21.429 22.019 22.258
12.4 12.362 12.327 12.054 12.102 11.91 11.963 11.991 11.919 11.722 11.787 11.7 11.805 11.82 12.908 13.674 13.27 11.479 11.514 11.25 11.268 10.815 10.738 10.48 10.464 10.371 10.435 10.424 10.385 10.165 9.966 9.941999 9.768 9.651999 9.543 9.572 9.618999 9.499 9.462 9.639 9.433 9.415 9.403 9.267 9.664 10.009 12.546 15.394 12.065 10.335 10.599 11.119 12.146 13.611 17.118 20.243 20.771 20.6 19.957 18.794 13.489 10.435 10.688 11.321 11.98 13.641 19.404 21.306 21.761 21.469 19.149 16.385 20.374 21.985 22.384 22.653
12.436 12.373 12.385 12.081 12.155 12.064 12.095 12.043 11.983 11.9 11.822 11.984 12.925 12.901 12.825 12.712 12.142 11.774 11.628 11.588 11.409 10.792 10.647 10.469 10.713 11.19 10.556 10.353 10.299 10.15 10.035 9.974999 9.829 9.775 9.695 9.745 9.7 9.717999 9.598 9.602 9.492 9.53 9.437 9.421 9.592999 10.517 13.244 16.474 13.82 11.926 11.278 12.06 13.812 16.261 19.218 20.646 20.895 20.761 19.703 17.097 11.305 11.071 12.184 14.881 14.028 14.273 19.812 21.346 21.844 22.123 21.555 21.462 22.443 22.477 22.549 -9999
12.611 12.499 12.53 12.309 12.285 12.118 12.139 12.142 12.059 12.723 12.19 12.089 13.352 13.56 12.689 12.139 11.699 11.659 11.497 11.203 11.052 10.803 10.625 10.593 11.194 11.813 11.269 10.36 10.319 10.155 10.063 9.944 9.94 9.979 9.882999 9.823999 9.875 9.811 9.716 9.563 9.617 9.523 9.653 9.576 10.122 11.063 15.112 18.408 16.237 13.826 12.348 12.922 15.91 18.617 20.26 20.905 20.993 20.964 19.972 15.583 11.298 11.529 13.577 17.46 18.815 18.676 21.32 21.69 21.901 22.372 22.515 22.535 22.8 22.799 -9999 -9999
12.761 12.663 12.561 12.468 12.381 12.37 12.662 13.154 13.07 12.992 12.895 12.006 13.038 13.495 12.843 11.825 11.236 11.065 10.974 11.005 10.881 10.818 10.68 10.819 11.919 11.939 11.889 10.343 10.255 10.156 10.05 9.986 10.014 10.025 9.985 9.953 9.84 9.952 9.842 9.875999 9.67 10.076 10.053 10.224 11.042 12.111 16.145 20.117 19.037 16.157 13.425 14.194 17.826 19.865 20.629 21.123 21.201 21.159 19.948 15.514 11.578 11.888 14.21 18.896 20.519 21.054 21.492 21.722 22.023 22.419 22.732 22.908 22.907 -9999 -9999 -9999
12.782 12.698 12.619 12.543 12.469 12.675 13.038 13.14 13.059 12.966 12.881 11.849 12.272 13.552 12.99 11.664 11.26 11.131 11.104 11.056 10.941 10.861 11.066 11.84 11.948 11.898 11.694 10.776 10.302 10.244 10.159 10.121 10.106 10.092 10.039 9.988 9.927999 10.046 10.077 9.948999 10.415 11.451 12.241 12.329 13.045 15.127 19.472 20.719 19.277 16.305 14.713 16.288 19.662 20.561 21.382 21.658 21.43 21.316 19.5 15.076 11.76 12.451 15.014 19.804 21.407 21.578 21.751 22.081 22.375 22.625 22.664 -9999 -9999 -9999 -9999 -9999
12.951 12.844 12.887 12.825 12.545 12.939 13.052 13.135 13.08 13.017 12.992 12.112 11.784 12.903 12.696 11.669 11.407 11.24 11.14 11.066 11.058 11.015 12.211 11.88 11.822 11.98 11.696 11.715 10.514 10.373 10.335 10.262 10.23 10.22 10.161 10.08 10.036 10.111 10.32 10.372 10.858 11.915 16.001 18.779 19.042 20.697 21.457 20.602 18.999 17.64 17.414 17.941 20.628 20.937 21.354 21.674 21.428 21.264 19.105 15.908 13.103 12.659 15.65 20.379 21.702 21.969 22.074 22.341 22.567 22.556 -9999 -9999 -9999 -9999 -9999 -9999
12.959 12.991 13.035 13.368 12.818 12.839 13.018 13.11 13.085 13.074 13.046 12.825 11.752 12.483 13.017 11.95 11.353 11.27 11.192 11.08 11.081 11.981 11.92 11.947 11.508 11.615 11.524 11.589 10.907 10.463 10.362 10.317 10.328 10.487 10.326 10.206 10.098 10.225 10.272 10.621 10.944 11.431 17.148 21.267 21.6 21.86 21.6 20.767 20.503 20.288 19.658 20.578 21.338 21.428 21.549 21.626 21.411 21.354 20.093 16.949 14.233 13.342 17.048 20.276 21.586 21.984 22.158 22.358 22.487 -9999 -9999 -9999 -9999 -9999 -9999 -9999
13.055 13.639 13.544 13.151 12.692 12.533 12.879 13.051 13.094 13.12 13.097 13.011 11.79 12.157 12.938 11.989 11.373 11.268 11.235 11.168 11.958 12.027 12.015 12.036 11.534 11.49 11.46 11.553 11.151 10.691 10.421 10.397 10.62 10.615 10.547 10.321 10.278 10.342 10.31 10.562 11.131 11.69 15.879 21.835 22.151 22.146 21.915 21.449 21.302 21.251 21.093 21.432 21.723 21.71 21.747 21.748 21.663 21.622 20.773 17.862 14.472 15.016 17.971 20.776 21.7 22.005 22.167 -9999 -9999 -9999 -9999 -9999 -9999 -9999 -9999 -9999
13.747 13.498 13.355 13.104 12.733 12.446 12.832 13.033 13.122 13.161 13.125 13.031 12.025 11.993 12.635 12.051 11.577 11.348 11.392 11.935 12.096 12.108 12.027 11.836 11.884 11.556 11.685 11.083 10.975 10.834 10.656 10.54 10.57 10.491 10.521 10.433 10.426 10.412 10.401 10.564 11.416 12.407 17.026 21.784 22.587 22.47 22.3 22.037 21.878 21.968 21.983 22.058 22.072 22.081 22.034 21.958 21.923 21.964 21.12 18.869 14.696 16.361 19.435 21.082 21.64 22.041 -9999 -9999 -9999 -9999 -9999 -9999 -9999 -9999 -9999 -9999
13.403 13.373 13.396 13.25 12.885 12.49 12.812 13.053 13.179 13.231 13.219 13.127 12.727 11.832 12.506 12.118 11.704 11.582 11.72 12.251 12.094 12.072 12.008 11.848 11.997 11.696 11.554 11.016 10.961 10.972 10.595 10.523 10.596 10.51 10.534 10.501 10.52 10.537 10.822 11.735 12.801 14.127 21.147 22.516 22.703 22.656 22.573 22.394 22.282 22.337 22.411 22.378 22.353 22.235 22.159 22.061 21.977 21.78 21.22 19.749 15.432 17.505 20.148 21.248 -9999 -9999 -9999 -9999 -9999 -9999 -9999 -9999 -9999 -9999 -9999 -9999
13.537 13.487 13.453 13.348 13.017 12.531 12.854 13.178 13.28 13.339 13.381 13.386 13.182 11.959 12.361 12.13 11.792 11.822 12.369 12.227 12.225 11.985 11.958 11.649 11.956 11.655 11.389 11.179 11.043 10.906 10.755 10.936 10.676 10.676 10.662 10.568 10.596 10.469 11.639 14.379 17.65 21.143 22.188 22.758 22.783 -9999 -9999 22.662 22.702 22.512 22.523 22.492 22.525 22.35 22.26 22.132 21.98 21.951 21.307 20.289 16.379 17.523 -9999 -9999 -9999 -9999 -9999 -9999 -9999 -9999 -9999 -9999 -9999 -9999 -9999 -9999
13.522 13.45 13.423 13.443 13.155 12.841 12.775 13.221 13.368 13.413 13.503 13.615 13.509 11.947 12.356 12.066 11.958 12.354 12.238 12.221 12.232 11.986 11.98 12.023 11.744 11.632 11.399 11.299 11.167 11.051 10.931 10.902 10.767 10.665 10.735 10.683 10.596 10.45 11.806 13.042 18.099 21.357 22.209 22.803 22.832 -9999 -9999 -9999 -9999 -9999 -9999 22.515 22.487 22.362 22.232 22.138 22.075 21.887 21.599 20.925 -9999 -9999 -9999 -9999 -9999 -9999 -9999 -9999 -9999 -9999 -9999 -9999 -9999 -9999 -9999 -9999
13.614 13.577 13.55 13.552 13.417 12.986 12.691 13.108 13.347 13.476 13.586 13.722 13.623 12.965 12.504 12.271 12.561 12.264 12.233 12.217 12.227 12.28 12.075 11.864 11.615 11.474 11.467 11.493 11.409 11.124 11.103 10.954 10.878 10.851 10.737 10.576 10.871 10.685 11.419 13.24 17.885 21.583 22.419 22.72 22.683 -9999 -9999 -9999 -9999 -9999 -9999 -9999 -9999 -9999 -9999 -9999 22.084 21.967 21.873 -9999 -9999 -9999 -9999 -9999 -9999 -9999 -9999 -9999 -9999 -9999 -9999 -9999 -9999 -9999 -9999 -9999
13.647 13.818 13.657 13.614 13.566 13.375 12.686 12.971 13.257 13.381 13.583 13.721 13.673 12.72 12.767 12.859 12.277 12.281 12.25 12.212 12.22 12.291 11.882 11.946 11.62 11.641 11.544 11.605 11.674 11.303 11.199 11.13 11.071 10.909 11.398 11.516 11.216 10.822 11.322 13.136 17.863 21.267 22.379 22.531 22.545 -9999 -9999 -9999 -9999 -9999 -9999 -9999 -9999 -9999 -9999 -9999 -9999 -9999 -9999 -9999 -9999 -9999 -9999 -9999 -9999 -9999 -9999 -9999 -9999 -9999 -9999 -9999 -9999 -9999 -9999 -9999
13.495 13.679 13.806 13.772 13.717 13.634 12.818 13.009 13.295 13.56 13.599 13.631 13.61 12.824 12.885 12.259 12.287 12.328 12.278 12.221 12.267 12.12 11.889 11.853 11.873 11.706 11.522 11.638 11.83 11.443 11.372 11.231 11.656 12.278 13.19 13.205 11.985 11.282 11.075 12.457 16.309 19.291 21.814 22.319 22.584 22.639 -9999 -9999 -9999 -9999 -9999 -9999 -9999 -9999 -9999 -9999 -9999 -9999 -9999 -9999 -9999 -9999 -9999 -9999 -9999 -9999 -9999 -9999 -9999 -9999 -9999 -9999 -9999 -9999 -9999 -9999
13.532 13.782 13.718 13.85 13.948 13.754 13.258 13.211 13.378 13.528 13.469 13.533 13.194 12.952 12.269 12.301 12.361 12.455 12.308 12.27 12.517 12.164 11.878 11.849 11.879 11.773 11.636 11.807 11.833 11.427 11.521 11.752 12.921 14.754 17.394 16.183 12.682 11.885 11.109 11.869 13.557 17.601 21.007 22.051 22.453 22.13 -9999 -9999 -9999 -9999 -9999 -9999 -9999 -9999 -9999 -9999 -9999 -9999 -9999 -9999 -9999 -9999 -9999 -9999 -9999 -9999 -9999 -9999 -9999 -9999 -9999 -9999 -9999 -9999 -9999 -9999
13.695 13.732 13.859 13.85 13.971 13.834 13.659 13.535 13.451 13.41 13.169 12.755 12.797 12.869 12.85 12.386 12.551 12.513 12.356 12.499 12.336 12.164 12.032 11.977 11.952 11.946 11.987 11.999 11.91 11.751 11.7 12.349 13.868 16.258 18.268 17.375 13.724 12.401 11.691 11.766 12.32 14.458 18.902 20.693 21.004 21.107 -9999 -9999 -9999 -9999 -9999 -9999 -9999 -9999 -9999 -9999 -9999 -9999 -9999 -9999 -9999 -9999 -9999 -9999 -9999 -9999 -9999 -9999 -9999 -9999 -9999 -9999 -9999 -9999 -9999 -9999
14.088 13.904 13.851 13.972 14.099 14.069 13.942 13.67 13.38 13.091 12.872 12.845 12.758 12.858 12.976 12.36 12.492 12.51 12.525 12.526 12.308 12.143 12.056 12.047 11.998 12.026 12.064 12.063 11.917 11.705 12.006 12.859 14.653 17.689 19.054 18.093 15.193 12.748 12.134 11.827 11.957 13.684 15.618 17.758 18.222 19.037 20.036 -9999 -9999 -9999 -9999 -9999 -9999 -9999 -9999 -9999 -9999 -9999 -9999 -9999 -9999 -9999 -9999 -9999 -9999 -9999 -9999 -9999 -9999 -9999 -9999 -9999 -9999 -9999 -9999 -9999
14.19 14.102 14.033 14.159 14.277 14.212 13.992 13.92 13.647 13.314 13.11 12.994 12.894 12.908 13.065 12.654 12.339 12.612 12.377 12.579 12.341 12.118 12.001 12.024 11.919 11.791 11.921 12.005 11.795 12.053 12.469 13.588 16.12 19.081 19.906 18.709 16.33 13.576 12.638 12.087 12.338 13.536 14.022 15.272 16.802 18.851 20.014 -9999 -9999 -9999 -9999 -9999 -9999 -9999 -9999 -9999 -9999 -9999 -9999 -9999 -9999 -9999 -9999 -9999 -9999 -9999 -9999 -9999 -9999 -9999 -9999 -9999 -9999 -9999 -9999 -9999
14.363 14.277 14.323 14.336 14.36 14.455 14.536 14.515 14.62 13.778 13.457 13.385 13.226 13.138 13.233 13.425 12.977 12.491 12.461 12.496 12.317 12.053 11.873 11.89 11.874 11.835 11.958 11.847 12.023 13.733 14.472 15.301 18.102 19.794 19.897 18.036 16.164 13.747 12.984 13.066 13.486 13.825 14.631 16.877 18.592 20.377 21.121 -9999 -9999 -9999 -9999 -9999 -9999 -9999 -9999 -9999 -9999 -9999 -9999 -9999 -9999 -9999 -9999 -9999 -9999 -9999 -9999 -9999 -9999 -9999 -9999 -9999 -9999 -9999 -9999 -9999
14.437 14.453 14.514 14.587 14.989 15.012 14.991 15.159 15.633 15.228 14.356 13.87 13.484 13.336 13.512 13.543 12.959 12.681 12.477 12.614 12.334 12.064 12.025 12.012 12.066 12.035 11.96 11.951 13.254 15.214 17.274 18.598 20.175 20.526 19.202 17.292 15.439 13.865 13.949 14.381 14.565 15.108 15.936 17.04 19.96 21.831 21.947 -9999 -9999 -9999 -9999 -9999 -9999 -9999 -9999 -9999 -9999 -9999 -9999 -9999 -9999 -9999 -9999 -9999 -9999 -9999 -9999 -9999 -9999 -9999 -9999 -9999 -9999 -9999 -9999 -9999
14.481 14.63 14.784 15.318 16.27 16.376 16.319 17.35 17.712 17.46 15.758 14.395 13.743 13.406 13.571 13.597 13.091 12.737 12.536 12.464 12.31 12.105 12.079 12.126 12.134 12.034 11.814 12.223 14.488 17.225 19.133 20.164 20.964 20.373 18.302 16.911 15.236 14.993 15.347 15.743 16.264 16.43 16.683 17.846 20.833 21.998 22.335 22.679 -9999 -9999 -9999 -9999 -9999 -9999 -9999 -9999 -9999 -9999 -9999 -9999 -9999 -9999 -9999 -9999 -9999 -9999 -9999 -9999 -9999 -9999 -9999 -9999 -9999 -9999 -9999 -9999
14.621 14.815 15.214 16.261 17.428 17.838 18.328 19.513 20.053 19.451 17.13 15.327 14.441 14.037 13.852 13.843 13.272 12.648 12.445 12.419 12.347 12.298 12.257 12.183 12.185 12.053 12.509 13.288 15.915 18.383 20.133 20.782 20.867 19.577 17.844 16.636 15.573 15.937 16.511 17.57 18.298 18.32 19.086 20.104 21.645 22.315 22.8 23.065 -9999 -9999 -9999 -9999 -9999 -9999 -9999 -9999 -9999 -9999 -9999 -9999 -9999 -9999 -9999 -9999 -9999 -9999 -9999 -9999 -9999 -9999 -9999 -9999 -9999 -9999 -9999 -9999
14.802 15.28 16.585 17.471 18.695 19.402 19.67 21.001 21.811 20.769 18.171 17.212 16.72 15.896 15.301 14.47 13.63 12.896 12.419 12.464 12.349 12.463 12.438 12.205 12.046 12.395 13.045 14.068 15.953 18.899 20.95 21.321 21.065 19.216 17.652 17.051 16.918 18.279 19.576 20.248 20.925 21.503 21.955 22.643 22.677 22.9 23.068 -9999 -9999 -9999 -9999 -9999 -9999 -9999 -9999 -9999 -9999 -9999 -9999 -9999 -9999 -9999 -9999 -9999 -9999 -9999 -9999 -9999 -9999 -9999 -9999 -9999 -9999 -9999 -9999 -9999
