test/DeltaShell.Plugins.DelftModels.HydroModel.Tests/test-data/AcceptanceModels/SOBEK2/DarEsSalaam/InputData/FIXED/cowi_dar_dtm_20m_cor_bridge_sobek_v2.asc
ncols         707
nrows         506
xllcorner     517520.00012207
yllcorner     9239740.0001221
cellsize      20
NODATA_value  -9999
[rows 136 to 169 of 506, columns 304 to 379 of 707]
-9999 -9999 -9999 -9999 -9999 -9999 -9999 -9999 -9999 -9999 -9999 -9999 -9999 -9999 -9999 -9999 -9999 -9999 31.671 31.727 31.58 31.418 31.23 31.098 31.023 30.958 30.852 30.693 30.505 30.188 29.976 29.827 29.706 29.563 29.165 29.087 28.972 29.03496 30.56018 31.099 29.887 29.297 29.318 29.384 30.289 31.832 33.865 34.787 35.109 35.121 35.109 34.827 34.608 33.957 -9999 -9999 -9999 -9999 -9999 -9999 -9999 -9999 -9999 -9999 -9999 -9999 -9999 -9999 -9999 -9999 -9999 -9999 -9999 -9999 -9999 -9999
-9999 -9999 -9999 -9999 -9999 -9999 -9999 -9999 -9999 -9999 -9999 -9999 -9999 -9999 -9999 -9999 -9999 -9999 31.625 31.792 31.646 31.504 31.246 31.089 31.033 30.935 30.765 30.579 30.33 30.049 29.837 29.621 29.553 29.652 29.44 29.13 29.05 28.235 28.52453 28.72173 28.733 28.988 29.058 29.353 31.027 32.485 33.471 34.661 34.91 34.952 35.088 34.899 34.844 34.535 33.806 -9999 -9999 -9999 -9999 -9999 -9999 -9999 -9999 -9999 -9999 -9999 -9999 -9999 -9999 -9999 -9999 -9999 -9999 -9999 -9999 -9999
-9999 -9999 -9999 -9999 -9999 -9999 -9999 -9999 -9999 -9999 -9999 -9999 -9999 -9999 -9999 -9999 -9999 -9999 -9999 31.876 31.777 31.578 31.351 31.08 30.964 30.872 30.667 30.512 30.121 29.82 29.726 29.57 29.6 29.808 29.566 29.157 28.819 27.994 27.438 27.72604 28.144 28.79 28.979 29.566 31.432 32.902 33.089 34.22 34.649 34.632 34.876 34.821 34.745 34.666 34.395 34.014 -9999 -9999 -9999 -9999 -9999 -9999 -9999 -9999 -9999 -9999 -9999 -9999 -9999 -9999 -9999 -9999 -9999 -9999 -9999 -9999
-9999 -9999 -9999 -9999 -9999 -9999 -9999 -9999 -9999 -9999 -9999 -9999 -9999 -9999 -9999 -9999 -9999 -9999 -9999 -9999 31.858 31.662 31.628 31.339 30.975 30.81 30.454 30.282 29.853 29.729 29.701 29.556 29.509 29.575 29.408 29.127 28.796 28.306 27.41567 27.73665 28.146 28.616 28.887 29.238 31.046 32.165 32.457 33.753 34.392 34.559 34.29 34.567 34.628 34.649 34.584 34.553 34.26 -9999 -9999 -9999 -9999 -9999 -9999 -9999 -9999 -9999 -9999 -9999 -9999 -9999 -9999 -9999 -9999 -9999 -9999 -9999
-9999 -9999 -9999 -9999 -9999 -9999 -9999 -9999 -9999 -9999 -9999 -9999 -9999 -9999 -9999 -9999 -9999 -9999 -9999 -9999 -9999 32.358 32.02 31.637 30.928 30.469 29.971 29.753 29.585 29.569 29.589 29.502 29.44 29.383 29.203 29.037 28.849 28.457 27.706 27.95586 28.479 28.516 28.652 28.671 29.806 30.628 31.637 32.215 33.1 32.974 33.365 34.378 34.589 34.701 34.637 34.532 34.266 34.117 -9999 -9999 -9999 -9999 -9999 -9999 -9999 -9999 -9999 -9999 -9999 -9999 -9999 -9999 -9999 -9999 -9999 -9999
-9999 -9999 -9999 -9999 -9999 -9999 -9999 -9999 -9999 -9999 -9999 -9999 -9999 -9999 -9999 -9999 -9999 -9999 -9999 -9999 -9999 33.634 32.889 32.102 30.763 30.267 29.735 29.765 29.474 29.468 29.434 29.399 29.332 29.252 29.091 28.973 28.844 28.545 28.027 27.89196 27.891 28.224 28.459 28.771 29.297 29.836 30.659 29.719 30.288 31.564 32.757 33.933 34.453 34.634 34.478 34.219 34.11 34.028 33.919 33.824 -9999 -9999 -9999 -9999 -9999 -9999 -9999 -9999 -9999 -9999 -9999 -9999 -9999 -9999 -9999 -9999
-9999 -9999 -9999 -9999 -9999 -9999 -9999 -9999 -9999 -9999 -9999 -9999 -9999 -9999 -9999 -9999 -9999 -9999 -9999 -9999 -9999 -9999 35.841 34.489 31.136 30.284 29.928 29.604 29.462 29.387 29.32 29.305 29.256 29.212 29.063 29.008 28.929 28.792 28.282 27.8878 27.7552 28.016 28.094 28.214 28.667 29.008 29.926 29.006 29.038 30.325 32.916 33.859 34.232 34.421 34.244 33.819 33.812 33.781 33.739 33.737 33.431 -9999 -9999 -9999 -9999 -9999 -9999 -9999 -9999 -9999 -9999 -9999 -9999 -9999 -9999 -9999
-9999 -9999 -9999 -9999 -9999 -9999 -9999 -9999 -9999 -9999 -9999 -9999 -9999 -9999 -9999 -9999 -9999 -9999 -9999 -9999 -9999 -9999 -9999 36.223 32.737 31.112 30.853 30.119 29.755 29.512 29.384 29.367 29.348 29.261 29.116 29.035 28.978 28.913 28.59 27.55025 27.41336 27.58 27.689 27.635 27.676 28.085 29.368 28.493 28.728 30.712 33.189 33.959 34.107 34.079 34.057 33.952 33.639 33.495 33.443 33.555 33.161 32.861 -9999 -9999 -9999 -9999 -9999 -9999 -9999 -9999 -9999 -9999 -9999 -9999 -9999 -9999
-9999 -9999 -9999 -9999 -9999 -9999 -9999 -9999 -9999 -9999 -9999 -9999 -9999 -9999 -9999 -9999 -9999 -9999 -9999 -9999 -9999 -9999 -9999 36.594 34.841 32.999 32.365 32.052 30.421 29.526 29.409 29.501 29.492 29.361 29.222 29.108 28.977 28.819 28.571 27.818 27.23375 26.96889 26.75 26.6726 26.81319 27.111 29.3 28.021 28.78 31.231 34.08 34.498 34.211 34.037 33.843 33.738 33.57 33.249 33.076 32.794 32.724 32.527 32.426 -9999 -9999 -9999 -9999 -9999 -9999 -9999 -9999 -9999 -9999 -9999 -9999 -9999
-9999 -9999 -9999 -9999 -9999 -9999 -9999 -9999 -9999 -9999 -9999 -9999 -9999 -9999 -9999 -9999 -9999 -9999 -9999 -9999 -9999 -9999 -9999 36.692 36.432 35.7 34.98 33.663 31.56 29.877 29.599 29.788 29.68 29.507 29.329 29.089 28.894 28.652 28.46 28.266 27.75399 27.46821 27.13461 26.9954 27.25806 29.3 29.3 28.08402 28.923 31.07 33.96 34.481 34.196 33.952 33.605 33.373 33.312 33.158 32.959 32.689 32.449 32.266 32.299 32.349 -9999 -9999 -9999 -9999 -9999 -9999 -9999 -9999 -9999 -9999 -9999 -9999
-9999 -9999 -9999 -9999 -9999 -9999 -9999 -9999 -9999 -9999 -9999 -9999 -9999 -9999 -9999 -9999 -9999 -9999 -9999 -9999 -9999 -9999 -9999 -9999 36.715 36.801 36.117 34.565 32.548 31.191 30.684 30.367 29.832 29.562 29.279 29.029 28.759 28.544 28.261 28.057 27.926 27.852 27.94544 27.617 27.707 29.3 29.3 28.51464 29.38368 30.852 32.944 34.204 33.859 33.837 33.22 32.752 32.466 32.577 32.62 32.015 32 31.977 31.976 31.778 31.097 -9999 -9999 -9999 -9999 -9999 -9999 -9999 -9999 -9999 -9999 -9999
-9999 -9999 -9999 -9999 -9999 -9999 -9999 -9999 -9999 -9999 -9999 -9999 -9999 -9999 -9999 -9999 -9999 -9999 -9999 -9999 -9999 -9999 -9999 -9999 36.814 36.732 36.13 35.262 33.317 32.008 31.487 31.931 29.972 29.532 29.198 28.91 28.581 28.303 28.054 27.752 27.885 27.855 27.864 27.768 27.572 29.3 29.3 27.83783 29.3873 30.76405 32.089 33.349 33.222 33.475 32.42 31.205 31.269 31.525 31.279 31.66 31.825 31.844 31.599 31.042 30.347 31.415 -9999 -9999 -9999 -9999 -9999 -9999 -9999 -9999 -9999 -9999
-9999 -9999 -9999 -9999 -9999 -9999 -9999 -9999 -9999 -9999 -9999 -9999 -9999 -9999 -9999 -9999 -9999 -9999 -9999 -9999 -9999 -9999 -9999 -9999 36.791 36.546 36.052 35.528 33.265 32.186 31.241 30.783 29.955 29.507 29.12 28.744 28.407 28.175 27.964 27.828 27.843 27.835 27.837 27.649 27.341 27.342 28.223 27.345 28.52011 29.79643 30.956 32.049 31.754 32.165 31.112 29.314 28.459 28.819 30.076 31.071 31.252 31.44 31.126 30.65 29.766 30.92 31.636 -9999 -9999 -9999 -9999 -9999 -9999 -9999 -9999 -9999
-9999 -9999 -9999 -9999 -9999 -9999 -9999 -9999 -9999 -9999 -9999 -9999 -9999 -9999 -9999 -9999 -9999 -9999 -9999 -9999 -9999 -9999 -9999 -9999 -9999 36.439 36 35.599 35.161 32.624 31.488 30.763 30.041 29.554 29.114 28.613 28.183 27.92 27.722 27.601 27.701 27.698 27.717 27.577 27.349 27.291 27.429 27.147 27.012 27.299 28.179 29.019 29.468 31.068 30.254 27.558 26.952 27.255 28.217 29.521 30.229 30.617 30.541 30.059 29.121 30.665 31.256 31.425 -9999 -9999 -9999 -9999 -9999 -9999 -9999 -9999
-9999 -9999 -9999 -9999 -9999 -9999 -9999 -9999 -9999 -9999 -9999 -9999 -9999 -9999 -9999 -9999 -9999 -9999 -9999 -9999 -9999 -9999 -9999 -9999 -9999 36.138 35.751 35.42 35.017 34.935 31.718 31.031 30.158 29.485 28.448 28.219 27.921 27.773 27.573 27.51 27.54 27.557 27.532 27.428 27.29 27.24 27.241 26.833 26.14979 26.86892 27.10118 27.447 27.59 27.921 26.914 26.644 26.635 26.643 26.692 26.679 27.79 29.049 29.635 28.87 28.548 30.721 31.164 31.35 31.373 31.417 -9999 -9999 -9999 -9999 -9999 -9999
-9999 -9999 -9999 -9999 -9999 -9999 -9999 -9999 -9999 -9999 -9999 -9999 -9999 -9999 -9999 -9999 -9999 -9999 -9999 -9999 -9999 -9999 -9999 -9999 -9999 36.267 35.582 35.287 34.924 34.844 35.013 31.769 29.751 28.683 28.416 28.101 27.859 27.521 27.514 27.559 27.453 27.527 27.442 27.301 27.166 27.146 26.805 26.698 27.316 27.37687 27.03028 26.69869 26.596 26.592 26.244 26.101 26.197 26.172 25.945 25.599 26.032 26.74 26.84 27.238 28.25 30.816 30.993 31.103 31.139 31.187 31.159 31.131 -9999 -9999 -9999 -9999
-9999 -9999 -9999 -9999 -9999 -9999 -9999 -9999 -9999 -9999 -9999 -9999 -9999 -9999 -9999 -9999 -9999 -9999 -9999 -9999 -9999 -9999 -9999 -9999 -9999 -9999 35.845 35.317 34.946 34.732 33.79 31.318 29.454 28.878 28.419 28.074 27.787 27.718 27.62 27.843 27.434 27.41 27.329 27.169 26.961 27.112 26.82 26.842 27.594 27.646 27.13392 26.7072 26.43402 26.094 25.979 25.997 25.893 25.816 25.613 25.37 25.367 25.479 26.09 26.674 28.731 30.812 30.914 30.905 30.882 30.908 30.877 30.951 30.942 -9999 -9999 -9999
-9999 -9999 -9999 -9999 -9999 -9999 -9999 -9999 -9999 -9999 -9999 -9999 -9999 -9999 -9999 -9999 -9999 -9999 -9999 -9999 -9999 -9999 -9999 -9999 -9999 -9999 35.82 35.339 34.769 34.211 33.334 31.578 29.813 29.2 28.611 28.165 27.842 27.785 27.671 27.691 27.414 27.27 27.125 26.982 26.741 26.908 26.795 26.874 27.596 27.651 27.447 26.98719 26.55184 26.11698 25.853 25.69201 25.636 25.556 25.451 25.385 25.318 25.367 25.629 26.141 28.612 30.455 30.916 30.808 30.686 30.701 30.67 30.709 30.747 30.546 30.702 -9999
-9999 -9999 -9999 -9999 -9999 -9999 -9999 -9999 -9999 -9999 -9999 -9999 -9999 -9999 -9999 -9999 -9999 -9999 -9999 -9999 -9999 -9999 -9999 -9999 -9999 -9999 35.595 35.325 34.744 34.028 33.33 32.714 31.206 29.444 29.073 28.651 28.06 27.844 27.535 27.463 27.327 27.134 26.987 26.873 26.762 26.842 26.782 26.91 27.736 27.8 27.476 27.346 26.981 26.48079 26.00324 25.59618 25.48836 25.434 25.367 25.29 25.225 25.231 25.367 25.476 27.146 29.889 30.717 30.665 30.793 30.672 30.574 30.572 30.481 30.338 30.337 30.227
-9999 -9999 -9999 -9999 -9999 -9999 -9999 -9999 -9999 -9999 -9999 -9999 -9999 -9999 -9999 -9999 -9999 -9999 -9999 -9999 -9999 -9999 -9999 -9999 -9999 -9999 35.312 35.128 34.579 34.161 33.634 32.862 32.292 31.514 29.797 29.32 28.596 27.958 27.473 27.351 27.198 27.008 26.809 26.642 26.706 26.837 26.671 26.947 27.882 27.933 27.82 27.676 27.477 27.006 26.31319 25.76316 25.3495 25.2949 25.354 25.274 25.163 25.118 25.063 25.155 25.916 28.599 30.273 30.538 30.562 30.405 30.308 30.255 30.166 30.074 30.083 29.947
-9999 -9999 -9999 -9999 -9999 -9999 -9999 -9999 -9999 -9999 -9999 -9999 -9999 -9999 -9999 -9999 -9999 -9999 -9999 -9999 -9999 -9999 -9999 -9999 -9999 35.162 35.054 34.933 33.6 33.165 33.291 33.124 32.602 31.829 31.421 30.169 28.926 27.995 27.47 27.347 27.195 26.972 26.854 26.928 26.91 26.868 26.727 27.115 27.862 27.882 27.834 27.83 27.7 27.299 26.84 25.928 25.31564 25.32184 25.317 25.244 25.095 25.025 24.862 24.765 25.01 26.847 29.999 30.155 30.243 30.171 30.059 30.002 29.881 29.816 29.747 29.646
-9999 -9999 -9999 -9999 -9999 -9999 -9999 -9999 -9999 -9999 -9999 -9999 -9999 -9999 -9999 -9999 -9999 -9999 -9999 -9999 -9999 -9999 -9999 -9999 -9999 34.924 34.863 34.149 32.199 31.411 30.945 31.612 32.323 32.1 31.56 30.879 29.146 28.132 27.532 27.329 27.221 27.04 26.941 26.938 26.814 26.763 26.896 27.235 27.625 27.864 27.847 27.899 27.786 27.505 27.167 26.877 25.776 25.37354 25.27025 25.224 25.032 24.854 24.778 24.591 24.576 25.235 27.862 29.687 29.913 30.061 29.812 29.935 29.883 29.639 29.498 29.409
-9999 -9999 -9999 -9999 -9999 -9999 -9999 -9999 -9999 -9999 -9999 -9999 -9999 -9999 -9999 -9999 -9999 -9999 -9999 -9999 -9999 -9999 -9999 -9999 34.641 34.65 34.815 32.211 31.52 30.723 30.199 30.026 30.46 31.448 31.389 31.127 30.44 29.309 27.97 27.52 27.232 27.079 26.939 26.907 26.756 26.659 26.935 27.138 27.392 27.493 27.71 27.845 27.765 27.426 27.223 26.988 26.761 26.286 25.32682 25.60529 25.705 24.798 24.629 24.476 24.291 24.539 26.037 29.073 29.803 29.958 29.858 29.972 29.544 29.289 29.169 29.126
-9999 -9999 -9999 -9999 -9999 -9999 -9999 -9999 -9999 -9999 -9999 -9999 -9999 -9999 -9999 -9999 -9999 -9999 -9999 -9999 -9999 -9999 -9999 34.403 34.314 34.289 34.412 33.286 32.597 32.017 31.628 30.511 29.67 29.205 30.425 30.684 30.572 29.903 29.189 27.817 27.069 27.025 27.027 26.947 26.826 26.798 26.956 27.1 27.266 27.383 27.475 27.522 27.474 27.332 27.205 27.04 26.895 26.81 26.522 25.791 25.62632 24.739 24.508 24.311 24.074 24.109 24.89 28.051 29.668 29.847 29.867 29.911 29.812 29.057 28.805 28.612
-9999 -9999 -9999 -9999 -9999 -9999 -9999 -9999 -9999 -9999 -9999 -9999 -9999 -9999 -9999 -9999 -9999 -9999 -9999 -9999 -9999 -9999 33.596 33.51 33.614 33.818 34.205 33.727 33.493 33.533 32.843 32.294 31.534 28.897 28.517 29.04 29.923 29.766 29.36 28.519 27.243 27.068 26.93 26.965 26.84 26.871 26.936 27.061 27.151 27.239 27.313 27.304 27.259 27.144 27.053 26.951 26.862 26.835 26.703 26.046 25.36364 24.42018 24.257 24.141 24.096 24.069 24.555 27.772 29.379 29.832 29.782 29.646 29.558 28.604 28.22 27.529
-9999 -9999 -9999 -9999 -9999 -9999 -9999 -9999 -9999 -9999 -9999 -9999 -9999 -9999 -9999 -9999 -9999 -9999 -9999 -9999 -9999 -9999 32.602 32.459 32.392 32.454 31.941 31.849 32.08 32.94 32.984 32.455 31.919 30.173 28.711 28.933 29.2 29.196 28.995 28.672 28.191 27.671 26.972 26.994 26.886 26.908 26.916 26.982 27.05 27.098 27.12 27.109 27.086 26.984 26.946 26.863 26.753 26.681 26.54 26.106 25.595 24.79001 23.601 23.425 23.848 23.778 24.504 27.393 28.911 29.712 29.639 29.431 29.249 28.702 27.877 27.173
-9999 -9999 -9999 -9999 -9999 -9999 -9999 -9999 -9999 -9999 -9999 -9999 -9999 -9999 -9999 -9999 -9999 -9999 -9999 -9999 -9999 29.177 28.671 27.864 28.04 28.213 28.426 28.404 29.074 29.959 31.058 31.181 31.213 30.331 28.913 28.892 28.709 28.845 28.907 28.448 27.973 27.673 27.258 27.065 26.967 26.91 26.933 26.929 26.97 26.98 27.008 27.03 26.956 26.85 26.806 26.701 26.601 26.473 26.306 25.975 25.516 24.638 23.17113 22.97272 23.019 23.351 24.175 26.218 27.964 29.383 29.467 29.441 29.083 28.858 28.605 27.986
36.688 36.87 36.966 36.939 36.966 36.707 35.956 34.732 34.391 34.456 35.12 35.645 35.475 34.838 33.817 33.745 34.458 34.61 33.69 30.144 29.182 28.724 28.521 28.522 28.039 27.373 27.012 27.104 27.366 28.03 29.406 30.047 28.767 28.075 28.266 28.389 28.354 28.586 28.943 28.426 27.884 27.53 27.415 27.266 26.956 26.949 26.924 26.913 26.922 26.894 26.866 26.814 26.741 26.712 26.694 26.591 26.387 26.215 25.997 25.809 25.37 24.307 23.50499 23.1073 22.756 22.372 23.347 24.635 26.272 28.509 29.459 29.314 29.011 28.89 28.901 28.245
36.593 36.847 36.944 36.886 36.837 36.574 36.211 35.424 35.142 35.764 36.136 36.114 36.063 36.092 35.518 35.157 35.117 35.073 34.623 32.973 31.345 30.859 31.236 31.115 29.52 29.279 28.866 28.222 26.809 26.833 27.791 28.525 27.568 27.477 27.646 27.799 28.088 28.478 28.589 28.091 27.678 27.401 27.232 27.124 27.078 26.956 26.839 26.804 26.851 26.821 26.728 26.693 26.656 26.68 26.776 26.499 26.251 26.003 25.752 25.148 24.908 24.521 24.296 23.77827 22.89628 22.0414 22.06879 22.252 24.488 27.234 28.985 29.139 28.859 28.712 28.959 28.663
36.455 36.762 36.904 36.89 36.659 36.477 36.412 36.329 36.517 36.579 36.848 36.479 36.391 36.343 36.038 35.617 35.252 35.177 35.066 34.759 34.243 34.018 33.982 33.654 32.051 32.141 32.521 30.549 27.916 26.573 26.656 26.602 26.716 26.997 27.138 27.316 27.523 27.685 27.709 27.6 27.349 27.098 27.067 26.968 26.84 26.775 26.701 26.696 26.634 26.606 26.516 26.47 26.458 26.471 26.509 26.282 25.99 25.782 25.389 24.816 24.726 24.544 24.477 24.478 23.90642 23.09814 22.46538 22.18191 22.9125 25.676 27.487 28.777 28.706 28.669 28.789 28.304
36.412 36.655 36.918 36.728 36.57 36.221 35.989 35.233 34.789 35.585 36.029 36.405 36.5 36.341 35.995 35.744 35.592 35.427 35.138 34.905 34.716 34.454 34.423 34.141 33.621 33.86 34.073 32.45 28.827 28.067 27.002 26.528 26.552 26.595 26.589 26.718 26.902 27.08 27.05 26.932 26.958 26.889 26.869 26.787 26.629 26.646 26.601 26.632 26.53 26.407 26.345 26.26 26.272 26.24 26.243 26.05 25.802 25.575 24.989 24.793 24.68 24.561 24.707 24.662 24.404 24.091 23.42823 23.21411 23.66809 24.465 25.722 27.486 28.399 28.483 28.22 27.926
34.044 35.241 35.489 35.605 35.54 34.402 33.139 31.247 31.678 33.824 34.711 35.664 36.192 35.901 35.746 35.521 35.826 35.454 35.142 34.862 34.694 34.497 34.311 33.961 33.786 33.869 34.107 33.285 30.851 30.306 29.866 27.786 26.631 26.283 26.161 26.101 26.287 26.52 26.537 26.62 26.671 26.693 26.598 26.457 26.298 26.18 26.028 26.226 26.327 26.216 26.067 26.001 26.01 25.985 25.931 25.764 25.557 25.343 24.957 24.74 24.59 24.58 24.786 24.601 24.361 24.081 23.7 23.44252 23.68554 23.45655 24.334 25.535 26.744 27.685 27.874 27.947
30.065 30.471 30.795 32.354 32.585 31.386 29.736 29.304 30.019 30.71 31.547 33.294 34.726 35.277 34.969 34.762 35.075 34.959 34.847 34.509 34.402 33.9 32.568 30.632 29.015 30.382 32.019 32.763 29.588 28.669 28.776 27.086 26.448 25.901 25.925 25.836 25.773 26.143 26.309 26.395 26.414 26.324 26.311 26.233 25.971 25.682 25.335 26.233 26.251 26.066 26.022 25.811 25.783 25.757 25.681 25.534 25.326 25.165 24.826 24.692 24.574 24.806 24.652 24.478 24.254 24.005 23.811 23.63 23.51226 22.99095 23.182 23.966 24.998 25.781 27.019 27.638
28.681 29.004 28.963 29.031 29.215 28.965 28.349 28.177 28.336 28.378 28.506 29.66 31.011 31.416 31.182 30.635 31.921 31.514 30.689 32.801 33.257 31.622 28.312 27.106 26.926 26.881 27.133 27.139 27.059 26.752 26.527 26.517 26.338 25.672 25.796 25.756 25.695 26.028 26.274 26.338 26.347 26.3 26.099 25.959 25.608 25.473 25.019 26.48 26.326 26.103 25.84 25.749 25.651 25.548 25.471 25.364 25.216 25.074 24.854 24.757 24.677 24.52 24.444 24.327 24.158 24.067 24.06 23.739 23.46605 22.96275 22.761 22.775 23.484 24.005 25.678 26.698
