test/DeltaShell.Plugins.DelftModels.HydroModel.Tests/test-data/AcceptanceModels/SOBEK2/DarEsSalaam/InputData/FIXED/cowi_dar_dtm_20m_cor_bridge_sobek4.asc
ncols         707
nrows         506
xllcorner     517520.00012207
yllcorner     9239740.0001221
cellsize      20
nodata_value -999
[rows 222 to 258 of 506, columns 410 to 491 of 707]
-999 -999 25.112 24.896 24.561 24.854 24.81 25.799 25.308 24.77 24.955 23.744 22.806 20.282 18.736 17.159 17.412 16.495 16.055 15.663 15.636 15.49 15.369 15.25 15.086 14.957 14.902 14.706 14.548 14.547 14.322 14.315 14.4 14.009 9.131 13.787 14.034 13.88 13.953 13.884 13.846 13.866 13.781 13.75 13.829 13.964 13.747 13.468 13.314 13.03 12.691 12.527 12.874 13.051 13.142 13.167 13.119 13.031 12.025 12.096 12.555 12.038 11.577 11.368 11.474 12.357 12.104 12.134 12.02 11.785 12.029 11.472 11.943 10.935 10.907 10.84 10.599 10.528 10.57 10.458 10.502 10.433
-999 25.45 25.611 28.567 27.139 24.676 24.851 24.793 24.561 23.297 22.068 20.778 19.395 19.287 17.961 16.92 16.775 16.318 15.929 15.673 15.44 15.318 15.285 15.168 15.03 14.898 14.755 14.553 14.597 14.828 14.598 14.415 14.416 10.987 10.208 13.778 13.869 13.844 13.858 13.823 14.01 14.019 13.941 13.862 13.927 13.748 13.403 13.373 13.362 13.25 12.864 12.273 12.854 13.075 13.215 13.266 13.235 13.127 12.679 11.949 12.42 12.118 11.704 11.587 11.998 12.241 11.958 12.072 11.981 11.797 12.111 12.023 11.5 11.016 11.003 11.086 10.653 10.556 10.597 10.492 10.556 10.493
27.487 25.841 30.057 29.133 28.089 26.828 24.624 24.781 24.696 23.2 20.804 22.157 21.656 19.826 18.246 17.298 16.632 16.156 15.778 15.686 15.49 15.37 15.26 15.137 14.998 14.695 14.688 14.596 14.756 14.911 14.698 14.367 13.073 8.962999 13.72 13.973 13.862 13.793 13.907 13.977 14.086 14.084 14.008 13.946 13.873 13.804 13.534 13.511 13.452 13.338 12.966 12.458 12.931 13.243 13.3 13.363 13.421 13.442 13.212 11.58 12.366 12.108 11.767 12.021 12.277 12.225 12.323 11.967 11.946 11.509 12.274 11.622 11.387 11.157 10.984 10.906 10.735 11.047 10.676 10.766 10.668 10.64
29.258 25.427 30.046 29.322 28.468 27.437 25.648 24.465 24.792 24.081 23.652 23.956 24.042 21.998 21.879 18.225 16.695 16.379 16.048 15.718 15.535 15.366 15.272 15.162 15.043 14.846 14.778 14.543 14.607 14.607 14.802 14.005 9.819 12.097 13.979 13.895 13.995 13.885 14.083 14.115 14.094 14.006 13.981 13.953 13.812 13.606 13.506 13.392 13.429 13.443 13.155 12.841 12.85 13.301 13.379 13.441 13.536 13.623 13.497 11.856 12.376 12.011 12.085 12.263 12.232 12.219 12.237 11.95 12.004 12.318 11.698 11.635 11.346 11.314 11.167 11.016 10.995 10.875 10.747 10.808 10.708 10.813
29.441 23.601 29.755 28.984 27.979 27.435 26.243 24.871 24.208 23.98 23.709 23.681 22.949 22.863 20.891 16.519 16.597 16.504 15.898 15.715 15.63 15.412 15.314 15.214 15.11 15.08 14.791 14.535 14.547 14.574 14.694 10.986 9.237 13.908 14.003 13.938 14.043 14.058 14.135 14.163 14.109 14.072 14.001 13.922 13.852 13.714 13.668 13.576 13.564 13.552 13.37 12.986 12.757 13.139 13.364 13.557 13.62 13.77 13.623 12.865 12.831 12.213 12.561 12.266 12.232 12.212 12.227 12.544 12.316 11.859 11.527 11.454 11.457 11.535 11.426 11.112 11.105 10.964 10.947 10.827 10.498 10.646
28.464 24.421 28.247 27.919 26.856 27.085 27.249 27.981 24.833 24.018 23.693 23.487 22.665 21.978 16.248 16.783 16.522 16.289 15.925 15.666 15.613 15.477 15.367 15.259 15.145 14.969 14.761 14.651 14.764 14.468 12.333 9.216 13.879 13.908 14.241 14.148 14.167 14.137 14.208 14.258 14.146 14.076 14.038 14.014 13.916 13.675 13.584 14.014 13.699 13.614 13.627 13.437 12.643 13.037 13.292 13.424 13.634 13.759 13.673 12.534 13.059 12.821 12.283 12.29 12.25 12.211 12.227 12.457 11.859 12.03 11.502 11.717 11.573 11.726 11.662 11.303 11.207 11.134 10.852 10.997 11.669 11.804
26.477 23.935 24.541 24.145 24.682 26.533 28.122 28.417 26.824 24.119 23.679 23.363 22.987 18.534 16.58 16.41 16.434 16.281 15.892 15.639 15.626 15.438 15.344 15.295 15.173 15.076 14.933 14.971 14.481 11.862 9.158999 14.112 14.352 14.513 14.421 14.203 14.332 14.235 14.316 14.412 14.257 14.238 14.281 14.107 13.916 13.774 13.596 13.872 13.858 13.762 13.728 13.632 12.312 13.091 13.295 13.561 13.581 13.615 13.594 12.618 12.899 12.252 12.299 12.358 12.278 12.22 12.479 12.038 11.871 11.821 11.958 11.707 11.479 11.638 11.801 11.443 11.387 11.082 11.921 12.66 13.863 13.475
26.573 24.524 22.701 23.149 22.304 24.72 27.089 27.872 26.902 23.58 23.393 23.154 22.804 22.415 19.997 16.597 16.308 16.354 16.087 15.895 15.857 15.647 15.536 15.324 15.145 15.009 14.736 14.477 11.563 9.399 14.432 14.595 14.685 14.792 14.701 14.583 14.057 14.26 14.415 14.506 14.403 14.35 14.343 14.189 14.014 13.839 13.455 13.903 13.595 13.85 14.001 13.641 13.177 13.269 13.427 13.528 13.434 13.584 12.771 12.98 12.248 12.337 12.407 12.484 12.308 12.492 12.486 12.162 11.855 11.85 11.879 11.773 11.751 11.884 11.724 11.292 11.495 11.989 13.408 16.26 17.609 16.183
28.509 28.017 22.655 24.673 22.032 21.732 24.001 25.455 22.297 21.423 22.46 22.797 22.247 22.525 21.771 19.626 16.624 16.237 16.097 15.903 15.705 15.679 15.566 15.342 15.109 14.862 13.216 9.702 10.263 14.807 14.849 14.894 14.907 14.914 14.862 14.883 14.714 14.103 14.557 14.557 14.506 14.404 14.411 14.313 14.12 14.018 13.657 13.771 13.876 13.883 13.985 13.834 13.723 13.555 13.454 13.385 13.019 12.747 12.829 12.873 12.821 12.443 12.62 12.497 12.535 12.466 12.307 12.153 12.029 11.978 11.942 11.98 11.987 11.999 11.897 11.915 11.793 12.675 14.199 16.932 18.369 17.252
29.301 29.273 23.818 25.061 22.62 19.321 19.932 22.536 19.538 18.549 21.073 22.42 22.555 22.061 21.901 21.254 18.282 16.457 16.12 15.794 15.725 15.68 15.582 15.35 15.168 12.676 9.818 12.956 14.88 15.085 15.058 15.08 15.075 15.05 15.041 15.005 14.947 14.576 14.716 14.725 14.527 14.507 14.441 14.375 14.226 14.088 14.113 13.904 13.741 14.012 14.14 14.097 13.956 13.712 13.318 13.047 12.875 12.906 12.774 12.888 13.142 12.352 12.492 12.584 12.391 12.671 12.289 12.141 12.058 12.067 12.004 12.04 12.046 12.062 11.905 11.83 12.126 13.083 15.417 18.395 19.343 17.984
28.423 28.676 26.569 23.281 22.772 19.288 18.75 19.366 17.574 17.791 18.89 22.358 22.422 21.914 21.463 21.171 20.54 17.242 16.42 16.1 15.845 15.581 15.541 15.261 12.85 9.762 14.458 14.875 14.745 14.964 15.125 15.127 15.14 15.135 15.132 14.993 15.007 14.673 14.837 14.886 14.579 14.52 14.571 14.458 14.35 14.268 14.206 14.113 14.083 14.211 14.318 14.096 14.113 14.022 13.568 13.343 13.137 12.994 12.868 12.925 13.08 12.523 12.676 12.568 12.3 12.521 12.332 12.103 11.971 12.034 11.881 11.682 11.914 12.028 11.826 12.087 12.624 13.846 16.733 19.482 20.072 18.709
24.071 24.356 23.842 21.533 21.565 18.075 17.694 17.822 17.14 16.896 18.846 21.879 21.995 22.761 20.876 20.721 20.947 20.024 18.152 16.083 15.486 15.368 15.681 14.104 10.013 12.236 15.014 14.902 14.984 15.124 15.015 15.315 15.293 15.211 15.146 15.099 14.98 14.688 14.865 14.828 14.657 14.623 14.814 14.741 14.441 14.458 14.363 14.315 14.336 14.353 14.527 14.525 14.537 14.594 14.802 13.808 13.469 13.473 13.275 13.184 13.29 13.469 12.77 12.49 12.568 12.456 12.311 12.023 11.873 11.863 11.885 11.792 11.941 11.549 12.081 14.207 14.671 16.36 18.702 20.058 19.663 17.707
18.811 19.035 19.168 21.306 18.362 17.713 17.296 17.052 16.848 16.93 17.262 18.752 20.488 19.89 18.716 19.736 20.383 20.196 19.715 16.308 15.522 15.042 11.981 10.728 10.706 14.985 15.339 15.499 15.231 15.286 15.482 15.469 15.372 15.293 15.224 15.086 14.953 14.771 14.88 14.81 14.673 14.657 14.603 14.64 14.591 14.724 14.379 14.482 14.582 14.587 15.271 15.153 15.219 15.275 16.014 15.399 14.536 13.832 13.467 13.336 13.603 13.544 12.933 12.681 12.562 12.63 12.334 12.062 12.025 12.043 12.104 12.046 11.821 11.985 13.603 15.991 17.818 19.045 20.521 20.66 18.777 17.212
17.861 17.704 17.635 18.951 17.666 17.309 17.063 17.008 16.96 16.555 17.081 17.56 17.794 17.422 17.365 17.174 19.472 19.886 19.68 18 15.795 12.37 11.149 9.851 15.311 15.631 15.751 15.566 15.387 15.448 15.847 15.697 15.547 15.44 15.353 15.171 15.051 14.882 14.894 14.817 14.718 14.649 14.591 14.579 14.779 14.699 14.492 14.63 14.917 15.618 16.577 16.568 16.577 17.928 18.309 17.75 15.758 14.395 13.744 13.359 13.668 13.581 13.048 12.751 12.525 12.426 12.278 12.031 12.088 12.145 12.146 12.148 11.706 12.443 15.21 17.821 19.345 20.446 21.045 20.153 18.054 16.558
19.008 18.071 17.982 18.118 18.983 17.532 18.65 19.19 17.699 16.968 16.572 17.103 17.508 17.757 17.09 17.483 17.663 19.541 18 18 18 10.509 10.244 14.801 15.577 15.593 15.856 15.619 15.587 15.638 15.831 15.79 15.687 15.601 15.478 15.308 15.117 14.944 14.918 14.781 14.77 14.694 14.69 15.014 14.764 14.671 14.632 14.934 15.558 16.511 17.735 18.319 18.479 19.898 20.505 19.725 17.13 15.357 14.551 14.059 13.921 13.741 13.262 12.407 12.439 12.394 12.348 12.361 12.288 12.195 12.228 12.068 12.625 13.605 16.283 18.845 20.544 20.855 20.737 19.256 17.546 16.616
22.93 21.416 20.472 19.26 20.76 18.876 21.85 22.151 19.786 17.384 16.831 17.009 17.024 17.348 16.649 17.564 17.603 17.653 18 18 18 18 15.175 15.681 15.67 15.774 15.801 15.656 15.672 15.759 15.85 15.778 15.767 15.594 15.592 15.305 15.11 15.101 15.04 14.847 14.814 14.862 14.753 14.925 14.936 14.747 14.882 15.793 17 17.792 19.129 19.493 20.148 21.245 21.918 20.769 18.004 17.371 16.902 16.217 15.565 14.47 13.623 12.89 12.432 12.467 12.338 12.512 12.439 12.155 12.096 12.476 13.27 14.38 16.533 19.238 21.339 21.408 21.102 19.071 17.623 17.034
25.158 25.476 23.147 21.051 20.421 21.549 24.398 24.234 20.518 17.864 17.879 17.324 16.601 17.14 16.589 17.617 17.481 17.485 17.383 18 18 18 18 16.058 15.821 15.931 15.518 15.556 15.56 15.713 15.846 15.905 15.782 15.872 15.662 15.389 15.029 15.029 15.104 14.918 14.899 14.946 14.905 14.989 14.999 15.306 16.782 17.427 19.62 20.089 20.14 20.464 21.575 22.512 22.523 21.391 20.244 19.163 18.379 18.2 17.255 15.512 14.242 13.101 12.609 12.993 12.606 12.556 12.362 12.193 12.66 13.199 13.842 14.842 16.753 19.334 21.657 22.222 21.934 20.183 18.565 17.904
26.113 26.135 24.162 21.5 21.056 21.934 25.05 24.689 21.697 21.04 20.865 19.329 16.972 16.54 17.188 17.407 17.465 17.357 16.209 13.657 18 18 18 17.455 16.369 15.931 15.844 15.664 15.559 15.551 15.834 15.909 16.077 16.082 15.852 15.492 15.27 15.012 15.016 15.023 15.057 15.078 15.142 15.252 15.479 16.516 17.319 20.617 22.449 22.71 22.003 22.047 22.743 23.142 23.11 22.179 21.158 20.223 18.888 18.115 17.183 15.87 14.8 13.341 12.654 12.428 12.839 12.716 12.313 13.17 13.337 13.609 14.229 15.216 17.845 20.295 22.426 23.034 22.752 20.819 19.465 19.059
26.408 26.198 24.645 22.406 22.072 21.915 24.76 25.395 24.317 23.969 24.501 23.519 18.771 16.917 17.183 17.436 17.531 16.965 14.173 15.561 15.48 18 18 17.703 17.17 16.471 16.05 15.803 15.325 15.717 15.66 16.005 16.237 16.335 16.187 15.728 15.532 15.139 15.041 15.153 15.189 15.257 15.309 15.584 17.294 18.721 20.791 22.732 23.21 23.327 23.082 23.152 23.708 23.727 23.202 22.676 22.137 21.025 19.244 17.505 16.661 16.128 15.166 13.765 12.887 12.938 12.633 12.54 13.137 13.883 14.026 14.334 14.915 15.962 18.728 20.831 23.566 23.481 22.889 21.361 20.05 19.997
26.585 26.411 24.933 24.349 23.118 21.026 23.937 26.012 25.729 25.515 25.575 24.577 18.936 17.135 17.631 17.958 17.374 14.61 14.522 16.801 16.649 15.769 17.502 17.557 17.555 17.171 15.932 15.833 15.779 15.957 16.486 16.485 16.353 16.594 16.462 16.041 15.683 15.356 15.221 15.344 15.369 15.318 15.605 17.713 19.783 21.022 22.29 23.011 23.714 24.047 23.748 23.879 24.067 23.977 23.307 22.862 22.367 21.058 19.361 18.495 18.032 17.272 15.69 14.503 13.305 12.91 12.756 12.839 13.528 14.803 15.137 15.066 16.513 17.604 18.289 21.047 23.551 23.659 22.674 21.574 20.658 21.013
26.38 26.643 25.806 25.971 25.58 21.55 23.318 25.991 25.55 25.391 25.723 22.779 17.969 17.151 17.709 17.86 15.213 14.2 16.921 17.01 16.947 16.815 16.268 16.941 17.328 17.314 16.958 16.437 16.164 16.772 16.849 16.67 16.643 16.456 16.88 16.2 15.632 15.394 15.252 15.362 15.545 15.632 17.006 18.664 21.424 21.992 23.257 24.249 24.733 24.327 24.057 23.933 23.946 23.826 23.318 22.958 22.372 21.264 20.273 20.469 20.341 18.753 16.657 14.813 13.713 12.839 13.052 13.099 14.529 15.931 16.759 17.673 18.995 19.501 20.182 21.97 23.325 23.887 23.054 22.215 20.927 21.891
26.712 26.861 26.676 26.778 25.914 22.852 21.994 23.776 23.551 23.749 23.965 21.624 17.669 17.302 17.713 15.994 14.002 17.179 16.87 16.845 16.877 16.998 16.409 16.414 16.902 17.48 17.64 17.331 17.263 16.848 16.956 16.79 16.798 16.757 16.271 15.574 15.34 15.456 15.364 15.554 15.717 16.87 17.082 18.24 20.329 21.642 23.181 24.121 24.607 24.608 24.171 23.886 23.773 23.627 23.573 23.052 22.577 21.419 21.016 20.899 20.524 19.181 16.848 14.694 13.679 13.088 13.366 13.581 15.203 16.526 18.205 20.018 21.673 22.077 22.138 22.003 23.134 23.709 23.479 23.061 22.498 21.88
26.786 26.908 25.859 24.528 23.81 21.166 20.332 19.55 19.026 20.392 21.115 19.885 17.625 17.017 16.581 13.929 16.667 17.09 17.058 16.948 16.784 16.503 16.593 16.148 16.373 17.097 17.571 17.721 17.453 16.509 16.413 16.56 16.689 16.344 15.699 15.585 15.654 15.659 15.691 15.813 17.555 18.336 17.831 17.768 18.676 20.452 21.945 23.312 24.059 24.494 24.197 24.138 23.933 23.767 23.411 22.951 22.26 21.342 20.886 20.629 20.017 17.849 15.379 14.964 13.332 13.725 13.472 13.827 15.185 17.489 19.457 20.864 22.767 23.741 23.877 23.839 23.715 23.984 23.751 23.693 23.233 23.015
24.512 22.364 21.379 19.901 19.45 19.284 20.441 18.353 18.002 18.079 18.348 17.645 17.149 14.413 14.17 16.608 17.112 17.138 17.126 16.717 16.734 16.591 16.402 16.349 16.286 16.392 17.086 17.6 17.899 17.521 16.446 16.433 16.335 16.005 15.788 15.692 15.673 15.754 15.88 16.533 18.637 21.95 21.002 20.131 19.159 19.252 20.747 22.021 23.324 23.487 23.812 24.055 24.004 23.825 23.585 23.042 21.951 20.729 20.244 18.409 16.684 15.71 14.457 13.951 14.011 13.966 14.047 13.907 15.512 17.879 19.937 20.918 22.802 23.924 24.394 24.859 25.541 24.64 23.992 23.65 23.628 -999
21.153 19.344 18.735 18.585 18.656 18.541 19.065 18.25 17.678 17.539 17.606 17.045 14.118 14.865 17.733 17.497 17.344 17.197 16.876 16.636 16.579 16.386 16.387 16.305 16.265 16.398 16.733 17.199 17.953 17.914 17.679 16.646 16.508 16.153 16.044 15.67 15.957 16.187 16.089 16.612 19.099 23.13 23.884 22.496 20.837 20.631 20.951 22.363 23.353 23.531 23.793 24.077 24.081 23.89 23.583 22.906 21.97 20.737 19.639 16.51 15.394 14.446 14.337 14.226 14.431 14.815 14.947 14.893 15.766 17.761 19.422 20.718 22.464 23.533 24.331 25.323 25.599 24.936 24.068 23.886 -999 -999
20.112 18.906 18.244 18.148 18.022 17.792 18.017 19.055 17.792 17.668 17.071 14.417 14.724 17.132 17.611 17.566 17.43 17.128 16.881 16.572 16.402 16.528 16.499 16.414 16.426 16.894 17.037 16.779 17.541 18.077 17.929 17.813 16.309 16.219 16.322 15.992 15.945 15.845 16.309 16.619 17.68 21.552 24.355 24.128 23.077 22.405 22.157 23.155 23.646 23.921 23.929 24.06 24.03 23.497 23.193 22.886 22.38 20.656 17.382 15.623 15.119 14.42 14.386 14.808 14.945 15.211 15.378 15.338 15.604 16.898 18.41 19.443 21.145 23.623 24.429 25.31 25.365 25.053 25.034 -999 -999 -999
19.06 18.217 18.138 18.026 17.833 17.644 17.804 20.335 17.904 17.453 14.543 15.049 17.377 17.578 17.604 17.539 17.488 17.106 16.811 16.564 16.749 16.522 16.587 16.566 16.931 17.073 17.088 17.152 17.216 17.648 18.003 18.03 17.932 16.212 16.127 15.788 16.211 16.358 16.687 18.232 18.782 20.455 22.872 24.376 24.218 23.648 22.927 23.816 23.958 24.035 23.789 23.854 23.894 23.881 23.415 22.992 22.144 19.819 16.015 15.138 15.132 14.858 15.527 16.495 16.729 16.584 16.067 15.858 16.458 16.778 17.543 18.794 20.365 23.459 24.842 25.75 25.5 -999 -999 -999 -999 -999
18.503 18.533 18.277 18.065 17.74 17.602 17.752 20.3 20.3 14.716 15.203 17.317 17.872 17.743 17.493 17.427 17.224 17.067 16.697 16.928 16.824 16.538 16.649 16.942 16.975 16.996 17.234 17.473 17.444 17.575 17.79 18.014 18.146 17.999 15.91 17.171 16.83 16.873 18.122 18.482 18.787 19.18 22.142 23.648 23.984 23.738 23.63 24.024 24.199 24.192 24.008 24.095 24.109 23.75 23.142 22.925 20.493 17.483 15.58 15.313 16.006 16.178 16.457 18.816 19.651 18.96 17.884 16.469 16.724 16.971 17.733 18.647 20.476 22.66 25.07 25.97 -999 -999 -999 -999 -999 -999
18.762 18.492 18.266 18.053 17.94 17.86 18.029 17.057 20.3 20.3 17.711 17.597 17.58 17.613 17.756 17.351 16.953 16.663 16.947 16.751 16.77 16.798 16.848 17.04 17.144 17.249 17.476 17.806 17.616 17.716 17.7 17.814 18.133 18.21 18.053 17.667 17.167 18.144 18.444 18.661 18.842 19.359 22.633 24.01 24.831 24.624 24.302 24.494 24.527 24.642 24.381 24.354 24.146 23.806 22.657 22.087 19.85 16.501 15.739 15.705 16.806 17.957 18.382 20.928 21.645 20.804 20.151 18.278 17.832 17.633 17.831 19.105 20.567 22.846 24.439 -999 -999 -999 -999 -999 -999 -999
18.712 18.19 18.101 18.082 17.939 17.736 17.615 17.086 20.3 20.3 20.3 17.723 17.942 17.734 17.972 17.33 16.578 16.856 17.032 16.952 16.953 17.045 17.089 17.239 17.335 17.561 17.798 17.958 17.994 17.593 17.733 17.788 17.869 18.258 18.458 18.351 18.226 18.446 18.516 18.681 18.906 19.553 23.18 24.437 24.951 24.803 24.541 24.65 24.494 24.842 24.406 24.326 24.093 23.745 22.729 20.596 17.654 16.338 16.048 16.454 17.94 19.64 20.957 21.879 22.915 22.286 22.166 20.943 20.263 18.838 18.388 19.762 21.45 23.372 -999 -999 -999 -999 -999 -999 -999 -999
14.853 17.63 17.845 18.006 17.788 17.842 17.722 17.306 14.362 20.3 18.068 17.685 17.783 17.679 17.278 17.018 16.889 16.939 17.066 17.12 17.233 17.3 17.298 17.356 17.435 17.551 17.778 17.936 17.78 17.781 17.74 17.562 17.669 17.877 18.334 18.339 18.836 18.831 18.492 18.735 18.952 20.405 23.525 24.458 24.962 24.974 25.144 24.972 24.845 24.787 24.43 24.173 23.592 22.927 21.845 19.105 17.041 16.113 16.663 16.783 17.814 20.651 22.126 22.811 23.525 23.75 24.134 23.358 21.583 19.823 19.359 22.476 -999 -999 -999 -999 -999 -999 -999 -999 -999 -999
17.012 16.311 14.848 16.141 17.592 17.887 17.506 16.675 14.468 18.011 20.317 17.695 17.529 17.616 16.937 17.288 17.503 17.118 17.447 17.351 17.705 17.652 17.497 17.464 17.56 17.64 17.729 17.816 17.725 17.628 17.419 17.517 17.446 17.646 17.938 18.458 18.381 19.048 18.837 18.647 19.272 23.387 24.348 24.301 25.1 25.504 25.6 25.17 24.851 24.543 24.001 24 22.477 22.367 19.871 17.731 16.509 16.922 16.962 17.142 18.182 19.225 23.134 23.75 24.361 24.926 25.225 25.463 23.293 20.456 20.228 -999 -999 -999 -999 -999 -999 -999 -999 -999 -999 -999
18.194 17.878 16.983 15.287 15.371 15.764 15.504 14.455 16.472 17.615 18.388 17.976 17.382 17.146 17.388 17.499 17.51 17.144 17.185 17.339 17.666 17.849 17.548 17.593 17.507 17.518 17.558 17.699 17.567 17.496 17.448 17.637 17.649 17.747 17.781 17.864 18.625 18.701 18.965 18.849 21.742 24.499 24.333 24.347 25.29 25.714 25.559 25.064 24.829 24.359 23.683 22.739 21.033 20.083 18.475 16.995 16.618 17.812 17.995 18.003 19.028 20.025 21.202 24.685 25.419 26.019 25.822 25.808 24.947 21.183 -999 -999 -999 -999 -999 -999 -999 -999 -999 -999 -999 -999
18.232 18.01 17.922 16.989 17.388 16.765 16.809 17.448 17.457 15.131 17.916 20.684 16.849 17.391 17.804 17.835 17.612 17.354 17.187 17.128 17.434 17.806 17.863 17.593 17.408 17.384 17.385 17.553 17.45 17.39 17.524 17.606 17.389 17.561 17.746 17.932 17.849 18.687 18.715 20.594 23.199 24.55 24.327 24.66 25.249 25.335 25.416 25.223 24.461 24.327 23.79 22.129 21.031 19.618 17.714 16.981 17.374 19.634 21.107 20.368 20.994 20.55 21.954 23.826 25.512 25.902 25.968 25.622 -999 -999 -999 -999 -999 -999 -999 -999 -999 -999 -999 -999 -999 -999
17.926 17.688 17.686 17.517 17.419 17.705 17.794 17.76 17.37 16.799 16.692 17.59 18.175 17.179 17.909 17.761 17.433 17.646 17.442 17.341 17.266 17.489 17.543 17.58 17.676 17.69 17.462 17.501 17.359 17.447 17.768 17.686 17.543 17.744 17.98 17.942 18.226 18.31 18.915 19.201 22.232 24.641 24.459 24.827 25.546 25.386 25.448 25.376 25.021 24.917 24.745 22.617 22.182 21.477 18.079 17.378 17.879 20.278 23.308 23.798 23.912 23.728 23.578 23.553 24.908 25.769 -999 -999 -999 -999 -999 -999 -999 -999 -999 -999 -999 -999 -999 -999 -999 -999
17.615 17.805 17.851 17.885 17.75 17.737 17.96 17.885 17.566 17.046 15.175 17.31 20.814 17.408 17.471 17.654 17.481 17.419 17.45 17.874 17.501 17.637 17.859 17.605 17.791 17.888 17.688 17.724 17.951 17.477 17.515 17.611 17.549 17.48 17.734 17.502 18.025 18.568 18.638 19.257 20.854 24.734 24.707 25.101 25.419 25.477 25.355 25.216 24.777 24.475 24.473 23.18 22.53 20.089 18.127 17.976 18.864 20.715 23.655 24.907 25.087 25.202 25.007 24.923 -999 -999 -999 -999 -999 -999 -999 -999 -999 -999 -999 -999 -999 -999 -999 -999 -999 -999
17.977 17.842 17.93 17.98 17.877 17.784 18.037 17.936 17.36 17.273 17.321 17.288 18.206 19.053 17.25 17.548 17.702 17.487 17.537 17.609 17.472 17.402 17.431 17.758 17.813 17.884 17.854 17.783 17.689 18.071 17.642 17.354 17.466 17.246 17.375 17.424 17.483 17.645 18.477 19.171 19.214 24.523 24.848 25.289 25.698 25.415 25.156 24.916 23.838 23.857 23.142 22.357 19.711 18.195 18.019 18.932 20.704 22.42 24.127 25.119 25.807 26.178 -999 -999 -999 -999 -999 -999 -999 -999 -999 -999 -999 -999 -999 -999 -999 -999 -999 -999 -999 -999
