test/DeltaShell.Plugins.DelftModels.HydroModel.Tests/test-data/AcceptanceModels/SOBEK2/DarEsSalaam/InputData/FIXED/cowi_dar_dtm_20m_cor_bridge_sobek_v2.asc
ncols         707
nrows         506
xllcorner     517520.00012207
yllcorner     9239740.0001221
cellsize      20
NODATA_value  -9999
[rows 170 to 203 of 506, columns 456 to 531 of 707]
13.04 13.134 12.966 13.502 13.52168 13.50165 13.11784 12.498 12.453 12.555 12.611 12.484 12.395 12.32 12.268 12.192 12.153 12.119 12.13 12.176 12.153 11.982 12.182 12.125 12.128 11.522 11.24 10.992 10.792 10.729 10.207 9.606 9.634 9.63 10.036 9.591 9.879 10.017 10.126 11.595 15.334 15.914 16.871 17.398 17.615 17.734 17.735 17.787 17.657 17.767 17.82 18.029 18.163 18.334 18.488 18.622 18.74 18.717 18.965 18.911 19.359 19.773 20.007 19.807 19.39 19.027 19.013 18.643 17.906 16.887 15.715 14.436 13.226 12.539 11.344 12.877
13.095 12.992 12.757 13.609 13.764 13.489 12.973 12.601 12.651 12.578 12.519 12.472 12.375 12.326 12.301 12.312 12.48 12.761 12.5 12.647 12.61 12.459 12.388 12.424 12.587 12.416 11.44 10.785 10.728 10.296 10.095 9.927 9.861 9.858 9.967999 9.783999 9.988999 10.24 10.87 12.576 15.813 16.776 17.8 17.86 17.932 17.923 17.762 17.771 17.622 17.476 17.53 17.882 18.16 18.454 18.369 18.458 18.633 18.733 18.911 18.958 19.367 19.724 19.88 19.896 19.426 18.688 18.431 17.729 16.629 14.378 13.104 11.938 11.152 10.725 10.549 10.233
13.084 12.944 12.887 13.577 13.798 13.423 12.992 12.695 12.489 12.662 12.541 12.45 12.339 12.349 12.373 12.457 12.795 12.95 12.938 14.784 15.699 15.107 13.103 12.23 12.094 11.869 11.466 11.128 10.825 10.517 10.301 10.301 10.286 10.27 10.213 10.177 10.628 11.188 12.746 15.249 16.856 17.771 18.06 18.009 17.79 17.226 17.248 17.155 17.051 17.043 17.361 17.714 18.307 18.702 18.529 18.425 18.664 18.976 18.825 18.988 18.746 19.41 19.261 19.309 18.699 18.407 17.917 17.089 15.501 12.629 10.445 10.041 9.907 9.981999 9.77 9.344
12.99 12.985 13.153 13.337 13.471 13.166 13.016 12.933 12.751 12.658 12.814 12.528 12.646 12.446 12.679 13.105 13.27 13.195 15.534 17.076 16.881 15.631 13.233 12.027 11.571 11.693 11.537 11.48 11.248 10.91 10.664 10.869 10.841 10.577 10.701 11.068 12.22 13.869 15.396 16.82 17.848 18.461 18.275 17.943 17.049 16.755 16.849 16.603 16.81 16.98 17.301 17.785 18.414 18.694 18.748 18.73 18.681 18.231 16.672 15.488 15.552 13.542 11.682 14.45 17.343 17.716 17.721 16.549 14.401 11.058 10.169 9.966 9.9 9.710999 9.304 8.54
13.391 13.289 13.439 13.48 13.503 13.24 13.016 13.35 13.614 13.94 13.925 13.672 13.592 13.267 13.57 13.586 13.504 15.616 17.251 17.663 16.997 15.634 12.205 11.692 11.419 11.511 11.789 11.86 11.793 11.369 11.336 11.554 11.574 11.36 11.438 12.3 13.888 15.276 16.76 18.003 18.799 18.777 18.352 17.885 17.182 16.567 16.71 16.669 16.835 16.937 17.272 17.772 18.183 18.386 18.391 18.516 17.996 17.277 14.333 11.495 10.051 8.580999 8.33 9.245999 13.347 16.775 17.822 15.931 13.638 10.796 9.729 9.712999 9.434 9.129 8.524 7.882
13.842 13.617 14.18 14.304 14.501 14.617 14.695 14.893 15.212 15.25 15.223 14.938 14.572 14.432 14.052 14.178 15.096 17.313 17.823 17.504 16.365 13.344 12.004 11.626 11.481 11.597 11.617 11.865 12.08 12.377 12.374 12.529 12.531 12.618 12.836 13.527 14.452 15.71 16.93 18.436 18.928 18.504 18.089 17.929 17.541 16.819 16.824 16.876 16.848 16.709 17.087 17.288 17.529 17.631 17.624 17.644 15.941 14.027 9.752 8.664 8.021 7.72 7.887 7.991 9.412 15.207 17.325 15.816 13.705 10.378 9.421 9.145 8.651999 8.426 7.808 7.045
15.012 14.916 14.883 14.954 15.235 16.134 16.78 17.291 18.073 18.545 18.157 16.958 16.669 16.072 15.437 16.906 17.489 17.607 17.734 16.319 14.124 12.373 11.631 11.729 11.715 11.743 11.871 11.93 13.264 14.946 15.374 15.102 14.262 13.357 12.954 13.292 14.444 15.356 16.813 17.548 18.134 18.157 17.899 17.627 17.456 17.032 16.968 16.982 16.752 16.592 16.55 16.531 16.745 16.538 16.384 14.868 13.135 9.694 8.705 8.066999 7.575 7.455 7.458 7.719 8.182 13.85 16.236 15.317 12.768 9.484 9.11 8.901 8.78 8.118 7.492 7.078
18.975 16.319 15.578 16.244 17.508 18.624 19.422 19.668 20.349 20.571 19.434 18.289 17.679 17.264 17.764 17.801 17.662 16.948 15.734 14.79 12.904 12.068 11.856 11.907 12.284 12.503 12.866 13.595 15.853 16.588 16.006 15.291 14.07 13.826 13.674 13.431 13.673 14.687 16.656 17.368 17.776 17.825 17.821 17.519 17.332 17.02 16.821 16.716 16.495 16.381 15.879 15.348 14.657 14.442 13.633 12.058 10.598 8.681 8.205999 7.738 7.495 7.323 7.297 7.406 7.698 10.219 14.246 13.845 11.028 9.431 8.962999 8.66 8.323 7.587 6.929999 6.959
19.243 18.389 17.909 18.722 20.176 20.875 20.858 20.603 20.389 20.596 19.749 19.225 18.981 18.771 17.61 16.726 15.176 13.979 13.282 12.863 12.59 12.457 12.237 13.585 14.996 15.158 14.213 15.595 16.993 17.322 16.46 15.903 15.456 15.524 14.876 14.074 13.988 14.802 16.063 16.941 17.228 17.483 17.562 17.416 17.324 16.908 16.685 16.612 16.531 16.168 15.322 14.594 13.691 13.119 12.243 10.923 9.238 8.179999 7.543 7.49 7.385 7.27 7.148 7.08 7.017 7.797999 9.003 11.266 11.231 9.399 8.7 8.289 7.646999 7.177 6.754 6.811
20.447 20.025 20.137 20.745 21.64 21.713 21.288 20.85 20.462 20.279 20.403 20.285 20.065 19.272 17.042 13.995 13.356 13.157 12.975 12.819 12.799 13.066 13.968 16.317 16.797 16.816 17.377 17.647 17.775 17.817 17.154 16.691 16.822 17.164 16.503 14.975 14.485 14.843 15.657 16.202 17.025 17.555 17.573 17.584 17.411 17.108 16.803 16.529 16.257 15.652 14.626 13.918 13.037 12.227 11.473 10.344 8.656 7.539 7.547 7.441999 7.314 7.198 7.106 6.951 6.957 7.002 7.609 9.250999 10.746 9.802 8.561 7.75 7.295 6.993 6.832 7.261507
21.741 21.482 21.592 21.718 21.805 21.551 21.281 21.163 20.84 20.447 20.705 20.772 19.949 18.301 15.182 13.288 12.96 13.007 12.998 13.072 14.788 15.751 16.83 18.485 18.098 18.223 18.509 18.797 18.08 17.701 17.305 17.019 17.586 17.914 17.067 15.709 14.829 15.168 15.877 16.8 17.255 17.67 17.667 17.449 17.541 17.278 16.892 16.448 15.705 14.987 13.868 12.809 11.93 11.433 11.057 9.771999 8.363 7.599999 7.547999 7.348 7.223 7.123 7.071 6.908 7 6.771 6.809 7.389 9.929 9.063 7.896 7.333 7.018 6.930957 6.873957 6.913168
21.947 21.81 21.863 21.597 21.447 20.748 20.324 19.165 17.657 18.049 19.271 19.207 17.723 15.561 13.917 13.747 13.955 13.691 14.182 15.796 17.711 17.794 18.613 18.715 19.189 19.466 19.576 19.829 19.158 18.119 17.721 17.67 17.789 17.873 17.21 16.213 15.443 15.501 16.028 16.881 17.076 17.216 17.416 17.48 17.637 17.625 17.303 16.339 15.145 14.002 12.941 12.087 10.918 10.744 10.745 9.004 8.189 7.948999 7.575 7.345 7.224999 7.117 7.087 7.026 6.875 6.872 6.812 6.929999 7.363 7.412 7.313 6.785 6.728098 6.827647 6.911098 6.904933
21.805 21.736 21.063 19.202 17.852 17.204 16.394 15.762 15.744 15.546 15.81 15.499 15.039 14.304 14.102 15.137 16.888 17.671 16.914 18.268 19.45 20.149 20.177 19.881 20.12 20.154 20.08 19.999 19.395 18.074 17.678 17.352 16.893 15.823 15.779 16.079 15.805 15.881 16.231 16.698 17.041 17.238 17.305 17.515 17.753 17.767 17.479 16.554 15.467 14.009 12.662 11.506 10.071 9.993999 10.076 8.709 7.708 7.624 7.441999 7.326 7.236 7.144 7.044 6.918 6.854 6.796 6.776999 6.753 6.728 6.960999 6.793 6.651136 6.692492 6.853921 7.145154 7.214
20.421 19.46 18.006 17.291 16.808 16.51 16.106 16.037 16.092 15.137 14.885 14.712 14.74 14.627 15.908 17.708 19.399 19.712 19.066 19.935 20.231 20.448 20.736 20.713 20.586 20.529 20.358 20.02 19.398 18.196 16.064 14.022 12.955 12.134 12.552 14.727 15.699 16.301 16.652 16.943 17.255 17.555 17.582 17.366 17.423 17.455 16.981 16.597 15.741 15.329 13.734 11.581 9.915 9.783 9.663 8.302999 7.672999 7.441 7.408 7.319 7.269 7.194 7.125 7.069 7.014 7.002 6.967999 6.97 6.915 6.783 6.927109 6.894003 6.866062 6.988 7.321 7.197
18.942 17.795 17.398 17.639 17.914 18.222 19.6 19.349 18.436 16.629 16.254 16.225 15.014 14.748 17.03 18.39 20.218 20.853 20.592 20.66 20.507 20.869 20.801 20.739 20.584 20.726 20.66 19.948 19.11 16.085 13.284 12.28 11.362 11.174 11.169 12.096 14.891 15.984 17.042 17.13 16.893 16.627 16.615 16.403 16.412 16.67 16.315 15.945 15.488 15.12 14.497 12.395 9.709 9.264999 8.54 7.882 7.691999 7.375999 7.408999 7.337999 7.315 7.268 7.214 7.209 7.217999 7.29 7.290999 7.290999 6.901 6.76 6.860562 6.975898 7.046 7.087999 7.104 7.068
18.281 18.028 19.148 19.938 20.381 20.41 20.506 19.821 19.521 18.91 19.315 19.14 16.229 15.668 16.972 19.948 23.049 22.817 22.574 22.092 21.752 21.424 21.251 20.987 20.914 20.988 20.801 19.821 17.929 14.306 12.152 11.009 10.345 10.416 10.403 10.825 12.965 15.044 15.905 15.922 14.252 12.668 13.351 14.504 15.192 15.157 14.939 14.587 14.631 15.248 14.671 12.653 9.599 8.645 8.365 7.955999 7.632999 7.44 7.421 7.422 7.414 7.359 7.434999 7.368 7.375 7.355 7.576 7.389 6.889057 6.781484 6.850986 6.954 7.095 7.047999 7.02 6.927999
18.586 19.096 20.841 20.972 21.279 21.595 22.246 21.974 20.988 21.244 20.698 20.127 18.697 17.39 20.091 22.277 23.72 23.897 23.618 23.406 22.896 21.935 21.366 20.793 20.526 20.086 19.533 18.891 14.787 12.217 10.782 10.269 9.787 9.959 10.047 10.192 11.304 12.198 12.151 10.763 10.213 10.031 10.249 11.219 12.74 13.774 13.47 13.146 13.356 14.633 14.196 12.147 9.789 8.644 8.418 8.198999 7.879 7.573999 7.525 7.499 7.434999 7.473 7.689 7.481 7.504 7.504 7.517 7.318408 6.982632 6.795269 6.812 6.978 7.049 6.934 6.858 6.775
18.624 19.612 20.532 20.932 21.324 21.888 22.415 22.423 22.378 22.133 21.782 21.063 18.795 16.88 18.177 21.567 22.908 23.5 23.602 23.156 22.881 21.981 20.656 18.392 18.536 17.868 16.985 14.581 12.075 10.426 10.496 10.041 9.66 9.547 9.566999 9.661 9.792 9.703 9.682 9.492 9.536 9.455 9.48 9.872 9.830999 10.328 10.589 11.1 12.018 12.519 11.902 10.863 9.42 8.375 8.2 8.059 7.802999 7.65 7.59 7.658 7.492 7.702 7.641 7.5 7.681 7.767 7.394169 7.407512 7.381221 6.852308 6.830999 6.845 6.894 6.862 6.865 6.906
19.073 19.814 20.354 20.953 21.294 21.972 22.33 22.556 22.563 22.387 21.924 21.379 18.953 13.606 12.084 17.745 21.49 22.368 22.535 22.607 22.361 21.352 19.651 16.519 13.876 11.18 10.971 10.944 10.385 9.987 10.014 9.865 9.683 9.34 9.243999 9.429999 9.366 9.11 9.13 9.026999 9.109 9.113 9.082 9.148 9.158999 9.109 9.546 9.76 10.66 10.74 10.319 9.855 8.773 8.294 8.162 8.012 7.743 7.679 7.686 7.703 7.756 7.715 7.688 7.615 7.651 7.301 7.336709 7.501478 7.216 6.855 6.768 7.007999 7.066 6.988999 6.934999 6.967
20.444 21.103 21.197 21.003 21.389 21.989 22.327 22.6 22.923 22.77 22.576 21.772 18.784 12.456 10.253 16.319 20.15 21.39 21.429 21.858 21.736 20.743 19.242 13.7 9.3 10.118 10.327 10.257 10.023 9.854 9.719 9.580999 9.462999 9.370999 9.276999 9.342 9.297999 9.132 9.091 9.023 9.031 8.937 8.861 8.677999 8.682 8.639999 9.059999 9.109 9.562 9.83 9.816 9.538 8.866 8.462 8.098 7.889999 7.825 7.738999 7.767 7.806 7.754 7.599 7.731 7.649 7.453 7.23623 7.279249 7.187339 6.911 7.212 7.414 7.191 7.059 6.832 6.8 6.895
22.544 22.935 21.607 21.371 21.655 21.934 22.288 22.571 22.688 22.808 22.933 22.251 18.224 11.995 10.311 14.079 19.215 20.565 20.831 21.012 20.937 19.993 18.575 11.848 8.523 9.049 9.885 9.955 9.953 9.643 9.507999 9.406 9.264999 9.304999 9.250999 9.345 9.429999 9.257999 9.132999 9.031 9.031 9.01 8.863999 8.632999 8.592 8.698999 8.896 8.84 8.941999 9.102 9.783999 9.571 8.856999 8.406 8.013 7.823999 7.839 7.738 7.58 7.814 7.887 7.82 7.804999 7.656 7.33116 7.153154 7.371706 7.302999 7.348 7.572 7.414 7.142 6.988999 6.845 6.967 7.398
22.571 22.414 21.967 21.763 21.941 22.145 22.337 22.459 22.655 22.909 23.127 22.361 17.205 12.123 10.919 12.109 18.504 20.006 20.287 20.178 20.095 18.922 14.057 9.822 8.901999 8.801 9.060488 9.19685 9.150271 9.157337 9.486126 9.47205 9.21 8.796 8.851057 8.660505 8.924 9.582 9.172 8.896 8.995 8.987 8.894 8.682 8.698 8.727 8.77 8.750999 8.842 8.855 9.742 9.668 8.877 8.355 8.117 7.976 7.829 7.618 7.556 7.815 7.878 7.779 7.856999 7.538218 7.153136 6.810781 7.520062 7.573999 7.516 7.552 7.327 7.099 6.986 7.184 7.786 9.603
22.922 22.761 22.363 22.154 22.286 22.381 22.435 22.632 22.775 22.959 22.927 21.442 16.284 12.446 10.796 10.065 17.889 19.273 19.461 19.179 18.501 14.589 11.062 10.19474 9.527397 9.210723 9.187022 8.962428 8.869843 9.107602 9.410014 9.439257 9.132084 8.847341 8.788618 8.303742 8.069478 8.108287 8.103 8.807 9.038 8.99 8.826 8.658 8.773 8.845 8.752 8.636 8.641 8.492 8.938 9.025 8.573 8.297999 8.261 8.106999 7.898 7.667 7.518 7.648 7.554 7.287 7.632442 7.287243 7.204969 7.149 6.646999 7.478 7.395 7.297999 7.193 7.076 7.237 9.058 11.097 13.413
22.949 22.856 22.776 22.693 22.77 22.827 22.818 22.908 22.846 22.859 22.931 20.572 16.1 12.749 9.837 9.294 14.418 18.333 18.663 17.68 12.749 10.258 10.05494 9.872001 9.79776 9.986 9.851 9.486 9.014999 9.225214 9.459551 9.481074 9.294477 9.093768 9.053657 8.651281 8.310974 8.158218 8.258416 8.44162 8.546605 8.669 8.466 8.638 8.472 8.367 8.36 8.122322 8.132999 8.293 8.592999 8.503549 8.465 8.250999 8.370999 8.153 8.012 7.743999 7.474 6.842167 7.032318 7.209957 7.316275 7.065738 7.467 7.326 7.233 7.538 7.395 7.243999 7.123 7.085999 9.405 15.345 17.164 18.287
23.255 23.183 23.236 23.341 23.38 23.544 23.422 23.115 22.829 22.868 22.902 21.416 15.74 11.04 9.12 8.377 11.443 12.407 12.434 11.238 10.30303 9.964067 10.11401 10.08 10.198 10.007 10.07 10.049 9.835999 9.79 9.651999 9.708 9.512 9.4 9.330999 9.083 8.886047 8.690085 8.594647 8.4739 8.268782 8.263603 8.291616 8.202346 7.923454 7.960719 8.210248 8.201427 8.154799 8.296894 8.428352 8.340899 8.177681 7.98036 7.917124 7.916077 7.804999 7.702025 7.641885 7.444526 7.416252 7.410271 7.467 7.762 7.841 7.572 7.454 7.375 7.307 7.257 7.139 7.399 10.681 16.803 18.589 18.899
23.68 23.601 23.623 23.85 23.769 23.757 23.419 23.229 23.049 23.012 22.138 21.038 12.753 9.363 8.233 10.306 11.224 11.097 11.109 10.6609 10.49856 10.416 10.4 10.353 10.255 10.092 10.017 9.95 9.808 9.727 9.556 9.388 9.329 9.297999 9.241 9.106999 9.021 9.047 8.946231 8.584 8.209973 8.233432 8.422426 8.292184 8.113999 8.28124 8.434 8.453743 8.320319 8.346175 8.348 8.118 7.88838 7.93501 7.921065 7.983604 7.952125 7.943956 7.931258 7.890277 7.90064 7.793 7.832 7.84 7.792 7.113999 7.306 7.354 7.335 7.452 7.422999 7.962999 10.093 15.939 18.923 19.268
23.799 23.781 23.55 23.893 23.866 23.816 23.494 23.318 23.382 22.063 18.855 15.272 9.905 8.955 8.267 11.188 11.174 11.353 11.59447 10.76025 10.579 10.515 10.371 10.295 10.223 10.115 10.106 10.008 9.874 9.656 9.507 9.342999 9.27 9.256 9.226 9.118999 9.021999 9.009 8.974999 8.941 8.771999 8.743999 8.812 8.698 8.53 8.579 8.493 8.478 8.478 8.537 8.42 8.328 8.22 8.157 8.262 8.207 8.111 8.073999 8.052 8.049 7.965 7.874 7.849 7.848 7.669 7.208 7.392 7.459 7.595 8.741 9.035 8.771 10.037 13.753 18.115 19.388
23.968 24.006 23.925 23.89 23.932 23.918 23.704 23.257 22.718 21.813 16.338 11.247 9.562 8.782 8.78 11.359 11.293 11.36552 11.04031 10.702 10.61 10.445 10.308 10.238 10.182 10.101 10.046 9.957 9.764999 9.646 9.467 9.34 9.375 9.370999 9.316 9.151 9.083 9.014999 8.947 8.863 8.821 8.832 8.651 8.639 8.702 8.605 8.552 8.517 8.554999 8.632 8.462999 8.419 8.297999 8.223 8.214 8.145 8.127 8.087 8.02 7.933 7.786 7.755 7.646999 7.604 7.503 7.359 7.486 7.546 10.699 12.138 11.812 11.17 12.393 14.386 18.319 19.532
23.893 23.915 23.841 23.881 23.854 23.846 23.588 22.562 20.067 17.86 11.916 10.221 9.355 9.079 10.923 10.95468 10.74123 10.85423 10.787 10.642 10.563 10.43 10.349 10.249 10.139 10.036 9.84 9.663 9.618 9.627 9.514999 9.436 9.466 9.436 9.279 9.128 9.07 8.915 8.915 8.78 8.436 8.316 8.318 8.427 8.672 8.556 8.524 8.455 8.426 8.359 8.394 8.333 8.262 8.171 8.083 8.016 8.04 8.028 7.887 7.834 7.771999 7.662 7.559 7.53 7.545 7.487 7.84 9.290999 14.362 17.113 16.828 17.265 18.136 18.892 19.606 19.979
22.148 22.88 23.42 23.403 23.487 23.309 23.298 21.578 17.35 14.562 11.694 10.709 10.61 11.04474 11.38933 10.91082 10.35349 10.6261 10.823 10.761 10.569 10.393 10.307 10.21 10.041 9.863 9.781 9.622 9.649 9.651999 9.643 9.493 9.403 9.356999 9.198999 9.014 9.057 8.846 8.665 8.639 8.391 8.54 8.537 8.375 8.564 8.518 8.458 8.341 8.312 8.328 8.309 8.26 8.176 8.101 8.076 7.977 7.941999 7.867 7.795 7.801 7.728 7.609 7.624 7.669 7.63 7.664 8.177999 12.367 17.544 19.99 20.547 20.462 20.74 20.396 20.553 20.7
18.142 19.732 20.846 20.768 20.415 20.602 21.622 19.291 14.66 12.86 11.349 10.071 9.761411 10.97083 11.8599 11.43294 11.08 10.893 10.815 10.699 10.549 10.318 10.234 10.132 10.032 9.899 9.863999 9.691999 9.682 9.587 9.457 9.382 9.308 9.316999 9.149 9.118999 8.976 8.719 8.749 8.793 8.674 8.569 8.529 8.589 8.572 8.580999 8.525 8.408999 8.437 8.335 8.248 8.177999 8.080999 8.012 7.993999 7.952 7.881 7.875 7.882999 7.807 7.802 7.658 7.749 7.697 7.636 7.95 10.701 16.12 19.316 20.353 20.698 21.04 21.106 21.025 21.077 20.998
14.412 14.864 15.394 15.128 15.061 15.945 17.528 16.772 13.115 12.237 11.174 10.119 9.991164 11.42687 11.92 11.42 11.117 10.832 10.662 10.533 10.394 10.255 10.182 10.092 10.008 10 9.837 9.726 9.616 9.47 9.355 9.269 9.205 9.139999 9.062 8.985 8.846 8.933 8.922999 8.862 8.771 8.618999 8.536 8.624 8.577 8.598 8.544 8.505 8.429999 8.323 8.17 8.111 8.026999 7.966 7.958 7.932 7.845 7.742 7.787 7.918 7.881 7.823 7.806 7.816999 7.731 8.41 13.984 18.812 20.581 21.133 21.479 21.548 21.588 21.411 21.433 21.531
13.53 13.246 13.228 13.226 13.395 13.505 13.7 13.057 12.149 11.786 10.747 10.433 10.11153 11.41323 11.643 11.377 11.133 10.852 10.708 10.581 10.429 10.237 10.154 10.059 10.007 10.013 9.875999 9.764999 9.697 9.634 9.57 10.01 9.677999 9.531 9.132999 8.974999 8.998 8.993 9.011 8.927 8.87 8.72 8.504 8.598 8.641 8.559999 8.599999 8.507999 8.462 8.382 8.196 8.141 8.073 8.038 7.993999 7.973 8.003 7.965 7.929999 7.912 7.658999 7.932 8.063 8.091 7.870999 9.024 14.002 19.574 21.114 21.761 21.913 21.805 21.852 21.847 21.83 21.833
13.261 12.669 12.566 12.56 12.316 12.378 12.525 12.001 11.658 11.119 10.558 10.566 10.13337 11.42846 11.6 11.374 11.149 10.853 10.778 10.648 10.46 10.286 10.208 10.118 10.053 10.012 9.891 9.783999 9.818 9.79 9.743 9.352 9.266 9.785 9.198 9.043 9.066 9.026 8.998 8.927 8.743999 8.753 8.735 8.771 8.601 8.571 8.577 8.582 8.441 8.316 8.381 8.287 8.191 8.183 8.168 8.257 8.238 8.233 8.462 8.040999 7.816 7.91 8.059999 8.217 8.007999 7.859 12.2 17.561 20.771 21.924 21.932 21.95 22.117 22.063 22 21.969
