test/DeltaShell.Plugins.DelftModels.HydroModel.Tests/test-data/AcceptanceModels/SOBEK2/DarEsSalaam/InputData/FIXED/cowi_dar_dtm_20m_cor_bridge_sobek4.asc
ncols         707
nrows         506
xllcorner     517520.00012207
yllcorner     9239740.0001221
cellsize      20
nodata_value -999
[rows 0 to 36 of 506, columns 410 to 491 of 707]
-999 -999 -999 -999 -999 -999 -999 -999 -999 -999 -999 -999 -999 -999 -999 -999 -999 -999 -999 -999 -999 -999 -999 -999 -999 -999 -999 -999 -999 -999 -999 -999 -999 -999 -999 22.533 21.981 21.684 -999 -999 -999 -999 -999 -999 -999 -999 -999 -999 -999 -999 -999 -999 -999 -999 -999 -999 -999 -999 -999 -999 -999 -999 -999 -999 -999 -999 -999 -999 -999 -999 -999 -999 -999 -999 -999 -999 -999 -999 -999 -999 -999 -999
-999 -999 -999 -999 -999 -999 -999 -999 -999 -999 -999 -999 -999 -999 -999 -999 -999 -999 -999 -999 -999 -999 -999 -999 -999 -999 -999 23.128 23.062 23.197 23.122 23.109 22.937 22.222 22.043 22.061 21.667 21.508 21.048 20.108 -999 -999 -999 -999 -999 -999 -999 -999 -999 -999 -999 -999 -999 -999 -999 -999 -999 -999 -999 -999 -999 -999 -999 -999 -999 -999 -999 -999 -999 -999 -999 -999 17.071 18.758 -999 -999 -999 -999 -999 -999 -999 -999
-999 -999 24.323 -999 -999 -999 -999 -999 -999 -999 -999 -999 -999 -999 -999 -999 -999 -999 -999 -999 -999 -999 -999 -999 -999 -999 23.784 23.589 23.616 23.436 23.132 23.052 22.327 21.762 21.364 21.024 20.808 20.828 20.909 20.525 19.687 19.894 -999 -999 -999 -999 -999 -999 -999 -999 -999 -999 -999 -999 -999 -999 -999 -999 -999 -999 -999 -999 -999 -999 -999 -999 -999 -999 -999 -999 -999 15.111 17.597 18.996 -999 -999 -999 -999 -999 -999 -999 -999
24.75 24.656 24.238 24.123 24.028 23.392 23.63 23.484 23.808 24.32 25.315 -999 -999 -999 -999 -999 -999 -999 -999 -999 -999 -999 -999 -999 -999 24.924 24.219 23.929 23.56 22.808 22.584 22.296 21.23 20.751 20.628 20.355 20.014 20.039 20.404 20.588 20.687 20.728 20.964 21.337 -999 -999 -999 -999 -999 -999 -999 -999 -999 -999 -999 -999 -999 -999 -999 -999 -999 -999 -999 -999 -999 -999 -999 -999 -999 15.083 15.442 14.999 17.837 19.165 -999 -999 -999 -999 -999 -999 -999 -999
24.681 24.155 23.623 22.962 23.371 23.456 23.4 23.286 23.248 23.964 24.929 25.985 26.004 26.061 26.062 25.921 -999 -999 -999 -999 -999 -999 -999 24.687 24.93 24.538 24.135 23.467 23.107 22.365 21.841 21.192 20.772 20.4 20.247 19.926 19.787 19.563 19.933 19.996 20.148 19.971 19.711 20.279 21.271 21.447 -999 -999 -999 -999 -999 -999 -999 -999 -999 -999 -999 -999 -999 -999 -999 -999 -999 -999 -999 -999 -999 15.685 15.614 15.123 15.014 15.25 18.114 19.322 -999 -999 -999 -999 -999 -999 -999 -999
24.25 23.52 23.771 24.544 23.697 21.743 22.835 23.627 23.068 23.48 24.306 24.605 25.395 26.082 26.054 25.864 25.824 25.614 25.939 -999 -999 -999 23.812 23.574 24.176 24.061 23.924 23.659 23.105 21.96 21.528 20.94 20.471 20.232 19.928 19.705 19.484 19.58 19.5 19.499 19.656 19.489 19.414 19.314 19.295 19.413 19.606 -999 -999 -999 -999 -999 -999 -999 -999 -999 -999 -999 -999 -999 -999 -999 -999 -999 -999 -999 15.574 15.607 15.5 15.396 15.195 15.864 18.511 19.427 -999 -999 -999 -999 -999 -999 -999 -999
23.9 23.657 22.355 24.01 23.655 23.471 24.1 22.178 21.443 23.48 21.545 20.955 22.304 24.879 25.708 25.586 25.215 25.052 25.563 25.582 24.974 24.035 22.579 22.612 23.302 23.807 24.031 23.468 22.909 22.337 21.744 21.084 20.48 20.074 19.749 19.409 19.426 19.786 19.446 19.475 19.492 19.347 19.217 18.889 18.899 18.82 19.009 20.597 21.075 -999 -999 -999 -999 -999 -999 -999 -999 -999 -999 -999 -999 -999 -999 -999 16.987 15.719 15.669 15.626 15.384 15.196 15.079 16.024 18.293 19.443 -999 -999 -999 -999 -999 -999 -999 -999
23.598 24.043 22.749 24.348 24.027 23.861 23.647 23.775 23.415 23.48 23.308 23.034 23.357 20.758 24.001 24.236 24.165 24.032 24.605 24.985 25.011 23.997 22.03 21.809 22.12 22.696 22.933 22.733 22.454 21.839 21.639 20.824 20.283 20.003 19.755 19.699 19.512 19.692 19.409 19.219 19.196 19.101 18.972 18.599 18.628 18.822 18.695 19.334 20.982 21.349 -999 -999 -999 -999 -999 -999 -999 -999 -999 -999 -999 -999 21.017 19.518 17.221 15.525 15.61 15.64 15.208 14.911 14.715 15.751 18.46 19.606 -999 -999 -999 -999 -999 -999 -999 -999
23.433 25.217 24.945 24.583 24.202 24.055 23.573 23.483 23.773 23.732 23.576 23.219 22.94 22.989 21.038 22.901 22.646 22.81 23.762 24.398 24.675 24.173 23.292 21.892 21.499 21.895 21.898 21.691 21.344 21.373 21.149 20.56 20.266 20.065 19.988 19.751 19.492 19.581 19.377 19.076 18.934 19.068 19.07 18.79 18.486 18.505 18.262 18.046 19.767 21.001 21.654 -999 -999 -999 -999 -999 -999 -999 -999 -999 -999 -999 20.381 19.035 16.763 15.426 15.587 15.518 15.081 14.928 14.69 15.544 18.719 19.655 19.453 18.72 18.405 18.113 -999 -999 -999 -999
25.005 24.529 24.523 24.326 24.168 23.706 23.485 23.855 23.869 23.642 23.508 23.31 22.979 22.857 22.242 22.072 20.258 19.902 21.763 23.122 23.586 23.904 23.314 21.912 20.898 21.258 21.355 21.415 21.235 21.008 20.893 20.949 20.355 20.104 19.982 19.781 19.641 19.577 19.478 19.05 18.793 18.858 18.864 18.682 18.358 18.336 18.189 17.945 18.168 20.666 20.809 21.408 -999 -999 -999 -999 -999 -999 -999 -999 -999 21.413 20.925 18.453 15.811 15.257 15.472 15.399 15.149 14.958 14.895 14.969 17.303 18.662 18.57 18.115 17.96 18.127 17.677 17.688 -999 -999
24.885 24.547 24.401 24.296 23.9 23.987 23.739 23.863 23.76 23.616 23.684 23.309 23.154 23.008 22.712 22.329 21.994 21.899 21.519 22.046 22.468 23.179 23.329 21.888 21.183 21.128 21.228 21.303 21.214 20.913 20.899 20.701 20.224 19.952 20.003 19.867 19.853 19.675 19.498 19.102 18.922 18.943 18.813 18.429 18.42 18.366 18.294 17.964 17.624 18.566 20.504 20.739 21.507 -999 -999 -999 -999 -999 -999 -999 -999 21.799 20.773 18.596 15.996 15.476 15.333 15.269 15.168 15.144 15.041 14.798 16.234 16.852 17.065 16.82 16.639 16.498 17.347 17.758 -999 -999
25.089 24.893 24.742 24.496 24.358 24.198 23.893 23.848 23.89 24.042 23.74 23.549 23.256 23.045 22.845 22.627 22.236 21.92 21.718 19.9 22.967 23.344 23.735 22.205 21.435 20.94 21.158 21.055 20.869 20.798 20.551 20.82 20.302 19.989 20.259 20.141 19.66 19.588 19.409 19.098 18.895 18.851 18.63 18.451 18.637 18.418 18.3 17.992 17.712 17.346 18.875 20.201 20.895 20.862 20.713 21.297 -999 -999 -999 -999 21.664 21.739 21.668 20.885 18.531 15.546 15.285 15.188 15.112 15.117 15.045 15.001 14.691 15.32 15.455 15.477 15.8 16.879 18.175 18.771 -999 -999
25.178 25.079 24.967 24.793 24.515 24.765 24.173 23.783 24.01 23.907 23.662 23.718 23.47 23.265 22.942 22.594 22.436 22.209 21.691 19.587 22.858 24.195 24.687 22.8 21.587 21.31 21.066 21.121 20.933 20.762 21.048 20.7 20.337 20.277 20.544 20.31 19.801 19.664 19.36 19.08 18.951 18.736 18.526 18.508 18.529 18.268 18.084 17.861 17.823 17.541 17.801 18.753 20.204 20.598 20.127 20.206 20.796 21.21 21.102 21.229 21.465 21.755 21.465 21.386 20.561 17.53 15.248 14.991 14.953 15.007 14.926 14.942 15.177 15.06 15.125 15.468 16.836 18.775 19.04 18.96 -999 -999
25.321 25.249 -999 -999 -999 -999 24.285 23.841 24.031 24.023 23.748 23.649 23.53 23.397 23.233 22.883 22.73 22.557 21.958 19.439 23.881 24.315 24.457 23.845 22.83 21.957 21.424 21.317 21.122 20.895 20.859 20.652 20.523 20.65 20.378 20.114 19.855 19.862 19.289 18.993 18.887 18.472 18.089 18.373 18.541 17.551 18.137 17.892 17.863 17.49 17.625 18.011 19.009 19.81 19.368 18.403 18.262 19.118 21 20.882 21.166 21.208 20.976 21.029 21.151 19.589 16.493 15.071 14.937 14.801 14.81 14.723 14.747 15.069 15.032 15.298 17.122 18.84 18.848 18.743 -999 -999
-999 -999 -999 -999 -999 -999 -999 -999 -999 -999 23.851 23.79 23.715 23.541 23.338 23.016 22.81 22.716 22.277 21.267 21.876 23.486 23.772 23.66 23.128 22.594 22.076 21.78 21.282 20.891 20.898 20.554 20.489 20.38 20.202 19.907 19.755 19.785 19.018 19.009 18.749 18.289 18.698 17.941 17.904 18.482 17.845 16.694 18.276 17.717 16.117 17.521 17.935 19.151 18.926 17.807 17.453 18.051 19.402 19.894 20.294 20.389 19.968 19.963 20.602 20.47 17.944 15.149 14.831 14.727 14.837 14.785 14.9 14.905 15.075 15.192 16.844 18.687 18.675 18.707 18.919 -999
-999 -999 -999 -999 -999 -999 -999 -999 -999 -999 -999 23.777 23.833 23.705 23.304 23.113 22.973 22.828 22.8 21.318 21.272 22.059 22.541 22.177 21.493 20.424 20.466 21.334 21.256 20.551 20.625 20.507 20.548 20.551 20.197 19.952 19.609 19.427 18.722 18.631 17.838 18.853 18.69 18.33 18.026 17.561 17.766 17.407 17.564 17.626 17.252 17.058 17.397 18.138 18.045 17.795 17.518 17.542 17.769 18.802 18.269 18 17.789 17.644 18.613 19.136 17.765 15.664 14.867 14.739 14.614 14.937 14.898 14.601 14.891 14.992 16.36 18.536 18.493 18.427 18.529 -999
-999 -999 -999 -999 -999 -999 -999 -999 -999 -999 -999 -999 23.75 23.474 23.268 23.076 23.032 22.871 22.283 19.176 20.82 21.547 22.032 21.482 19.984 20.699 21.497 19.072 18.873 18.66 18.531 19.604 21.033 20.63 20.211 20.008 19.794 19.317 19.014 18.812 17.637 18.644 18.702 18.526 18.235 18.109 17.917 17.683 17.564 17.562 17.064 17.078 17.328 17.562 17.496 17.294 17.152 17.234 17.574 16.804 16.092 15.808 15.758 15.655 15.208 15.663 15.345 14.969 14.904 14.851 14.785 14.827 14.734 14.427 14.78 14.947 15.719 17.002 16.876 16.757 17.714 -999
-999 -999 -999 -999 -999 -999 -999 -999 -999 -999 -999 -999 -999 23.544 23.088 22.929 22.935 22.495 22.01 20.907 20.409 20.527 20.531 20.724 20.859 20.634 21.047 20.748 20.754 20.775 20.638 20.967 19.843 18.307 20.234 19.779 19.686 19.308 19.047 19.194 18.205 18.658 18.569 18.348 18.293 18.287 18.115 17.775 17.642 17.507 17.242 17.02 16.916 17.245 16.745 17.038 16.982 16.868 16.76 16.59 16.353 16.095 15.924 15.852 15.6 15.439 15.25 14.889 14.908 14.773 14.519 14.592 14.653 14.597 14.821 14.889 15.313 15.549 15.567 15.674 15.974 -999
-999 -999 -999 -999 -999 -999 -999 -999 -999 -999 -999 -999 -999 -999 22.82 22.737 22.709 22.434 22.034 21.864 21.301 20.976 20.734 20.61 20.927 20.923 20.994 20.847 20.876 20.934 20.858 20.429 20.074 20.495 18.705 19.801 19.702 19.269 17.65 18.702 18.987 18.792 18.578 18.565 18.523 18.448 18.71 18.269 17.84 17.565 17.319 17.11 16.551 16.859 16.743 17.05 17.04 17.004 16.768 16.517 16.368 16.206 16.024 15.803 15.807 15.783 15.488 15.12 14.927 14.696 14.566 14.535 14.724 14.62 14.487 14.264 14.792 15.033 15.128 15.121 15.433 -999
-999 -999 -999 -999 -999 -999 -999 -999 -999 -999 -999 -999 -999 -999 -999 22.557 22.487 22.453 22.184 22.006 21.802 21.508 21.305 21.121 20.93 20.858 20.944 20.728 20.698 20.874 20.739 20.571 20.143 19.676 18.199 18.386 17.78 19.074 19.58 19.188 18.95 18.904 18.692 18.488 18.569 18.414 18.547 18.167 17.783 17.682 17.37 17.073 16.45 15.792 15.881 16.5 16.503 16.941 16.632 16.461 16.398 16.338 16.191 15.964 15.763 15.72 15.549 15.195 14.969 14.685 14.502 14.485 15.053 14.69 14.471 14.395 14.34 14.832 14.984 15.35 16.472 16.955
-999 -999 -999 -999 -999 -999 -999 -999 -999 -999 -999 -999 -999 -999 -999 -999 -999 -999 22.254 22.1 21.928 21.875 21.706 21.525 21.147 20.936 20.947 20.828 20.594 20.528 20.525 20.416 20.337 19.867 19.802 19.981 19.535 19.437 19.36 19.243 19.019 18.846 18.765 18.71 18.756 18.403 18.282 17.92 17.548 17.519 17.384 17.139 16.982 17.15 16.807 16.5 15.848 15.761 16.507 16.47 16.358 16.601 16.609 16.212 14.258 14.533 15.532 15.574 15.153 14.892 14.533 14.562 14.514 14.877 14.476 14.499 14.516 14.504 15.133 17.571 18.107 18.557
-999 -999 -999 -999 -999 -999 -999 -999 -999 -999 -999 -999 -999 -999 -999 -999 -999 -999 -999 -999 21.937 21.837 21.618 21.316 21.23 21.083 21.064 20.973 20.803 20.563 20.626 20.564 20.407 20.058 19.836 19.699 19.596 19.456 19.345 19.284 19.135 19.023 18.893 18.968 18.537 18.385 18.23 17.989 17.621 17.669 17.713 17.191 16.687 17.234 16.768 16.582 16.664 16.517 16.649 16.247 16.139 14.6 15.859 14.558 15.943 15.856 14.445 15.56 15.283 15.083 15.063 14.872 14.834 14.84 14.59 14.411 14.491 14.519 14.961 16.34 18.411 18.703
-999 -999 -999 -999 -999 -999 -999 -999 -999 -999 -999 -999 -999 -999 -999 -999 -999 -999 -999 -999 -999 -999 -999 21.613 21.342 21.201 21.118 20.994 20.828 20.632 20.623 20.349 20.494 20.354 20.155 20.029 19.891 19.662 19.479 19.325 19.381 19.142 18.915 18.71 18.436 18.336 18.171 17.958 17.819 17.838 17.624 17.135 16.516 16.784 16.784 16.793 16.797 16.372 16.21 16.147 16.134 16.063 15.594 15.667 15.862 15.508 15.676 14.246 14.747 14.954 14.098 15.426 14.67 14.974 14.518 14.463 14.284 14.263 14.149 14.911 17.473 18.821
-999 -999 -999 -999 -999 -999 -999 -999 -999 -999 -999 -999 -999 -999 -999 -999 -999 -999 -999 -999 -999 -999 -999 -999 -999 21.358 21.251 21.042 20.884 20.799 20.942 20.669 20.938 20.716 20.482 20.269 20.05 19.832 19.727 19.543 19.779 19.131 18.784 18.715 18.577 18.369 18.194 17.959 17.925 17.993 17.602 17.153 16.547 16.613 16.834 16.964 16.964 16.311 16.036 15.961 16.017 15.909 15.784 15.596 15.572 15.473 15.408 15.236 15.025 14.668 14.737 14.862 14.862 13.633 15.07 14.535 14.329 14.29 14.34 13.85 16.131 17.919
-999 -999 -999 -999 -999 -999 -999 -999 -999 -999 -999 -999 -999 -999 -999 -999 -999 -999 -999 -999 -999 -999 -999 -999 -999 -999 -999 -999 20.992 20.842 20.752 20.384 20.647 20.922 20.687 20.526 20.171 19.922 19.744 19.939 19.661 19.43 18.98 18.812 18.576 18.518 18.343 17.88 17.815 17.804 17.639 17.745 16.997 16.862 16.973 16.988 16.841 16.399 15.865 15.915 16.046 15.916 15.665 15.616 15.417 15.485 15.434 15.238 15.105 14.973 14.832 14.876 14.816 14.68 14.536 13.466 14.535 14.364 14.231 14.256 14.612 17.396
-999 -999 -999 -999 -999 -999 -999 -999 -999 -999 -999 -999 -999 -999 -999 -999 -999 -999 -999 -999 -999 -999 -999 -999 -999 -999 -999 -999 -999 -999 -999 20.429 20.375 20.727 20.876 20.676 20.164 19.654 19.747 19.993 19.831 19.604 18.971 18.633 18.577 18.717 18.573 18.377 17.71 17.733 17.648 17.45 17.17 16.84 16.947 17.006 16.631 16.4 16.159 16.042 15.996 16.001 15.97 15.884 15.458 15.523 15.387 15.15 14.918 14.749 14.781 14.689 14.433 14.704 14.442 14.53 14.732 13.211 14.771 14.425 14.181 14.667
-999 -999 -999 -999 -999 -999 -999 -999 -999 -999 -999 -999 -999 -999 -999 -999 -999 -999 -999 -999 -999 -999 -999 -999 -999 -999 -999 -999 -999 -999 -999 -999 -999 -999 -999 -999 -999 -999 19.695 20.106 19.633 19.338 19.029 18.834 18.571 18.709 18.502 18.312 18.02 17.849 17.714 17.633 17.441 16.91 16.974 16.875 16.607 16.453 16.25 16.04 15.898 15.856 15.906 15.889 15.754 15.556 15.353 15.072 14.838 14.732 14.799 14.59 14.452 14.598 14.445 14.364 14.246 14.261 13.957 14.449 14.504 13.542
-999 -999 -999 -999 -999 -999 -999 -999 -999 -999 -999 -999 -999 -999 -999 -999 -999 -999 -999 -999 -999 -999 -999 -999 -999 -999 -999 -999 -999 -999 -999 -999 -999 -999 -999 -999 -999 -999 -999 -999 -999 -999 -999 -999 18.854 18.711 18.536 18.293 18.027 17.888 17.717 17.635 17.635 17.089 16.961 16.834 16.618 16.516 16.363 16.185 15.877 15.621 15.525 15.807 15.764 15.478 15.446 15.248 15.015 14.905 14.798 14.574 14.496 14.532 14.438 14.353 14.373 14.145 14.245 14.559 13.154 14.705
-999 -999 -999 -999 -999 -999 -999 -999 -999 -999 -999 -999 -999 -999 -999 -999 -999 -999 -999 -999 -999 -999 -999 -999 -999 -999 -999 -999 -999 -999 -999 -999 -999 -999 -999 -999 -999 -999 -999 -999 -999 -999 -999 -999 -999 -999 -999 18.286 18.108 17.824 17.617 17.49 17.351 16.833 17.008 17.01 16.658 16.332 16.587 16.389 16.148 15.994 15.718 15.747 15.577 15.569 15.771 15.737 15.657 15.275 15.083 14.59 14.521 14.53 14.435 14.344 14.252 13.964 13.838 13.656 13.932 12.875
-999 -999 -999 -999 -999 -999 -999 -999 -999 -999 -999 -999 -999 -999 -999 -999 -999 -999 -999 -999 -999 -999 -999 -999 -999 -999 -999 -999 -999 -999 -999 -999 -999 -999 -999 -999 -999 -999 -999 -999 -999 -999 -999 -999 -999 -999 -999 -999 -999 -999 -999 17.455 17.452 17.269 17.042 16.889 16.937 16.833 16.688 16.66 16.425 16.825 16.444 16.165 15.847 15.826 15.992 16.028 15.716 15.357 15.149 14.817 14.599 14.576 14.415 14.367 14.178 13.931 13.496 13.822 13.981 12.274
-999 -999 -999 -999 -999 -999 -999 -999 -999 -999 -999 -999 -999 -999 -999 -999 -999 -999 -999 -999 -999 -999 -999 -999 -999 -999 -999 -999 -999 -999 -999 -999 -999 -999 -999 -999 -999 -999 -999 -999 -999 -999 -999 -999 -999 -999 -999 -999 -999 -999 -999 -999 -999 -999 17.261 17.421 17.719 17.709 17.485 17.045 17.182 18.097 18.425 16.995 16.424 16.129 15.936 16.003 15.794 15.693 15.322 15.06 14.72 14.494 14.329 14.149 13.825 13.976 13.721 13.85 13.717 12.795
-999 -999 -999 -999 -999 -999 -999 -999 -999 -999 -999 -999 -999 -999 -999 -999 -999 -999 -999 -999 -999 -999 -999 -999 -999 -999 -999 -999 -999 -999 -999 -999 -999 -999 -999 -999 -999 -999 -999 -999 -999 -999 -999 -999 -999 -999 -999 -999 -999 -999 -999 -999 -999 -999 -999 -999 -999 18.7 18.774 18.719 18.978 18.54 18.614 18.597 17.682 16.728 15.839 16.061 16.226 15.607 15.253 14.981 14.433 14.333 14.216 14.031 13.755 13.984 13.501 13.647 13.579 13.855
-999 -999 -999 -999 -999 -999 -999 -999 -999 -999 -999 -999 -999 -999 -999 -999 -999 -999 -999 -999 -999 -999 -999 -999 -999 -999 -999 -999 -999 -999 -999 -999 -999 -999 -999 -999 -999 -999 -999 -999 -999 -999 -999 -999 -999 -999 -999 -999 -999 -999 -999 -999 -999 -999 -999 -999 -999 -999 -999 -999 18.643 18.512 17.738 18.041 17.745 17.268 15.81 15.686 16.19 15.41 15.145 14.933 14.501 14.421 14.222 13.969 13.832 13.98 13.506 13.568 13.549 13.476
-999 -999 -999 -999 -999 -999 -999 -999 -999 -999 -999 -999 -999 -999 -999 -999 -999 -999 -999 -999 -999 -999 -999 -999 -999 -999 -999 -999 -999 -999 -999 -999 -999 -999 -999 -999 -999 -999 -999 -999 -999 -999 -999 -999 -999 -999 -999 -999 -999 -999 -999 -999 -999 -999 -999 -999 -999 -999 -999 -999 -999 -999 16.824 17.064 16.475 15.922 15.858 15.668 15.357 15.197 15.071 15.014 14.773 14.627 14.26 13.874 13.636 13.615 13.673 13.623 13.486 13.417
-999 -999 -999 -999 -999 -999 -999 -999 -999 -999 -999 -999 -999 -999 -999 -999 -999 -999 -999 -999 -999 -999 -999 -999 -999 -999 -999 -999 -999 -999 -999 -999 -999 -999 -999 -999 -999 -999 -999 -999 -999 -999 -999 -999 -999 -999 -999 -999 -999 -999 -999 -999 -999 -999 -999 -999 -999 -999 -999 -999 -999 -999 -999 16.53 16.197 15.883 15.698 15.496 15.238 15.031 15.104 14.948 14.743 14.559 14.24 13.697 13.702 13.535 13.299 13.15 13.263 13.033
-999 -999 -999 -999 -999 -999 -999 -999 -999 -999 -999 -999 -999 -999 -999 -999 -999 -999 -999 -999 -999 -999 -999 -999 -999 -999 -999 -999 -999 -999 -999 -999 -999 -999 -999 -999 -999 -999 -999 -999 -999 -999 -999 -999 -999 -999 -999 -999 -999 -999 -999 -999 -999 -999 -999 -999 -999 -999 -999 -999 -999 -999 -999 16.764 16.331 16.045 15.766 15.921 16.281 16.176 15.73 14.967 14.78 14.441 14.145 13.664 13.764 13.522 13.2 13.007 12.959 12.87
-999 -999 -999 -999 -999 -999 -999 -999 -999 -999 -999 -999 -999 -999 -999 -999 -999 -999 -999 -999 -999 -999 -999 -999 -999 -999 -999 -999 -999 -999 -999 -999 -999 -999 -999 -999 -999 -999 -999 -999 -999 -999 -999 -999 -999 -999 -999 -999 -999 -999 -999 -999 -999 -999 -999 -999 -999 -999 -999 -999 -999 -999 -999 -999 17.454 17.357 17.568 17.9 18.423 18.162 16.693 15.407 14.467 14.339 14.151 13.979 14.024 13.58 13.17 12.974 12.665 12.858
