test/DeltaShell.Plugins.DelftModels.HydroModel.Tests/test-data/AcceptanceModels/SOBEK2/DarEsSalaam/InputData/FIXED/dtm_20x20_mask.asc
ncols         706
nrows         484
xllcorner     517529.35735385
yllcorner     9239758.1834015
cellsize      20
NODATA_value  -9999
[rows 170 to 203 of 484, columns 456 to 531 of 706]
24.509 24.161 23.748 23.624 23.808 23.98 24.158 24.269 24.452 24.827 24.927 23.877 18.577 13.863 12.719 16.833 20.693 21.908 22.062 21.711 21.759 20.466 13.606 11.447 10.674 9.856 8.284 7.69 7.742 7.924 10.105 11.206 10.917 10.386 10.59 10.244 10.378 11.754 10.926 10.643 10.797 10.787 10.687 10.486 10.505 10.537 10.604 10.53 10.667 10.628 11.593 11.368 10.677 10.146 9.914 9.795 9.61 9.386 9.391 9.644 9.667 9.575 9.925 7.325 7.069 7.911 9.015 9.304 9.349 9.296 9.101 8.897 8.783 9.123 10.077 12.397
24.732 24.52 24.167 24.039 24.155 24.273 24.281 24.59 24.67 24.795 24.665 22.701 17.971 13.978 12.054 12.042 20.264 21.004 21.177 20.827 19.666 15.048 12.862 10.821 7.699 8.083 9.095 10.048 9.7 9.256 7.882 7.501 7.548 8.133 9.006 9.198 8.952 9.453 9.598 10.693 10.856 10.703 10.647 10.419 10.569 10.695 10.397 10.444 10.385 10.228 10.738 10.784 10.24 10.079 10.105 9.907 9.689 9.433 9.434 9.492 9.154 8.731 6.584 7.261 8.858 8.928 9.055 9.278 9.228 9.092 8.965 8.845 9.282 12.497 14.105 16.509
24.738 24.701 24.63 24.616 24.702 24.75 24.719 24.753 24.659 24.7 24.731 22.171 17.61 14.058 11.496 11.075 17.693 20.133 20.411 18.83 13.342 11.671 7.751 8.602 10.916 11.851 11.686 11.506 10.86 10.74 10.696 10.885 10.475 8.944 9.545 7.567 7.08 7.408 8.518 9.678 9.978 10.441 10.261 10.355 10.268 10.167 10.083 9.865 9.853 9.556 10.422 10.304 10.295 9.996 10.171 9.92 9.835 9.408 9.223 7.916 7.13 6.601 8.367 8.749 9.406 9.099 9.063 9.371 9.171 9.012 8.92 9.05 12.739 18.637 19.979 20.325
25.142 25.09 25.141 25.218 25.286 25.483 25.275 24.915 24.58 24.728 24.609 23.063 16.506 12.01 10.696 10.175 13.424 13.919 13.758 12.685 9.163 8.004 11.052 12.059 12.093 11.75 11.873 11.873 11.623 11.562 11.416 11.507 11.312 11.175 11.119 10.897 10.814 9.851 8.457 7.635 7.016 7.124 7.926 8.073 7.941 7.57 7.053 6.925 6.98 7.071 7.163 7.09 6.889 7.659 8.093 8.205 8.319 8.147 7.256 6.624 6.72 8.651 9.358 9.643 9.651 9.336 9.354 9.144 9.106 9.053 8.938 9.422 14.142 19.389 20.518 20.766
25.594 25.414 25.512 25.653 25.638 25.548 25.188 25.029 24.861 24.902 23.692 22.838 13.329 10.944 9.852 12.971 13.022 12.884 13.404 9.254 7.99 12.269 12.226 12.127 12.052 11.892 11.817 11.75 11.597 11.496 11.303 11.14 11.116 11.082 11.03 10.891 10.826 10.849 10.775 10.138 9.668 9.425 9.768 9.211 9.294 9.429 10.149 10.305 10.2 10.123 10.142 9.848 9.24 8.96 8.086 7.622 7.261 8.018 9.116 9.727 9.78 9.593 9.767 9.669 9.603 8.658 9.213 9.138 9.135 9.42 9.52 9.862 12.759 18.535 20.829 21.097
25.623 25.659 25.313 25.644 25.666 25.595 25.29 25.088 25.314 23.115 19.406 15.859 11.525 10.641 9.933 13.077 12.95 13.72 10.393 7.735 12.487 12.292 12.141 12.074 11.995 11.915 11.911 11.834 11.744 11.424 11.267 11.127 11.051 11.059 11.027 10.912 10.819 10.762 10.805 10.73 10.608 10.555 10.595 10.468 10.228 10.379 10.282 10.276 10.302 10.367 10.239 10.123 10.047 9.995 10.2 10.039 9.921 9.857 9.832 9.894 9.704 9.611 9.594 9.61 9.469 8.922 9.188 9.286 9.666 10.995 11.172 10.716 12.339 15.782 19.915 21.236
25.768 25.828 25.782 25.68 25.742 25.715 25.362 24.924 24.426 23.551 17.669 12.892 11.308 10.507 12.034 13.159 13.316 8.374 8.178 12.502 12.457 12.206 12.088 12.028 11.954 11.894 11.761 11.774 11.537 11.446 11.239 11.106 11.233 11.207 11.161 10.951 10.883 10.829 10.728 10.641 10.692 10.708 10.366 10.497 10.599 10.385 10.334 10.301 10.355 10.437 10.255 10.232 10.107 10.014 10.014 9.914 9.929 9.878 9.839 9.706 9.547 9.532 9.411 9.337 9.298 8.807 9.321 9.367 13.639 15.617 14.331 14.06 15.076 16.673 20.808 21.464
25.606 25.788 25.606 25.713 25.621 25.629 25.398 23.91 21.22 18.945 13.369 11.386 11.096 10.793 12.442 7.764 8.185 9.149 12.557 12.449 12.313 12.223 12.16 12.044 11.896 11.771 11.611 11.47 11.372 11.415 11.315 11.236 11.262 11.177 11.048 10.904 10.856 10.654 10.731 10.481 10.115 10.101 10.159 10.33 10.495 10.356 10.302 10.255 10.189 10.144 10.197 10.084 10.04 9.952 9.853 9.811 9.819 9.746 9.663 9.647 9.589 9.461 9.308 9.306 9.365 9.358 9.733 12.902 17.428 19.146 19.364 20.048 20.801 21.03 21.667 21.877
23.894 24.627 25.22 25.12 25.179 25.027 24.756 22.672 18.505 15.608 13.279 12.555 12.913 10.542 8.184 9.179 10.994 12.549 12.605 12.561 12.378 12.203 12.088 11.997 11.791 11.64 11.61 11.405 11.452 11.472 11.455 11.24 11.15 11.132 10.94 10.814 10.874 10.55 10.409 10.357 10.175 10.367 10.379 10.179 10.354 10.271 10.27 10.137 10.113 10.12 10.089 10.043 9.954 9.897 9.875 9.735 9.732 9.642 9.594 9.63 9.547 9.457 9.46 9.465 9.473 9.717 10.558 15.158 20.599 21.913 22.579 22.443 22.63 22.255 22.5 22.546
19.628 21.521 22.582 22.483 21.589 22.233 23.344 20.134 16.116 14.499 13.049 11.871 10.995 8.061 10.608 13.336 12.896 12.66 12.595 12.487 12.257 12.079 12.009 11.919 11.83 11.678 11.717 11.484 11.504 11.304 11.167 11.183 11.143 11.128 10.948 10.952 10.743 10.511 10.592 10.584 10.503 10.369 10.354 10.439 10.395 10.468 10.326 10.225 10.248 10.136 10.032 9.947 9.841 9.81 9.778 9.725 9.741 9.733 9.753 9.591 9.632 9.458 9.657 9.402 9.531 9.842 14.138 19.133 21.395 22.336 22.61 22.911 23.006 22.912 22.954 22.819
16.153 16.418 17.16 16.653 16.745 17.572 19.139 18.031 14.633 13.877 12.915 11.867 9.634 8.94 13.59 13.234 12.917 12.626 12.423 12.31 12.183 12.046 11.963 11.872 11.792 11.814 11.587 11.544 11.344 11.283 11.156 11.035 10.887 10.894 10.824 10.744 10.609 10.788 10.736 10.673 10.583 10.391 10.381 10.436 10.369 10.412 10.308 10.288 10.225 10.106 9.969 9.881 9.808 9.769 9.748 9.761 9.708 9.517 9.593 9.717 9.67 9.417 9.709 9.672 9.481 11.289 16.984 21.433 22.518 23.154 23.471 23.444 23.453 23.255 23.312 23.51
15.127 14.945 15.021 14.959 15.179 15.3 15.5 14.625 13.708 13.389 12.346 12.02 9.09 12.504 13.394 13.175 12.91 12.639 12.524 12.405 12.145 12.037 11.942 11.832 11.853 11.784 11.657 11.537 11.524 11.467 11.57 11.916 11.396 11.245 10.921 10.823 10.832 10.818 10.834 10.717 10.716 10.477 10.304 10.393 10.441 10.351 10.441 10.329 10.262 10.228 10.009 9.935 9.913 9.85 9.792 9.753 9.825 9.81 9.679 9.734 9.39 9.732 9.915 9.941 9.783 11.469 16.897 21.439 23.297 23.644 23.695 23.624 23.682 23.776 23.667 23.659
14.999 14.357 14.315 14.29 14.087 14.158 14.283 13.731 13.492 12.829 12.305 12.493 8.813 13.193 13.37 13.174 12.875 12.625 12.521 12.446 12.302 12.096 12.011 11.928 11.867 11.834 11.691 11.594 11.624 11.838 11.364 11.13 11.022 11.849 10.991 10.819 10.771 10.81 10.812 10.659 10.456 10.569 10.594 10.614 10.415 10.384 10.364 10.446 10.233 10.105 10.227 10.087 10.006 10.029 10.025 10.162 10.038 10.305 10.298 9.841 9.641 9.756 9.891 10.143 9.93 9.659 14.589 20.051 22.716 23.713 23.77 23.78 23.958 23.866 23.83 23.787
14.475 14.259 14.153 13.94 13.892 14.015 13.912 13.598 13.164 12.536 12.331 10.123 8.347 13.432 13.356 13.113 12.89 12.634 12.593 12.44 12.228 12.183 12.144 12.09 11.973 11.888 11.77 11.644 11.614 11.565 11.262 11.244 11.218 11.395 11.005 10.962 11.089 10.872 10.723 10.765 10.804 10.686 10.621 10.495 10.451 10.354 10.414 10.355 10.255 10.346 10.33 10.144 10.081 10.277 9.995 10.326 10.651 10.926 10.681 10.13 9.724 9.764 9.786 9.547 9.813 9.71 10.592 15.697 21.068 23.259 23.713 23.821 23.913 23.863 23.744 23.694
14.135 14.221 14.044 13.864 13.485 13.514 13.523 13.038 12.48 12.939 9.454 8.382 9.832 13.193 13.387 13.103 12.905 12.803 12.555 12.361 12.211 12.17 12.144 12.111 12.048 11.968 11.813 11.682 11.593 11.524 11.349 11.28 11.453 11.181 11.003 11.065 11.246 10.994 10.877 10.827 10.735 10.746 10.676 10.534 10.455 10.413 10.423 10.336 10.227 10.235 10.305 10.394 10.346 10.418 10.338 10.854 12.747 12.941 11.724 10.762 10.066 9.916 9.852 9.934 9.714 9.68 9.647 10.387 17.129 21.227 22.94 23.605 23.825 23.704 23.51 23.145
10.141 10.364 11.052 11.653 12.316 11.815 11.652 10.883 9.021 8.366 10.021 13.415 13.448 13.509 13.266 13.038 12.838 12.598 12.518 12.403 12.297 12.219 12.207 12.177 12.142 12.006 11.829 11.745 11.597 11.476 11.52 11.597 11.296 11.195 11.217 11.208 11.217 11.055 10.934 10.837 10.775 10.762 10.705 10.62 10.542 10.436 10.476 10.474 10.548 10.357 10.27 10.4 10.532 10.334 10.407 10.966 14.604 16.239 16.132 11.106 10.299 10.099 10.342 11.647 13.156 10.515 9.78 9.522 11.444 14.62 18.652 20.635 21.907 21.879 20.977 20.802
11.159 9.812 9.31 9.071 8.86 8.824 8.771 9.569 12.992 13.686 13.667 13.636 13.581 13.314 13.283 13.059 12.772 12.645 12.531 12.467 12.378 12.297 12.217 12.24 12.147 11.997 11.856 11.674 11.562 11.561 11.64 11.448 11.63 11.42 11.265 11.232 11.107 10.954 10.905 10.852 10.865 10.916 10.828 10.714 10.665 10.568 10.481 10.459 10.421 10.425 10.533 10.629 10.237 10.293 10.355 12.266 18.55 18.814 16.867 11.977 10.482 10.315 10.827 12.516 17.551 17.957 13.167 10.218 9.744 9.93 11.975 14.024 15.207 15.585 15.151 15.817
13.823 13.597 13.874 13.404 13.75 13.578 13.703 11.591 13.689 13.63 13.554 13.446 13.504 13.31 13.229 13.037 12.92 12.717 12.654 12.592 12.585 12.477 12.371 12.279 12.118 11.784 11.769 11.652 11.645 11.723 11.725 11.702 11.409 11.23 11.333 11.219 11.019 10.804 10.891 10.906 10.935 10.915 10.845 10.797 10.75 10.675 10.706 10.45 10.575 10.473 10.504 10.367 10.448 10.671 10.824 12.822 19.058 19.903 17.557 12.603 11.206 10.34 10.65 12.533 18.173 20.683 19.4 14.983 11.461 9.834 10.196 10.586 11.787 12.108 13.321 16.504
13.927 13.816 13.677 13.788 13.89 13.828 13.737 13.216 13.659 13.48 13.448 13.283 13.165 13.19 13.107 12.878 12.67 12.617 12.808 12.665 12.629 12.491 12.337 12.335 11.688 11.773 11.728 11.788 11.558 11.653 11.626 11.522 11.443 11.472 11.312 11.157 10.941 10.86 10.925 10.957 10.928 10.883 10.788 10.794 10.791 10.63 10.684 10.598 10.633 10.684 10.347 10.365 10.564 10.519 11.015 12.603 17.973 19.989 18.658 15.095 11.637 10.651 10.53 11.523 14.258 19.56 21.619 20.001 15.306 10.7 9.935 10.347 11.711 13.226 17.586 20.889
13.921 13.906 13.908 13.855 13.847 13.764 13.671 13.48 13.508 13.528 13.368 13.372 13.339 13.278 13.226 12.862 12.707 12.658 12.673 12.703 12.546 12.522 12.26 12.176 11.832 11.897 11.961 12.023 11.932 11.789 11.707 11.659 11.546 11.368 11.293 11.075 10.871 10.994 11.058 11.033 10.997 10.929 10.867 10.841 10.867 10.845 10.796 10.673 10.866 10.718 10.469 10.527 10.688 10.752 11.149 12.939 17.228 19.81 19.743 17.858 14.075 12.052 10.356 11.596 12.75 16.852 21.65 22.15 19.364 13.528 10.475 10.379 11.582 14.715 19.46 22.898
14.024 13.969 13.909 13.791 13.928 13.66 13.566 13.503 13.381 13.524 13.476 13.446 13.37 13.309 13.21 12.907 13.001 12.78 12.732 12.462 12.243 12.484 12.496 12.259 12.47 12.429 12.478 12.043 11.79 11.83 11.795 11.702 11.631 11.457 11.186 10.975 11.169 11.327 11.145 11.092 11.049 11.016 10.934 10.874 10.898 10.969 10.701 11.211 11.106 10.72 10.508 10.769 10.75 10.945 12.892 14.529 18.456 20.767 20.633 19.381 17.05 13.404 10.975 11.499 14.158 19.116 22.159 22.442 22.177 17.313 11.555 10.518 13.773 16.154 20.922 23.385
14.077 14.016 13.89 13.783 13.744 13.682 13.531 13.58 13.166 13.539 13.47 13.408 13.403 13.308 13.056 13.56 12.913 12.689 12.685 12.551 12.841 12.569 12.567 12.522 12.352 12.293 11.936 12.047 11.991 11.923 11.913 11.854 11.605 11.365 11.292 11.222 11.251 11.325 11.125 11.129 11.064 11.142 11.122 11.138 11.178 10.955 12.091 12.484 11.454 11.055 10.908 11.014 10.845 13.235 17.847 19.039 20.759 21.885 21.27 19.903 17.536 13.606 10.806 11.843 14.139 19.288 22.381 22.814 22.826 20.687 14.42 12.373 17.598 22.069 23.011 23.809
14.107 14.169 13.891 13.891 13.768 13.686 13.672 13.738 13.678 13.638 13.527 13.432 13.427 13.242 13.352 13.387 13.341 13.235 13.012 12.527 12.658 12.582 12.461 12.307 12.324 12.151 12.264 12.239 12.34 11.843 11.642 11.709 11.517 11.421 11.237 11.369 11.422 11.288 11.245 11.214 11.105 11.193 11.127 11.177 10.783 11.741 14.112 15.79 12.268 11.482 11.99 11.918 12.257 14.753 19.048 21.805 22.628 22.392 21.696 20.678 17.053 12.996 11.907 12.274 13.486 16.646 22.221 22.952 23.115 22.183 17.403 15.259 19.074 23.405 23.933 24.158
14.168 14.162 14.129 13.851 13.871 13.806 13.773 13.784 13.686 13.213 13.559 13.468 13.684 13.821 14.827 15.761 15.273 13.279 13.508 13.05 13.284 12.577 12.499 12.28 12.314 12.181 12.223 12.201 12.154 11.957 11.736 11.789 11.568 11.443 11.314 11.383 11.447 11.259 11.262 11.399 11.22 11.235 11.265 10.771 11.648 12.264 15.218 17.397 13.865 12.178 12.488 13.287 14.604 15.714 19.39 22.219 22.596 22.39 21.64 19.738 14.433 12.261 12.812 13.579 14.172 16.034 21.668 23.153 23.694 23.322 20.754 19.198 22.974 23.945 24.275 24.533
14.254 14.163 14.285 13.881 14.045 13.86 13.909 13.835 13.816 13.702 13.639 14.269 14.924 14.701 14.541 14.549 13.805 13.522 13.417 13.351 13.15 12.552 12.413 12.295 12.662 13.635 12.235 12.138 12.107 11.939 11.821 11.733 11.609 11.553 11.524 11.545 11.446 11.7 11.398 11.408 11.276 11.514 11.166 11.207 11.393 12.554 15.792 18.734 15.423 13.73 13.175 14.164 16.301 18.948 21.603 22.575 22.721 22.561 21.438 17.983 12.943 13.069 15.002 17.616 16.138 16.537 22.16 23.251 23.687 24.184 23.477 23.524 24.364 24.357 24.421 -9999
14.441 14.318 14.312 14.109 14.112 13.918 13.945 13.881 13.699 14.788 13.994 13.942 15.6 15.517 14.412 13.834 13.479 13.324 13.164 12.912 12.804 12.519 12.369 12.55 13.344 13.597 13.066 12.115 12.15 11.945 11.858 11.714 11.74 11.82 11.738 11.68 11.814 11.649 11.584 11.363 11.571 11.323 11.561 11.376 12.159 13.133 17.888 20.778 17.863 15.782 14.174 15.136 18.445 21.054 22.405 22.788 22.835 22.767 21.772 17.145 13.089 13.545 16.222 20.734 21.654 21.145 23.282 23.499 23.749 24.258 24.412 24.474 24.713 24.584 -9999 -9999
14.527 14.516 14.346 14.28 14.251 14.022 14.927 14.985 14.872 14.755 14.631 13.763 15.056 15.217 14.657 13.76 12.988 12.845 12.727 12.832 12.656 12.618 12.492 13.062 13.758 13.784 13.689 12.079 12.055 11.937 11.809 11.864 11.811 11.866 11.769 11.722 11.61 11.719 11.655 11.748 11.47 12.182 11.939 12.082 13.359 14.159 18.641 22.136 20.953 17.792 15.225 16.949 20.057 22.018 22.659 23.074 23.054 23.012 21.632 17.244 13.059 13.964 16.637 21.545 22.508 22.94 23.364 23.553 23.915 24.335 24.604 24.745 24.746 -9999 -9999 -9999
14.558 14.457 14.408 14.374 14.377 14.49 14.881 14.935 14.848 14.75 14.67 13.57 14.299 15.42 14.562 13.464 13.054 12.942 12.909 12.839 12.722 12.7 13.357 13.55 13.819 13.681 13.484 12.413 12.169 12.058 11.975 11.939 11.93 11.907 11.839 11.78 11.753 11.852 11.927 11.483 12.457 13.859 15.125 15.118 15.485 18.191 22.108 22.533 20.701 17.995 17.148 18.751 21.836 22.538 23.495 23.541 23.244 23.103 20.904 16.772 13.424 14.452 17.559 22.229 23.481 23.539 23.668 24.037 24.272 24.465 24.528 -9999 -9999 -9999 -9999 -9999
14.778 14.677 14.686 14.597 14.216 14.798 14.86 14.936 14.875 14.824 14.794 13.761 13.627 14.616 14.398 13.439 13.207 13.04 12.936 12.827 12.851 12.934 14.135 13.703 13.605 13.831 13.496 13.741 12.201 12.186 12.138 12.07 12.058 12.046 11.976 11.891 11.85 11.958 12.046 12.317 12.663 14.152 19.297 22.031 22.017 23.169 23.324 22.229 20.723 19.652 19.748 20.146 22.553 22.76 23.335 23.474 23.223 23.003 20.796 17.351 14.903 14.579 18.698 22.432 23.793 23.791 23.935 24.213 24.359 24.347 -9999 -9999 -9999 -9999 -9999 -9999
14.675 14.845 14.827 15.337 14.463 14.639 14.818 14.91 14.889 14.871 14.846 14.534 13.435 14.45 15.008 13.617 13.13 13.073 12.992 12.857 12.894 14.006 13.595 14.022 13.275 13.408 13.263 13.424 12.707 12.31 12.165 12.12 12.163 12.379 12.139 12.006 11.869 12.061 11.828 12.421 12.804 13.477 19.712 23.319 23.495 23.7 23.4 22.551 22.438 22.241 21.959 22.666 23.306 23.284 23.422 23.44 23.147 23.089 21.615 18.66 16.033 16.603 19.613 22.454 23.473 23.804 23.987 24.208 24.287 -9999 -9999 -9999 -9999 -9999 -9999 -9999
14.878 15.552 15.314 14.889 14.492 14.354 14.692 14.856 14.916 14.928 14.905 14.811 13.571 14.075 15.157 13.652 13.147 13.059 13.035 13.018 14.157 13.827 13.814 13.797 13.334 13.275 13.26 13.59 12.835 12.535 12.183 12.25 12.467 12.392 12.402 12.138 12.114 12.175 12.126 12.362 13.007 13.665 19.657 23.737 24.065 24.005 23.713 23.275 23.246 23.188 23.072 23.395 23.591 23.553 23.61 23.569 23.463 23.48 22.523 19.475 16.181 17.343 20.935 22.976 23.59 23.832 24.011 -9999 -9999 -9999 -9999 -9999 -9999 -9999 -9999 -9999
15.547 15.268 15.114 14.83 14.491 14.327 14.674 14.851 14.942 14.967 14.919 14.831 13.825 13.896 14.355 13.838 13.377 13.168 13.274 14.157 13.904 13.934 13.82 13.585 13.829 13.272 13.743 12.735 12.707 12.64 12.399 12.328 12.37 12.258 12.302 12.233 12.219 12.192 12.297 12.473 13.495 14.435 20.286 23.741 24.294 24.244 24.108 23.87 23.772 23.9 23.955 23.971 23.933 23.908 23.856 23.752 23.773 23.812 22.871 20.457 16.387 19.36 21.527 23.134 23.466 23.907 -9999 -9999 -9999 -9999 -9999 -9999 -9999 -9999 -9999 -9999
15.203 15.173 15.162 15.05 14.664 14.073 14.654 14.875 15.015 15.066 15.035 14.927 14.479 13.749 14.22 13.918 13.504 13.387 13.798 14.041 13.758 13.872 13.781 13.597 13.911 13.823 13.3 12.816 12.803 12.886 12.453 12.356 12.397 12.292 12.356 12.293 12.291 12.121 12.771 13.954 15.175 16.464 23.593 24.498 24.467 24.493 24.397 24.219 24.127 24.141 24.188 24.207 24.213 24.045 23.968 23.861 23.74 23.379 22.985 21.549 17.114 20.583 22.197 23.19 -9999 -9999 -9999 -9999 -9999 -9999 -9999 -9999 -9999 -9999 -9999 -9999
15.334 15.311 15.252 15.138 14.766 14.258 14.731 15.043 15.1 15.163 15.221 15.242 15.012 13.38 14.166 13.908 13.567 13.821 14.077 14.025 14.123 13.767 13.746 13.309 14.074 13.422 13.187 12.957 12.784 12.706 12.535 12.847 12.476 12.566 12.468 12.44 12.393 12.391 13.609 17.75 20.672 23.376 24.225 24.558 24.6 -9999 -9999 24.459 24.64 24.354 24.347 24.299 24.38 24.146 24.06 23.924 23.786 23.78 23.061 21.921 17.972 21.601 -9999 -9999 -9999 -9999 -9999 -9999 -9999 -9999 -9999 -9999 -9999 -9999 -9999 -9999
