test/DeltaShell.Plugins.DelftModels.HydroModel.Tests/test-data/AcceptanceModels/SOBEK2/DarEsSalaam/InputData/FIXED/dtm_20x20_mask.asc
ncols         706
nrows         484
xllcorner     517529.35735385
yllcorner     9239758.1834015
cellsize      20
NODATA_value  -9999
[rows 340 to 373 of 484, columns 152 to 227 of 706]
-9999 -9999 -9999 -9999 -9999 -9999 -9999 -9999 -9999 -9999 -9999 -9999 -9999 -9999 -9999 -9999 -9999 -9999 -9999 -9999 -9999 -9999 -9999 -9999 -9999 -9999 -9999 -9999 -9999 -9999 -9999 -9999 -9999 -9999 -9999 -9999 -9999 -9999 -9999 -9999 -9999 -9999 -9999 -9999 -9999 -9999 -9999 -9999 -9999 -9999 -9999 -9999 43.807 44.153 47.016 47.532 46.209 48.445 50.04 48.341 45.71 42.866 41.631 44.535 48.53 49.211 45.276 43.239 42.422 41.159 40.155 39.536 39.437 39.082 39.084 38.776
-9999 -9999 -9999 -9999 -9999 -9999 -9999 55.378 54.09 50.936 51.472 55.181 59.314 61.885 62.723 62.807 62.707 62.466 62.514 62.46 62.421 62.134 61.811 61.203 60.596 60.282 -9999 -9999 -9999 -9999 -9999 -9999 -9999 -9999 -9999 -9999 -9999 -9999 -9999 -9999 -9999 -9999 -9999 -9999 -9999 -9999 -9999 -9999 -9999 -9999 -9999 44.711 45.261 46.816 50.783 50.791 49.322 50.436 51.048 49.818 48.985 47.026 41.625 42.508 46.152 44.849 41.965 40.704 40.447 40.011 39.788 39.525 39.414 39.276 39.064 38.66
-9999 -9999 -9999 -9999 58.368 56.926 55.036 53.901 53.09 50.581 50.937 53.678 57.319 61.278 62.682 62.909 62.609 62.54 62.521 62.511 62.342 61.886 61.415 60.701 59.946 59.492 58.963 58.484 58.03 57.641 56.475 55.049 -9999 -9999 -9999 -9999 -9999 -9999 -9999 -9999 -9999 -9999 -9999 -9999 -9999 -9999 -9999 -9999 -9999 49.62 48.356 46.186 46.929 50.461 52.311 51.541 51.202 51.643 51.289 50.747 50.443 49.049 43.339 41.263 42.562 41.481 40.263 40.213 40.113 39.835 39.609 39.523 39.337 39.175 39.009 38.87
-9999 -9999 -9999 -9999 57.61 57.191 54.711 52.739 51.055 50.139 50.394 52.574 56.644 60.317 62.321 62.707 62.809 62.639 62.505 62.167 62.262 61.68 61.134 60.367 59.797 58.967 58.073 57.448 56.629 56.298 55.641 54.758 54.5 54.058 54.07 54.657 54.932 54.799 54.153 53.025 52.282 52.887 52.874 51.937 51.203 51.894 51.927 51.504 51.861 51.829 50.062 47.374 47.438 51.142 51.816 51.853 51.835 51.57 51.352 50.516 50.431 49.471 43.695 40.79 40.782 40.39 40.126 40.046 39.834 39.555 39.429 39.371 39.248 39.17 39.061 38.932
-9999 -9999 -9999 -9999 56.969 57.543 55.907 54.041 51.963 50.013 49.851 51.73 55.808 59.285 62.008 62.658 62.681 62.595 62.349 62.155 61.974 61.489 60.908 60.525 59.733 58.891 57.997 56.762 55.838 55.244 55.025 54.42 53.936 53.555 53.769 54.519 54.833 54.745 54.468 53.979 53.832 53.736 53.758 53.556 53.463 53.14 52.775 52.468 52.66 52.357 52.25 49.496 49.064 51.531 51.623 51.772 51.604 50.873 50.236 49.377 49.192 48.041 44.087 40.825 40.469 40.429 40.227 39.956 39.693 39.252 39.16 39.393 39.513 39.218 39.134 38.92
-9999 -9999 -9999 49.01 54.002 57.602 56.22 54.503 52.375 49.649 49.201 50.634 54.166 58.316 61.551 62.474 62.532 62.437 62.256 62.084 61.813 61.343 60.714 60.405 59.707 59.023 58.22 57.018 55.88 54.791 54.367 54.067 53.772 53.338 53.124 53.937 54.697 54.591 54.386 54.445 54.443 54.367 54.579 54.343 54.218 53.69 53.473 53.148 52.696 52.544 52.508 52.143 51.475 52.047 52.174 51.827 51.323 49.554 47.912 47.122 46.29 45.012 42.126 40.66 40.404 40.234 39.972 39.91 39.712 39.522 39.71 39.446 39.686 39.605 39.371 38.986
-9999 -9999 -9999 48.508 51.225 54.949 55.53 53.734 52.13 48.818 49.217 50.822 53.597 57.964 60.726 62.294 62.486 62.359 62.145 61.963 61.767 61.369 60.72 60.361 59.748 59.119 58.313 57.17 55.973 54.967 54.192 53.957 53.617 53.296 52.147 53.413 54.37 54.516 54.654 54.411 54.733 54.656 54.709 54.667 54.714 54.336 54.302 53.384 52.966 52.655 52.494 52.417 52.285 52.403 52.315 51.059 48.636 46.96 45.622 45.109 45.266 44.673 41.878 40.475 39.831 38.37 39.595 39.693 38.889 38.618 39.616 39.621 39.739 39.358 39.243 38.835
-9999 -9999 -9999 48.33 48.502 49.829 51.864 52.121 50.593 48.52 49.262 50.912 53.593 57.17 60.522 61.778 62.252 62.193 62.055 61.85 61.658 61.374 60.819 60.346 59.745 59.083 58.252 57.051 55.609 54.808 54.55 53.964 53.446 53.083 52.306 52.558 53.432 53.433 53.555 53.927 54.428 54.485 54.674 54.572 54.779 54.561 54.682 53.297 52.972 52.928 52.661 52.724 52.474 52.058 51.109 48.511 45.738 43.54 43.342 42.979 44.565 45.594 41.367 40.13 37.803 39.505 36.461 35.758 35.449 35.523 35.065 38.377 39.585 39.211 38.735 38.244
-9999 -9999 48.235 48.151 47.961 47.979 48.319 49.848 48.753 48.447 48.702 50.513 54.041 57.408 60.643 61.632 62.133 62.14 61.972 61.895 61.709 61.334 60.92 60.358 59.75 58.999 57.991 56.89 55.673 54.784 54.582 53.986 53.319 52.909 52.299 51.49 51.821 51.883 51.858 52.399 52.89 53.194 53.709 54.201 54.068 53.958 53.919 52.582 52.124 51.833 51.479 51.529 51.162 49.898 48.071 45.075 43.119 42.263 41.785 41.496 41.59 41.278 39.743 39.877 40.049 37.058 36.282 35.754 35.475 35.491 35.232 35.014 39.045 38.484 38.112 37.441
-9999 -9999 48.166 48.075 47.713 47.567 47.798 47.649 48.1 48.069 48.362 50.201 53.804 57.095 60.375 61.332 61.896 61.955 61.87 61.752 61.599 61.398 60.882 60.394 59.706 59.053 57.876 56.878 55.865 55.181 54.76 54.228 53.68 53.055 52.271 51.413 50.583 49.891 49.653 50.153 51.05 51.33 51.868 52.599 52.498 52.016 52.361 50.635 49.002 49.109 48.76 48.602 47.824 46.092 44.672 43.586 42.732 41.611 41.472 41.077 40.524 40.33 39.929 38.054 36.872 36.539 36.014 35.466 35.491 35.756 35.47 35.178 38.489 37.862 37.656 35.639
-9999 -9999 48.242 48.047 47.721 47.489 47.462 47.044 47.5 47.587 47.909 50.012 51.457 55.601 58.967 60.669 61.826 61.861 61.733 61.5 61.459 61.324 60.872 60.451 59.741 58.786 57.778 56.87 56.102 55.418 55.015 54.546 54.345 53.563 52.808 52.036 51.304 50.86 50.084 48.55 47.955 48.286 48.9 49.495 49.241 49.376 49.355 48.258 47.264 47.209 47.111 46.294 45.195 43.953 43.103 42.44 42.349 41.322 41.128 40.873 40.563 40.322 39.68 37.501 36.707 36.273 35.802 35.532 37.329 37.112 36.293 35.04 35.815 35.489 34.978 34.863
-9999 -9999 44.606 44.731 44.793 44.751 47.166 46.961 47.228 47.22 47.639 49.09 50.911 53.338 55.777 58.833 60.778 61.596 61.662 61.684 61.6 61.33 60.764 60.152 59.328 58.522 57.589 56.816 56.139 55.439 55.104 54.762 54.575 54.094 53.538 52.938 52.326 52.163 51.65 49.873 49.162 49.587 50.091 48.875 48.606 48.457 47.979 47.986 48.268 48.395 48.596 48.089 47.624 46.61 44.743 42.783 41.508 41.215 41.01 40.796 40.429 40.051 37.915 37.345 36.291 36.384 36.233 36.711 36.999 36.93 36.58 36.034 34.618 34.569 34.612 34.634
-9999 49.159 46.101 43.818 43.878 43.922 43.668 43.788 45.361 47.022 47.138 47.336 49.689 51.164 52.176 55.206 57.642 59.455 58.385 59.077 60.324 61.112 60.584 59.707 58.817 58.129 57.342 56.752 56.137 55.601 55.203 54.832 54.634 54.364 54.012 53.695 52.951 52.239 51.412 50.376 51.546 52.465 52.154 51.635 51.129 50.655 49.984 49.936 50.816 50.933 50.643 47.747 45.984 45.301 42.706 41.521 41.268 41.206 40.847 40.317 39.475 38.248 38.039 36.634 36.034 36.452 37.064 38.479 37.859 36.923 36.554 36.653 35.813 34.037 34.242 34.516
-9999 51.009 48.98 47.761 47.282 47.416 46.085 43.679 43.184 46.921 46.876 46.636 47.587 49.444 50.672 52.267 53.801 54.159 52.788 50.947 56.566 59.622 60.017 59.243 58.258 57.507 56.983 56.522 56.073 55.582 55.16 54.888 54.76 54.448 54.118 53.696 53.161 52.624 51.905 52.512 52.826 53.098 53.041 52.89 52.432 52.193 51.736 51.901 52.391 50.991 43.096 37.437 37.44 37.452 37.192 37.148 39.255 40.536 40.652 39.671 38.848 37.278 36.778 36.229 36.285 36.385 39.027 40.425 39.784 38.928 38.417 38.435 38.962 39.484 37.598 37.172
-9999 52.447 50.533 48.285 47.794 47.412 47.102 44.287 43.411 46.624 46.633 46.686 46.505 46.882 48.301 49.907 50.759 50.385 48.119 48.669 51.305 55.658 58.949 58.386 57.529 56.64 56.529 56.26 55.915 55.459 55.103 54.936 54.717 54.497 54.344 54.074 53.769 53.66 53.769 53.614 53.542 53.515 53.322 53.483 53.056 52.793 52.802 52.783 45.527 37.333 37.606 37.667 37.438 37.216 37.019 37.207 37 36.766 36.899 37.723 37.926 36.579 36.394 36.434 36.537 36.654 40.171 40.643 40.326 40.008 39.634 39.817 39.614 39.394 39.22 39.234
-9999 53.493 51.8 48.738 48.102 47.737 47.514 47.044 43.2 43.077 45.271 46.42 46.311 46.496 46.323 47.508 48.297 48.173 46.981 46.698 47.888 51.772 55.622 56.832 56.707 56.3 56.193 56.011 55.761 55.432 55.249 55.038 54.826 54.561 54.226 54.193 54.155 54.407 54.183 53.839 53.594 53.428 53.367 53.481 53.191 53.1 53.133 40.774 37.347 37.662 37.774 37.58 37.338 37.386 37.352 37.068 37.041 36.813 36.654 36.543 36.431 36.402 36.304 36.255 36.495 36.787 40.026 40.374 40.072 40.19 39.939 39.854 39.713 39.654 39.341 39.261
55.408 54.471 53.016 50.522 49.732 48.433 47.784 47.062 46.759 43.045 43.281 43.396 46.09 46.396 45.224 46.362 46.814 46.954 46.186 45.997 46.845 47.76 51.715 54.171 56.33 56.328 56.196 55.828 55.574 55.233 55.327 55.154 54.948 54.718 54.447 54.421 54.227 54.596 54.244 54.022 53.746 53.338 53.327 53.075 52.42 51.844 42.108 37.385 37.537 37.739 37.768 37.463 37.437 37.444 37.432 37.073 37.277 37.292 37.07 36.876 37.046 36.876 36.505 36.205 36.328 39.525 40.145 40.5 40.165 40.31 40.079 39.951 39.856 39.672 39.534 39.42
57.161 55.328 53.787 51.981 50.332 49.049 48.036 47.256 46.881 46.548 42.513 42.857 43.553 46.314 46.076 45.641 45.71 45.799 45.693 45.616 45.806 47.104 48.803 54.828 56.489 56.344 56.057 55.504 55.35 55.273 55.363 55.239 55.087 54.886 54.8 54.742 54.625 54.372 54.141 53.863 53.591 53.075 50.233 46.472 44.175 41.304 37.879 37.471 37.941 38.002 38.055 37.919 37.896 37.846 37.836 37.774 37.732 37.783 37.705 37.727 37.609 37.171 36.35 36.432 39.437 40.181 40.357 40.281 40.114 40.324 40.134 39.992 39.821 39.662 39.631 39.504
59.546 57.841 55.427 54.122 52.331 50.055 48.321 47.513 47.131 46.707 43.284 42.541 42.983 46.057 45.576 45.618 45.71 45.656 45.509 45.283 45.497 46.536 49.406 55.516 56.03 56.012 55.817 55.375 55.335 55.484 55.349 55.283 55.214 54.927 54.698 54.683 54.643 54.472 53.882 53.732 53.406 51.122 43.765 41 40.606 38.324 37.817 38.175 38.429 38.683 38.744 38.715 38.817 38.704 37.365 38.018 38.134 38.225 38.053 37.826 37.644 37.271 36.212 39.476 40.236 40.261 40.264 40.439 40.557 40.258 40.117 39.936 39.776 39.519 39.773 39.549
60.346 59.542 56.724 55.821 53.935 52.584 52.419 50.667 50.773 48.386 43.249 42.689 45.489 45.644 45.075 45.456 45.621 45.756 45.431 45.22 44.964 46.224 49.536 54.747 55.684 55.752 55.686 55.606 55.586 55.609 55.496 55.538 55.095 54.773 54.483 54.55 54.727 54.153 53.227 52.733 53.471 48.451 41.579 40.521 39.031 37.884 37.988 39.58 39.648 39.756 39.665 39.521 39.338 38.893 38.232 37.684 37.62 37.829 37.632 37.743 37.921 37.178 36.855 39.829 40.484 40.517 40.322 40.109 40.675 40.444 39.792 39.642 39.639 39.569 39.865 39.769
60.981 60.016 57.375 55.677 53.99 55.341 56.017 56.12 56.014 49.778 43.256 42.284 45.404 45.317 43.895 45.602 45.538 45.472 45.417 45.041 44.817 47.228 50.955 55.52 55.631 55.616 55.587 55.626 55.641 55.6 55.595 55.325 54.896 54.608 54.33 54.524 54.524 54.161 52.828 51.299 52.024 47.866 41.506 40.16 37.992 37.932 40.587 40.633 40.337 40.442 40.3 40.182 40.239 39.954 39.557 39.488 37.703 37.295 37.29 37.361 37.38 37.096 39.779 40.421 40.614 40.695 40.386 39.821 40.393 40.212 39.345 39.61 39.689 39.479 39.519 39.518
61.125 60.116 57.912 57.07 57.935 58.613 59.22 58.113 56.416 49.999 45.821 41.927 42.741 45.255 44.35 45.3 45.289 45.283 45.172 44.882 44.818 46.889 51.925 55.484 55.556 55.486 55.515 55.37 55.444 55.435 55.357 55.168 54.836 54.075 53.585 53.896 53.942 53.72 51.627 49.674 48.076 48.117 41.044 38.436 38.023 39.912 42.725 42.43 41.485 40.787 40.353 40.253 41.033 41.235 41.152 40.933 39.959 37.624 37.604 37.6 37.591 39.316 40.502 40.772 40.923 40.79 40.629 39.417 40.308 39.956 39.666 39.764 39.836 39.843 39.447 39.511
60.944 60.503 59.884 59.869 59.946 59.575 58.879 58.123 57.097 52.549 47.845 43.592 41.773 41.869 43.242 44.747 45.128 45.232 45.039 44.826 44.788 46.995 52.793 55.663 55.596 55.579 55.565 55.125 55.278 55.282 55.3 54.987 53.78 51.921 51.552 51.443 52.761 53.396 49.336 46.558 45.419 45.723 40.436 38.146 39.107 42.385 42.49 42.57 42.141 41.956 41.526 41.288 41.802 41.905 41.846 41.646 41.183 40.878 40.682 40.249 40.365 40.302 40.799 41.146 41.586 41.003 40.742 40.25 40.278 40.217 40.014 39.938 39.882 39.73 39.29 39.262
60.716 60.576 60.118 59.821 59.353 58.292 55.831 53.793 53.453 54.611 50.97 46.209 42.16 41.783 41.447 41.522 44.638 45.159 44.981 44.803 44.4 45.855 51.129 55.268 54.71 55.147 55.654 55.602 55.632 55.311 55.217 54.822 54.435 51.686 49.473 49.957 52.004 51.359 43.07 42.491 42.451 43.249 38.36 38.277 41.699 41.275 41.63 42.401 42.296 42.238 41.955 41.811 41.881 41.904 41.639 41.516 41.673 41.894 41.368 41.277 41.285 41.074 40.697 41.175 41.448 40.872 40.542 40.215 40.479 40.256 40.003 39.829 39.783 39.447 39.473 39.476
60.44 59.476 58.615 58.9 56.606 53.248 50.013 47.704 47.074 48.466 49.166 46.862 44.291 45.353 44.943 41.545 41.255 44.787 44.841 44.854 44.505 44.747 48.189 52.933 52.992 55.628 55.82 55.821 55.634 55.478 55.15 54.629 53.403 51.408 48.019 48.909 49.367 43.858 41.801 42.064 41.507 39.97 38.443 38.511 40.622 40.847 41.879 42.451 42.286 42.262 42.192 42.077 41.956 41.892 41.614 41.676 41.816 41.758 41.532 41.238 41.263 41.216 40.455 41.206 41.083 40.715 40.515 40.31 40.144 40.256 39.899 39.857 39.697 39.309 39.366 39.554
60.237 58.592 56.338 54.679 52.088 48.26 47.043 46.697 46.288 46.13 46.186 46.034 45.645 45.522 45.31 44.944 41.618 41.701 44.733 44.742 44.564 44.027 44.256 43.864 47.52 52.672 54.923 55.681 54.699 53.919 53.927 54.247 52.841 49.13 46.533 46.311 43.965 42.004 42.756 42.67 40.686 38.717 38.497 42.096 41.446 40.776 41.894 42.713 42.645 42.639 42.621 42.247 42.071 41.774 41.664 41.639 41.699 41.712 41.636 41.474 41.452 40.278 41.173 41.285 40.847 40.805 40.721 40.523 40.531 40.075 39.835 39.755 39.781 39.542 39.535 39.377
55.866 56.601 54.521 51.943 48.602 47.216 46.897 46.435 46.116 46.101 46.053 45.902 45.696 45.447 45.648 45.345 45.031 41.256 42.646 43.786 43.615 43.26 41.315 41.054 40.955 41.79 49.34 51.166 51.16 49.601 50.637 51.422 50.393 47.757 45.146 44.691 42.956 42.23 42.084 38.916 38.552 38.679 38.834 41.544 41.408 41.163 42.718 42.861 42.599 42.475 42.356 42.088 42.121 41.953 41.853 41.663 41.828 41.814 41.786 41.717 41.274 40.515 41.174 41.654 41.327 40.822 40.751 40.387 40.234 39.735 39.229 39.582 39.548 39.118 39.489 39.525
50.826 53.577 53.176 48.825 47.465 46.962 46.792 46.49 46.302 46.146 46.023 45.933 45.663 45.534 45.508 45.474 45.333 43.307 40.928 41.518 41.773 41.641 41.242 40.785 40.513 40.34 40.11 40.328 42.034 47.356 46.232 46.657 45.635 44.157 43.363 43.38 42.44 41.165 38.726 38.752 38.826 38.81 39.426 41.845 41.993 42.223 42.877 42.9 42.691 42.47 42.285 42.265 42.312 42.21 42.05 41.952 41.92 41.917 41.807 41.582 41.468 41.182 42.013 42.526 42.47 40.929 40.708 40.659 40.272 39.848 39.488 39.69 39.585 39.535 39.635 39.672
48.304 50.143 48.971 47.449 47.119 46.852 46.628 46.445 46.319 46.272 44.723 43.82 41.215 40.833 45.545 45.664 42.943 42.734 42.793 40.741 40.896 40.799 40.619 40.475 40.26 40.113 39.994 39.708 39.844 42.668 43.913 43.443 42.862 42.095 41.932 41.387 38.963 38.765 38.936 39.046 39.01 38.658 43.061 42.718 42.962 43.28 43.124 42.885 42.759 42.475 42.441 42.417 42.268 42.474 42.253 42.18 42.118 42.254 41.944 41.828 41.165 41.357 43.278 43.852 43.889 42.785 41.438 40.412 40.163 39.91 39.539 39.73 39.66 39.684 39.282 39.851
46.971 46.792 46.821 47.107 47.168 46.83 46.635 46.379 46.411 42.385 41.705 41.158 40.965 40.907 40.875 45.559 41.934 43.099 42.677 42.05 40.778 40.633 40.277 40.191 40.334 41.423 41.203 40.854 39.966 39.734 39.681 42.068 41.372 40.61 40.034 38.951 39.012 39.084 39.129 39.104 39.095 38.938 43.627 43.277 43.275 43.414 43.476 42.98 42.8 42.648 42.714 42.477 42.479 42.227 42.223 42.314 42.273 42.205 42.014 41.846 41.234 42.387 44.566 44.858 45.124 44.863 43.323 41.382 40.232 39.967 39.722 39.681 39.522 39.236 39.471 41.67
47.067 47.199 47.035 47.132 47.331 46.928 46.695 46.375 45.796 42.273 41.654 40.981 41.378 41.497 41.033 40.831 41.195 41.592 41.656 40.683 40.488 40.504 43.998 44.405 44.289 42.042 41.545 41.095 40.395 39.849 39.684 39.669 39.364 39.355 39.305 39.197 39.323 39.365 39.092 39.188 39.335 39.902 43.554 43.466 43.619 43.713 43.47 43.135 42.918 42.778 42.669 42.667 42.27 42.363 42.279 42.467 42.245 42.091 41.954 41.722 41.657 44.024 45.529 45.618 45.873 45.872 44.218 42.391 40.215 39.91 39.658 39.452 39.293 39.179 39.443 44.706
47.439 47.347 47.391 47.369 47.209 46.865 46.472 46.276 42.836 42.217 41.666 41.218 43.021 41.935 41.455 41.075 40.962 40.924 40.734 40.602 40.837 44.879 44.914 44.831 44.863 44.4 44.238 41.436 40.797 40.478 40.18 39.798 39.613 39.465 39.573 39.487 39.515 39.424 39.211 39.394 39.765 43.57 43.399 43.162 43.182 43.414 43.209 43.034 42.893 42.772 42.608 42.348 42.313 42.432 42.403 42.21 42.05 41.995 41.854 41.496 42.735 46.225 46.609 46.502 46.564 46.607 45.847 43.481 40.528 39.805 39.619 39.281 39.263 39.35 41.531 47.296
47.719 47.49 47.407 47.292 47.016 46.694 46.435 46.187 43.353 42.198 41.63 41.52 44.42 43.942 43.228 42.194 41.228 41.053 40.913 40.906 45.085 45.195 45.123 45.108 44.881 44.525 44.358 44.388 42.072 40.637 40.362 40.158 39.765 39.655 39.661 39.615 39.577 39.58 39.429 40.795 43.453 43.382 43.273 43.175 43.084 42.784 42.871 42.868 42.79 42.731 42.69 42.48 42.478 42.506 42.309 42.091 41.837 41.881 41.723 41.693 44.579 46.833 47.215 47.216 47.256 47.188 46.774 43.855 41.16 39.946 39.831 39.385 39.814 42.677 45.71 48.983
47.291 47.236 47.231 47.019 46.812 46.552 46.413 46.203 43.398 42.244 41.588 42.256 44.268 44.24 43.686 42.882 42.349 41.636 42.554 45.059 45.419 45.403 45.307 45.2 44.872 44.543 44.369 44.351 44.334 44.312 44.162 44.03 41.04 39.976 39.733 39.7 39.991 42.618 43.504 43.272 43.038 43.273 43.16 43.073 42.946 42.739 42.75 42.695 42.694 42.719 42.579 42.663 42.582 42.338 42.145 41.933 41.757 41.754 41.604 42.091 45.345 47.3 47.95 47.883 47.858 47.675 47.28 45.69 42.267 41.039 40.384 41.124 45.351 47.742 49.226 49.779
