test/DeltaShell.Plugins.DelftModels.HydroModel.Tests/test-data/AcceptanceModels/SOBEK2/DarEsSalaam/InputData/FIXED/dtm_20x20_mask.asc
ncols         706
nrows         484
xllcorner     517529.35735385
yllcorner     9239758.1834015
cellsize      20
NODATA_value  -9999
[rows 442 to 475 of 484, columns 0 to 75 of 706]
-9999 -9999 -9999 -9999 -9999 -9999 -9999 -9999 -9999 -9999 76.342 75.372 75.04 74.667 74.453 73.346 72.44 70.617 71.276 73.154 74.398 74.498 73.488 73.754 74.857 74.425 74.3 75.994 76.653 76.684 76.635 76.535 76.343 76.131 75.505 75.09 74.219 73.357 72.255 72.295 71.836 71.464 71.93 71.786 71.317 70.812 66.992 61.146 59.685 58.697 58.126 57.886 57.578 57.349 57.19 56.67 56.624 56.505 56.667 59.756 59.804 56.651 56.111 55.534 53.406 52.702 53.342 55.877 55.911 55.959 55.963 55.984 56.015 56.015 56.064 56.095
-9999 -9999 -9999 -9999 -9999 -9999 -9999 -9999 -9999 74.965 74.873 73.924 73.436 73.658 73.018 71.996 71.586 69.347 69.601 72.074 73.223 71.203 68.689 69.844 71.535 70.365 70.454 73.192 74.679 75.506 75.313 75.314 74.972 75.02 74.685 74.002 72.553 71.197 71.555 71.439 71.009 70.921 71.015 70.748 70.142 69.591 63.473 59.907 59.201 58.419 57.866 57.72 57.547 57.687 57.239 57.03 56.264 53.679 53.349 53.841 53.65 53.29 53.105 53.107 52.927 55.742 56.077 56.168 56.292 56.251 56.207 56.187 56.222 56.146 56.221 56.361
-9999 -9999 -9999 -9999 -9999 -9999 -9999 -9999 73.522 73.717 73.584 73.033 72.3 71.99 71.506 70.289 69.333 67.707 67.165 69.485 71.502 68.294 64.814 65.038 65.423 65.506 66.956 68.989 71.531 73.691 73.394 73.128 73.001 73.067 72.954 71.667 69.002 67.066 67.421 69.863 70.423 69.794 69.73 68.659 68.374 67.136 60.517 58.97 58.593 58.198 57.839 57.572 57.554 57.479 56.946 55.274 53.738 53.669 53.524 53.733 53.83 54.092 55.163 55.868 56.332 56.431 56.365 56.397 56.538 56.443 56.379 56.3 56.494 56.391 56.416 56.717
-9999 -9999 -9999 -9999 -9999 -9999 -9999 72.22 72.636 72.693 72.541 72.227 72.1 71.292 69.094 67.978 67.176 66.221 65.474 65.389 67.468 64.422 63.566 63.139 62.772 62.659 62.64 63.149 66.88 70.624 71.056 71.011 70.942 70.892 71.188 67.392 63.888 62.494 63.083 65.945 67.54 66.569 67.431 66.792 64.486 64.004 59.094 58.461 58.282 58.046 57.81 57.599 57.467 56.963 55.419 53.762 53.764 56.664 56.398 56.485 56.327 56.078 56.135 56.587 56.589 56.707 56.622 56.63 56.618 56.654 56.793 56.814 56.689 56.359 56.489 57.01
-9999 -9999 -9999 -9999 -9999 -9999 -9999 71.292 71.128 71.252 71.498 71.399 71.476 69.744 67.551 66.83 65.997 65.718 66.834 65.268 64.483 64.852 67.414 64.873 63.966 63.985 63.777 61.965 62.499 66.864 70.414 70.525 69.905 69.547 67.389 62.754 60.928 60.641 60.504 61.342 63.244 62.56 61.808 60.625 59.543 58.765 58.357 58.164 58.169 57.841 57.706 57.199 56.561 54.345 53.848 55.236 56.794 56.612 56.57 56.647 56.236 56.368 56.694 56.734 56.79 56.817 56.834 56.824 56.871 56.867 56.845 56.879 56.858 56.569 56.931 57.625
-9999 -9999 -9999 -9999 -9999 -9999 71.251 70.728 70.049 69.808 69.464 70.337 68.679 67.362 68.732 69.238 68.527 68.506 68.785 68.164 66.202 68.656 69.394 67.097 67.823 68.434 68.915 65.14 60.995 65.283 69.714 69.615 64.209 61.639 63.457 61.447 60.505 59.722 59.388 59.248 59.653 60.08 59.352 58.218 57.763 57.465 57.888 57.617 57.553 56.639 55.242 54.23 54.43 54.486 54.835 57.314 57.105 57.684 57.193 56.515 56.663 56.53 56.806 56.895 56.902 56.926 56.989 57.023 57.02 56.966 56.867 56.62 56.483 56.637 57.553 61.91
-9999 -9999 -9999 -9999 -9999 72.503 71.001 70.776 71.133 69.301 69.059 69.624 68.033 69.035 70.254 70.479 70.14 70.415 70.455 69.034 69.42 70.813 70.127 69.899 70.416 70.003 69.171 64.992 60.703 64.554 68.359 63.618 60.94 60.708 61.717 60.502 59.879 59.55 59.421 59.376 59.26 58.806 58.556 57.808 58.792 58.531 57.416 54.879 54.629 54.726 54.506 54.455 54.016 55.573 57.468 57.403 57.232 57.262 56.9 56.783 56.877 56.946 56.983 57.08 57.137 57.156 57.173 57.189 57.207 57.17 56.985 56.81 56.5 57.601 60.373 62.829
-9999 -9999 -9999 -9999 73.211 72.659 71.578 70.746 70.263 69.99 69.958 69.833 69.059 70.014 70.615 71.347 71.527 71.4 71.426 71.628 71.931 71.775 71.521 71.141 70.547 69.448 67.01 61.852 60.202 61.86 63.02 60.662 60.225 59.866 62.043 60.292 59.8 59.822 59.742 59.732 59.183 59.055 58.992 58.984 58.781 58.155 53.67 54.408 54.28 54.359 55.141 55.64 56.247 57.583 57.488 57.412 57.323 57.267 57.118 57.143 57.225 57.227 57.176 57.295 57.396 57.346 57.291 57.235 57.42 57.594 57.267 57.088 57.127 58.756 60.591 62.342
-9999 -9999 -9999 73.204 72.936 72.492 71.864 71.463 71.273 70.943 70.635 71.489 70.774 70.883 70.826 71.457 71.525 71.042 70.828 71.453 71.803 71.74 71.694 71.064 70.172 67.621 63.298 60.699 60.02 59.202 59.476 56.497 56.242 57.023 61.054 59.824 59.696 59.493 59.206 59.44 59.408 59.438 59.107 58.85 58.043 56.551 54.538 54.72 55.569 55.688 55.645 57.733 57.814 57.746 57.56 57.426 57.405 57.384 57.387 57.481 57.415 57.442 57.51 57.442 57.416 57.808 57.299 57.545 57.432 57.423 57.29 57.205 57.429 58.906 60.6 61.759
-9999 -9999 -9999 73.049 72.827 72.592 72.199 71.74 71.851 71.877 71.712 71.877 71.405 71.014 70.335 70.286 69.632 69.186 69.056 69.833 70.193 70.411 70.647 70.447 68.886 65.434 61.098 60.598 59.839 58.975 56.517 56.124 56.036 55.623 59.027 59.531 59.668 59.748 59.568 59.55 59.355 59.256 58.897 58.7 58.458 54.751 54.788 55.131 57.467 57.575 58.089 57.967 57.896 57.852 57.607 57.518 57.442 57.554 57.589 57.696 57.573 57.532 57.589 57.419 58.278 59.291 58.532 57.66 57.678 57.471 57.317 57.318 57.814 58.671 60.153 62.588
-9999 -9999 -9999 72.953 72.778 72.756 72.673 72.553 72.59 72.395 72.181 71.723 70.703 69.872 69.223 68.026 67.549 66.823 66.564 67.655 67.945 68.65 69.17 68.658 66.643 62.109 60.4 60.379 59.647 56.873 56.64 59.011 59.102 56.93 55.512 55.504 55.604 58.781 59.103 58.407 59.292 59.399 58.807 57.959 57.67 54.553 55.046 57.841 57.588 57.805 58.127 58.048 57.974 57.866 57.701 57.652 57.591 57.641 57.858 57.819 57.682 57.45 57.214 58.355 59.731 60.594 59.374 58.384 57.782 57.773 57.917 57.821 58.082 58.758 60.222 63.353
-9999 -9999 -9999 72.672 72.715 72.901 72.928 72.826 72.595 72.41 71.832 70.44 69.094 67.938 66.396 65.538 64.884 64.644 65.034 65.062 64.959 66.267 67.269 67.149 64.255 61.634 60.534 60.218 58.915 56.401 56.882 59.706 60.024 59.765 59.089 58.538 55.673 55.734 57.716 58.196 58.004 59.116 58.664 57.994 57.77 54.731 55.545 58.263 57.988 58.112 58.189 58.223 58.1 58.023 57.83 57.727 57.642 57.731 57.519 57.848 57.75 57.413 57.691 59.935 62.035 61.025 60.506 59.759 59.811 59.206 58.905 58.679 58.345 59.038 60.627 64.673
-9999 -9999 72.136 72.068 72.542 72.973 73.234 72.796 72.429 72.289 71.251 69.753 67.769 65.897 65.056 62.581 60.847 61.348 57.838 57.447 57.49 61.751 63.686 65.899 64.085 61.158 60.443 59.654 57.382 56.825 58.39 60.199 60.14 59.898 59.404 58.904 57.295 55.726 55.791 59.03 57.934 57.431 57.22 57.841 56.292 54.723 58.393 58.474 58.23 58.396 58.541 58.324 58.188 58.173 57.959 57.728 57.624 57.634 57.82 57.902 57.937 58.033 58.281 58.991 61.146 61.252 61.221 62.003 62.244 62.88 62.567 60.234 59.151 59.431 61.182 64.531
-9999 -9999 70.042 70.963 71.712 72.856 73.227 72.762 72.179 71.22 69.823 68.404 66.749 64.302 62.878 60.81 59.473 58.773 57.638 58.671 57.764 57.463 61.054 64.554 62.763 60.658 59.925 59.315 57.257 56.719 60.234 60.239 60.194 59.937 59.514 58.965 56.551 55.584 55.691 57.757 59.064 59.119 58.022 56.327 55.036 55.453 58.61 58.543 58.521 58.583 58.607 58.368 58.376 58.31 58.132 57.848 57.29 57.772 57.952 58.012 58.143 58.236 58.653 59.513 60.884 62.009 62.773 64.175 65.647 66 65.732 62.462 61.15 61.207 62.951 64.428
-9999 -9999 69.138 68.763 70.573 72.188 71.92 71.722 71.806 70.275 67.95 65.746 64.351 63.086 61.925 60.106 59.464 58.499 57.785 59.989 60.484 59.702 57.384 60.572 60.573 60.081 59.514 58.006 57.223 57.017 60.227 60.245 60.171 59.867 59.42 58.932 58.332 55.516 55.533 55.653 57.818 57.278 56.723 56.103 54.989 57.153 58.674 58.757 58.669 58.525 58.528 58.604 58.331 58.486 58.305 58.029 57.742 58.046 58.115 58.225 58.467 58.789 60.004 61.34 61.951 62.869 64.337 65.791 66.694 66.778 66.64 64.587 63.382 63.877 65.504 66.507
-9999 -9999 69.125 66.899 67.978 69.868 70.083 69.961 69.253 67.398 64.591 63.533 62.513 61.901 61.129 60.215 59.516 58.651 57.941 60.201 60.907 60.647 59.33 57.256 58.379 58.547 59.069 59.444 57.469 56.891 60.29 60.315 60.082 59.841 59.557 58.966 58.478 55.849 55.746 55.576 55.819 56.355 56.077 55.267 55.035 58.153 58.755 58.707 58.649 58.422 58.3 58.08 57.994 58.431 58.509 58.34 58.04 58.098 58.179 58.369 58.688 59.483 60.882 62.593 63.56 64.329 65.988 66.883 67.028 66.58 66.76 66.416 65.948 66.019 66.786 67.241
-9999 -9999 65.74 65.12 65.626 66.27 67.127 66.556 65.531 64.32 62.791 61.99 61.516 61.305 61.045 60.463 59.804 59.197 57.988 60.437 60.631 60.882 60.536 59.06 57.168 57.177 58.848 59.112 57.274 56.924 60.314 60.161 59.926 59.841 59.425 58.888 58.362 58.419 56.552 55.735 55.132 55.435 55.205 55.27 57.984 58.621 58.895 58.418 58.219 58.234 58.147 57.929 57.847 57.794 57.681 58.206 58.275 58.229 58.384 58.704 60.779 61.11 62.196 63.905 65.137 66.174 66.937 67 67.13 66.809 67.084 67.555 67.313 67.185 67.017 67.072
-9999 -9999 63.87 63.842 63.754 64.297 64.217 63.944 63.193 62.642 62.353 61.64 61.11 61.462 61.205 60.677 60.239 58.693 57.941 60.984 60.411 61.153 60.859 60.47 60.077 58.363 57.475 56.894 56.895 58.104 60.166 59.964 59.756 59.541 59.143 58.624 58.057 58.204 58.657 58.666 58.334 58.349 58.483 58.76 58.823 60.289 61.072 60.212 58.971 58.484 58.191 57.849 57.752 57.687 57.722 57.558 59.039 59.061 58.935 61.022 62.552 62.336 63.346 64.981 66.352 66.862 67.144 67.419 67.448 67.628 67.472 67.334 67.312 67.161 67.072 -9999
-9999 63.354 63.001 63.143 63.033 63.116 63.032 62.915 62.676 62.38 62.053 61.682 61.522 61.621 61.428 60.87 59.188 57.891 60.975 60.979 60.46 61.126 61.099 60.831 60.668 60.479 60.509 60.448 60.398 60.191 60.131 59.912 59.498 59.098 58.678 58.846 59.193 59.076 59.14 59.089 59.274 58.622 58.989 59.097 60.417 62.561 63.76 64.071 63.568 61.212 58.689 57.711 57.654 57.614 57.577 58.1 60.005 60.547 61.943 63.639 63.395 63.189 64.379 66.523 67.21 67.332 67.621 67.521 67.388 67.298 67.35 67.641 67.538 -9999 -9999 -9999
-9999 63.621 63.215 62.81 62.739 62.672 62.469 62.328 62.27 62.155 61.847 61.718 61.973 60.772 58.753 58.058 58.699 60.869 61.292 60.987 60.695 61.138 61.149 60.93 60.775 60.689 60.633 60.492 60.406 60.362 60.1 59.849 59.446 59.324 59.478 59.48 59.335 59.435 59.226 59.446 59.844 58.883 59.309 61.296 63.058 65.445 66.28 66.847 67.033 65.591 60.93 59.145 58.989 59.034 59.746 61.014 62.452 63.048 64.825 64.93 63.863 64.058 65.722 67.256 67.416 67.412 68.214 67.997 67.749 67.605 67.713 67.75 -9999 -9999 -9999 -9999
-9999 63.766 63.518 62.838 62.506 62.621 62.558 62.635 62.221 61.981 61.722 61.771 62.011 58.85 60.248 61.061 60.908 61.188 61.28 61.292 61.397 61.265 61.112 60.943 60.807 60.672 60.599 60.573 60.565 60.374 59.94 59.621 59.438 59.673 59.697 59.545 59.623 59.47 59.284 60.369 61.532 62.938 63.098 63.78 64.136 66.556 67.907 68.416 68.288 67.985 67.801 67.614 67.11 66.578 66.596 66.591 64.575 64.676 66.203 65.868 64.092 64.537 65.548 67.054 67.686 68.007 68.291 68.263 68.041 67.921 -9999 -9999 -9999 -9999 -9999 -9999
-9999 63.615 63.304 62.987 62.656 62.451 62.483 62.167 61.887 61.765 61.354 61.076 59.494 61.774 61.608 61.32 61.192 61.239 61.194 61.378 61.336 61.162 61.023 60.908 60.702 60.577 60.497 60.332 60.18 60.119 59.93 59.729 59.699 59.831 59.776 59.762 59.742 59.537 59.4 61.08 63.065 64.944 65.939 65.616 65.418 66.574 67.962 69.341 69.125 68.786 68.747 68.701 68.43 68.221 68.104 67.529 65.803 65.863 66.947 65.128 65.045 65.601 66.502 67.452 67.984 68.253 68.516 68.323 -9999 -9999 -9999 -9999 -9999 -9999 -9999 -9999
-9999 63.486 63.282 62.915 62.414 62.521 62.173 61.792 61.486 61.28 61.189 60.299 61.378 61.751 61.4 61.388 61.421 61.471 61.411 61.315 61.318 61.143 60.986 60.798 60.627 60.551 60.438 60.375 60.188 60.106 59.989 59.831 59.991 59.989 59.859 59.798 59.62 59.638 59.704 61.125 63.642 65.977 67.258 67.723 67.713 69.131 69.283 70.097 69.814 69.513 69.377 69.278 69.26 69.106 69.158 68.43 66.963 67.566 67.363 67.026 66.741 66.708 67.354 68.006 68.337 68.245 -9999 -9999 -9999 -9999 -9999 -9999 -9999 -9999 -9999 -9999
-9999 63.608 63.349 62.699 61.571 61.694 61.567 61.209 60.785 61.209 60.807 59.438 62.063 61.968 61.81 61.718 61.728 61.615 61.578 61.562 61.434 61.146 60.935 60.793 60.636 60.505 60.47 60.43 60.204 60.144 60.098 60.103 60.186 60.121 59.998 59.95 59.882 59.815 60.48 61.597 64.364 67.355 68.749 69.363 69.685 69.837 70.133 70.568 70.285 70.078 69.99 70.092 70.033 69.831 69.692 69.417 68.724 68.797 68.58 68.206 67.998 67.969 68.343 -9999 -9999 -9999 -9999 -9999 -9999 -9999 -9999 -9999 -9999 -9999 -9999 -9999
-9999 63.646 63.166 62.345 61.78 62.211 62.311 61.206 61.325 59.571 59.437 61.942 62.291 62.202 61.896 61.808 61.844 61.674 61.646 61.397 61.211 61.093 60.947 60.831 60.694 60.559 60.434 60.373 60.481 60.019 60.226 60.376 60.252 60.116 60.065 60.04 60.009 59.923 60.671 63.366 66.457 69.015 69.998 70.528 70.615 70.795 70.68 70.948 70.981 71.052 70.87 70.892 70.788 70.579 69.69 69.686 69.778 69.696 69.31 69.193 69.045 -9999 -9999 -9999 -9999 -9999 -9999 -9999 -9999 -9999 -9999 -9999 -9999 -9999 -9999 -9999
-9999 63.196 62.697 62.096 61.935 62.659 62.325 61.341 61.66 61.597 60.495 62.233 62.288 62.185 62.016 61.817 61.812 61.54 61.559 61.43 61.172 61.083 60.967 60.827 60.585 60.547 60.406 60.232 60.416 60.593 60.753 60.753 60.6 60.33 60.185 60.153 60.471 60.965 62.02 65.022 68.469 70.218 71.071 71.31 71.539 71.813 71.981 72.265 72.376 72.44 72.569 72.345 71.842 71.335 71.426 71.091 71.258 71.461 70.876 -9999 -9999 -9999 -9999 -9999 -9999 -9999 -9999 -9999 -9999 -9999 -9999 -9999 -9999 -9999 -9999 -9999
-9999 62.789 62.414 61.757 62.625 62.868 61.616 61.795 61.961 61.805 61.122 61.913 62.243 62.192 62.076 61.886 61.72 61.632 61.656 61.368 61.187 61.106 61.001 60.882 60.682 60.58 60.692 61.106 61.482 61.567 61.632 61.72 61.537 61.091 61.02 61.032 61.34 62.262 63.837 67.172 70.109 71.432 72.489 72.711 73.131 73.653 74.02 74.386 74.559 74.751 74.922 74.779 74.507 74.163 73.907 73.627 -9999 -9999 -9999 -9999 -9999 -9999 -9999 -9999 -9999 -9999 -9999 -9999 -9999 -9999 -9999 -9999 -9999 -9999 -9999 -9999
-9999 61.961 62.232 62.511 62.631 61.871 61.89 62.113 62.135 61.915 61.35 62.112 62.252 62.207 62.094 61.874 61.635 61.723 61.604 61.463 61.06 61.08 61 60.878 60.855 60.863 61.701 63.13 64.005 64.257 63.716 63.218 62.86 62.433 63.003 63.24 64.098 65.209 67.265 70.178 71.935 73.274 74.395 75.042 75.62 76.826 77.448 77.39 77.294 77.185 77.101 76.976 76.781 76.622 -9999 -9999 -9999 -9999 -9999 -9999 -9999 -9999 -9999 -9999 -9999 -9999 -9999 -9999 -9999 -9999 -9999 -9999 -9999 -9999 -9999 -9999
-9999 62.834 62.726 62.628 62.251 62.014 62.299 62.105 60.627 60.706 61.509 62.351 62.171 62.166 62.122 61.897 61.684 61.724 61.337 61.351 61.153 61.081 61.002 60.88 60.91 61.236 64.724 67.989 69.194 69.299 68.878 67.449 66.873 66.52 66.868 67.931 69.361 70.253 71.713 72.887 74.687 75.768 77.925 78.476 79.038 80.386 82.832 81.524 81.152 80.882 80.667 80.382 -9999 -9999 -9999 -9999 -9999 -9999 -9999 -9999 -9999 -9999 -9999 -9999 -9999 -9999 -9999 -9999 -9999 -9999 -9999 -9999 -9999 -9999 -9999 -9999
-9999 62.877 62.679 62.638 61.967 62.586 62.481 61.312 62.32 62.456 62.679 62.357 62.355 62.256 62.3 62.042 61.826 61.644 61.625 61.48 61.244 61.139 61.111 61.136 61.211 62.001 63.931 70.269 71.574 71.761 71.591 71.398 71.046 70.905 70.65 71.697 73.241 73.908 74.949 76.115 78.346 79.062 80.441 81.83 82.411 85.22 88.762 80.767 80.475 80.397 -9999 -9999 -9999 -9999 -9999 -9999 -9999 -9999 -9999 -9999 -9999 -9999 -9999 -9999 -9999 -9999 -9999 -9999 -9999 -9999 -9999 -9999 -9999 -9999 -9999 -9999
-9999 62.809 62.423 62.425 62.602 62.749 61.304 62.281 62.685 62.755 62.568 62.731 63.015 62.627 62.359 62.34 62.224 61.957 61.734 61.561 61.354 61.494 61.211 61.361 61.73 62.867 65.122 70.494 72.308 72.545 72.434 72.379 72.118 72.605 73.215 73.972 75.585 76.601 78.378 79.254 81.712 82.703 83.572 84.209 85.019 85.852 86.567 86.363 -9999 -9999 -9999 -9999 -9999 -9999 -9999 -9999 -9999 -9999 -9999 -9999 -9999 -9999 -9999 -9999 -9999 -9999 -9999 -9999 -9999 -9999 -9999 -9999 -9999 -9999 -9999 -9999
-9999 62.599 62.693 62.464 62.336 61.072 62.212 62.639 62.743 62.849 62.707 63.943 65.559 64.288 63.031 63.594 63.655 62.553 62.922 63.749 62.709 62.141 61.975 61.993 64.205 64.991 68.289 71.753 73.021 73.337 73.483 73.375 73.175 73.932 75.367 76.422 78.086 79.365 81.361 82.926 84.528 85.326 85.688 85.887 86.136 -9999 -9999 -9999 -9999 -9999 -9999 -9999 -9999 -9999 -9999 -9999 -9999 -9999 -9999 -9999 -9999 -9999 -9999 -9999 -9999 -9999 -9999 -9999 -9999 -9999 -9999 -9999 -9999 -9999 -9999 -9999
-9999 62.421 62.679 60.65 61.71 62.59 62.894 63.214 63.269 63.21 63.514 64.753 66.731 66.216 66.122 65.506 64.636 65.184 65.615 66.288 65.389 63.33 63.458 64.198 67.691 70.367 71.82 73.535 74.383 74.603 74.754 74.499 75.482 76.279 77.442 79.622 80.443 82.511 83.748 84.906 85.87 86.228 86.406 -9999 -9999 -9999 -9999 -9999 -9999 -9999 -9999 -9999 -9999 -9999 -9999 -9999 -9999 -9999 -9999 -9999 -9999 -9999 -9999 -9999 -9999 -9999 -9999 -9999 -9999 -9999 -9999 -9999 -9999 -9999 -9999 -9999
-9999 -9999 62.923 61.38 62.722 63.202 63.341 63.604 63.835 63.892 64.269 65.992 66.805 66.839 66.244 65.743 66.611 66.83 66.983 66.965 66.935 64.962 65.23 66.55 70.533 72.394 74.389 75.592 75.91 75.733 76.852 77.209 77.756 80.034 80.192 81.36 82.53 83.931 85.245 85.913 -9999 -9999 -9999 -9999 -9999 -9999 -9999 -9999 -9999 -9999 -9999 -9999 -9999 -9999 -9999 -9999 -9999 -9999 -9999 -9999 -9999 -9999 -9999 -9999 -9999 -9999 -9999 -9999 -9999 -9999 -9999 -9999 -9999 -9999 -9999 -9999
