test/DeltaShell.Plugins.DelftModels.HydroModel.Tests/test-data/AcceptanceModels/SOBEK2/DarEsSalaam/InputData/FIXED/dtm_20x20_mask.asc
ncols         706
nrows         484
xllcorner     517529.35735385
yllcorner     9239758.1834015
cellsize      20
NODATA_value  -9999
[rows 204 to 237 of 484, columns 380 to 455 of 706]
-9999 -9999 -9999 -9999 -9999 -9999 -9999 -9999 -9999 -9999 -9999 -9999 -9999 -9999 -9999 -9999 -9999 -9999 -9999 -9999 -9999 -9999 -9999 -9999 -9999 -9999 -9999 -9999 31.53 31.342 31.058 27.227 31.846 31.122 30.268 29.237 27.448 26.265 26.592 25.881 25.452 25.756 25.842 23.798 23.679 20.025 18.495 18.179 17.848 17.518 17.335 17.166 17.072 16.962 16.843 16.646 16.578 16.343 16.407 16.407 16.602 15.805 11.619 13.897 15.779 15.695 15.795 15.685 15.883 15.915 15.894 15.806 15.781 15.753 15.612 15.406
-9999 -9999 -9999 -9999 -9999 -9999 -9999 -9999 -9999 -9999 -9999 -9999 -9999 -9999 -9999 -9999 -9999 -9999 -9999 -9999 -9999 -9999 -9999 -9999 -9999 -9999 -9999 31.184 30.736 30.194 31.241 25.401 31.555 30.784 29.779 29.235 28.043 26.671 26.008 25.78 25.509 25.481 24.749 24.663 22.691 18.319 18.397 18.304 17.698 17.515 17.43 17.212 17.114 17.014 16.91 16.88 16.591 16.335 16.347 16.374 16.494 12.786 11.037 15.708 15.803 15.738 15.843 15.858 15.935 15.963 15.909 15.872 15.801 15.722 15.652 15.514
-9999 -9999 -9999 -9999 -9999 -9999 -9999 -9999 -9999 -9999 -9999 -9999 -9999 -9999 -9999 -9999 -9999 -9999 -9999 -9999 -9999 -9999 -9999 -9999 -9999 -9999 31.778 31.269 30.223 29.569 30.264 26.221 30.047 29.719 28.656 28.885 29.049 29.781 26.633 25.818 25.493 25.287 24.465 23.778 18.048 18.583 18.322 18.089 17.725 17.466 17.413 17.277 17.167 17.059 16.945 16.769 16.561 16.451 16.564 16.268 14.133 11.016 15.679 15.708 16.041 15.948 15.967 15.937 16.008 16.058 15.946 15.876 15.838 15.814 15.716 15.475
-9999 -9999 -9999 -9999 -9999 -9999 -9999 -9999 -9999 -9999 -9999 -9999 -9999 -9999 -9999 -9999 -9999 -9999 -9999 -9999 -9999 -9999 -9999 -9999 -9999 32.293 31.416 31.046 30.209 29.21 28.277 25.735 26.341 25.945 26.482 28.333 29.922 30.217 28.624 25.919 25.479 25.163 24.787 20.334 18.38 18.21 18.234 18.081 17.692 17.439 17.426 17.238 17.144 17.095 16.973 16.876 16.733 16.771 16.281 13.662 10.959 15.912 16.152 16.313 16.221 16.003 16.132 16.035 16.116 16.212 16.057 16.038 16.081 15.907 15.716 15.574
-9999 -9999 -9999 -9999 -9999 -9999 -9999 -9999 -9999 -9999 -9999 -9999 -9999 -9999 -9999 -9999 -9999 -9999 -9999 -9999 -9999 -9999 -9999 -9999 32.628 32.295 31.702 30.953 30.318 29.883 28.373 26.324 24.501 24.949 24.104 26.52 28.889 29.672 28.702 25.38 25.193 24.954 24.604 24.215 21.797 18.397 18.108 18.154 17.887 17.695 17.657 17.447 17.336 17.124 16.945 16.809 16.536 16.277 13.363 11.199 16.232 16.395 16.485 16.592 16.501 16.383 15.857 16.06 16.215 16.306 16.203 16.15 16.143 15.989 15.814 15.639
-9999 -9999 -9999 -9999 -9999 -9999 -9999 -9999 -9999 -9999 -9999 -9999 -9999 -9999 -9999 -9999 -9999 -9999 -9999 -9999 -9999 -9999 -9999 32.769 32.089 31.694 31.267 31.001 30.86 30.647 30.309 29.817 24.455 26.473 23.832 23.532 25.801 27.255 24.097 23.223 24.26 24.597 24.047 24.325 23.571 21.426 18.424 18.037 17.897 17.703 17.505 17.479 17.366 17.142 16.909 16.662 15.016 11.502 12.063 16.607 16.649 16.694 16.707 16.714 16.662 16.683 16.514 15.903 16.357 16.357 16.306 16.204 16.211 16.113 15.92 15.818
-9999 -9999 -9999 -9999 -9999 -9999 -9999 -9999 -9999 -9999 -9999 -9999 -9999 -9999 -9999 -9999 -9999 -9999 -9999 -9999 -9999 -9999 32.818 32.544 31.596 31.493 31.259 31.035 30.906 30.832 31.101 31.073 25.618 26.861 24.42 21.121 21.732 24.336 21.338 20.349 22.873 24.22 24.355 23.861 23.701 23.054 20.082 18.257 17.92 17.594 17.525 17.48 17.382 17.15 16.968 14.476 11.618 14.756 16.68 16.885 16.858 16.88 16.875 16.85 16.841 16.805 16.747 16.376 16.516 16.525 16.327 16.307 16.241 16.175 16.026 15.888
-9999 -9999 -9999 -9999 -9999 -9999 -9999 -9999 -9999 -9999 -9999 -9999 -9999 -9999 -9999 -9999 -9999 -9999 -9999 -9999 -9999 32.72 32.085 31.75 31.456 31.203 30.979 29.388 28.101 28.403 30.223 30.476 28.369 25.081 24.572 21.088 20.55 21.166 19.374 19.591 20.69 24.158 24.222 23.714 23.263 22.971 22.34 19.042 18.22 17.9 17.645 17.381 17.341 17.061 14.65 11.562 16.258 16.675 16.545 16.764 16.925 16.927 16.94 16.935 16.932 16.793 16.807 16.473 16.637 16.686 16.379 16.32 16.371 16.258 16.15 16.068
-9999 -9999 -9999 -9999 -9999 -9999 -9999 -9999 -9999 -9999 -9999 -9999 -9999 -9999 -9999 -9999 -9999 -9999 -9999 -9999 32.02 31.265 31.446 31.662 31.549 31.272 30.364 26.111 22.7 22.276 25.871 26.156 25.642 23.333 23.365 19.875 19.494 19.622 18.94 18.696 20.646 23.679 23.795 24.561 22.676 22.521 22.747 21.824 19.952 17.883 17.286 17.168 17.481 15.904 11.813 14.036 16.814 16.702 16.784 16.924 16.815 17.115 17.093 17.011 16.946 16.899 16.78 16.488 16.665 16.628 16.457 16.423 16.614 16.541 16.241 16.258
-9999 -9999 -9999 -9999 -9999 -9999 -9999 -9999 -9999 -9999 -9999 -9999 -9999 -9999 -9999 -9999 -9999 -9999 32.139 31.155 31.165 31.877 31.829 31.651 30.99 30.165 28.093 24.004 20.801 20.786 20.611 20.835 20.968 23.106 20.162 19.513 19.096 18.852 18.648 18.73 19.062 20.552 22.288 21.69 20.516 21.536 22.183 21.996 21.515 18.108 17.322 16.842 13.781 12.528 12.506 16.785 17.139 17.299 17.031 17.086 17.282 17.269 17.172 17.093 17.024 16.886 16.753 16.571 16.68 16.61 16.473 16.457 16.403 16.44 16.391 16.524
-9999 -9999 -9999 -9999 -9999 -9999 -9999 -9999 -9999 -9999 -9999 -9999 -9999 -9999 -9999 -9999 -9999 31.608 30.884 31.087 31.396 31.773 31.6 31.442 31.134 28.478 24.89 20.539 20.211 19.752 19.661 19.504 19.435 20.751 19.466 19.109 18.863 18.808 18.76 18.355 18.881 19.36 19.594 19.222 19.165 18.974 21.272 21.686 21.48 21.091 17.595 14.17 12.949 11.651 17.111 17.431 17.551 17.366 17.187 17.248 17.647 17.497 17.347 17.24 17.153 16.971 16.851 16.682 16.694 16.617 16.518 16.449 16.391 16.379 16.579 16.499
-9999 -9999 -9999 -9999 -9999 -9999 -9999 -9999 -9999 -9999 -9999 -9999 -9999 -9999 -9999 -9999 30.272 30.466 30.064 29.821 29.99 30.171 30.539 30.496 28.963 27.188 21.817 20.237 19.981 20.821 20.808 19.871 19.782 19.918 20.783 19.332 20.45 20.99 19.499 18.768 18.372 18.903 19.308 19.557 18.89 19.283 19.463 21.341 21.341 20.968 19.433 12.309 12.044 16.601 17.377 17.393 17.656 17.419 17.387 17.438 17.631 17.59 17.487 17.401 17.278 17.108 16.917 16.744 16.718 16.581 16.57 16.494 16.49 16.814 16.564 16.471
-9999 -9999 -9999 -9999 -9999 -9999 -9999 -9999 -9999 -9999 -9999 -9999 -9999 -9999 -9999 30.277 29.39 27.063 27.235 26.952 27.367 28.393 29.657 29.391 27.485 25.004 21.152 20.194 20.7 23.8 24.73 23.216 22.272 21.06 22.56 20.676 23.65 23.951 21.586 19.184 18.631 18.809 18.824 19.148 18.449 19.364 19.403 19.453 20.66 20.479 15.019 13.039 16.975 17.481 17.47 17.574 17.601 17.456 17.472 17.559 17.65 17.578 17.567 17.394 17.392 17.105 16.91 16.901 16.84 16.647 16.614 16.662 16.553 16.725 16.736 16.547
-9999 -9999 -9999 -9999 -9999 -9999 -9999 -9999 -9999 -9999 -9999 -9999 -9999 -9999 30.687 30.016 26.89 25.278 24.679 24.411 24.108 24.462 26.411 25.617 23.781 21.577 20.504 20.628 21.298 25.374 26.958 27.276 24.947 22.851 22.221 23.349 26.198 26.034 22.318 19.664 19.679 19.124 18.401 18.94 18.389 19.417 19.281 19.285 19.183 16.407 16.998 19.176 19.607 17.858 17.621 17.731 17.318 17.356 17.36 17.513 17.646 17.705 17.582 17.672 17.462 17.189 16.829 16.829 16.904 16.718 16.699 16.746 16.705 16.789 16.799 17.106
-9999 -9999 -9999 -9999 -9999 -9999 -9999 -9999 -9999 -9999 -9999 -9999 -9999 31.625 30.751 28.61 26.502 25.274 24.465 23.99 23.508 23.091 23.325 23.047 22.389 20.845 20.474 20.672 22.713 26.228 27.913 27.935 25.962 23.3 22.856 23.734 26.85 26.489 23.497 22.84 22.665 21.129 18.772 18.34 18.988 19.207 19.265 19.157 18.009 15.457 18.852 19.544 19.648 19.255 18.169 17.731 17.644 17.464 17.359 17.351 17.634 17.709 17.877 17.882 17.652 17.292 17.07 16.812 16.816 16.823 16.857 16.878 16.942 17.052 17.279 18.316
-9999 -9999 -9999 -9999 -9999 -9999 -9999 -9999 -9999 -9999 -9999 -9999 -9999 31.322 29.935 28.075 26.666 26.562 26.193 24.931 24.065 22.872 22.252 21.928 21.773 20.724 20.727 21.319 23.578 26.544 28.208 27.998 26.445 24.206 23.872 23.715 26.56 27.195 26.117 25.769 26.301 25.319 20.571 18.717 18.983 19.236 19.331 18.765 15.973 17.361 17.28 19.531 19.569 19.503 18.97 18.271 17.85 17.603 17.125 17.517 17.46 17.805 18.037 18.135 17.987 17.528 17.332 16.939 16.841 16.953 16.989 17.057 17.109 17.384 19.094 20.521
-9999 -9999 -9999 -9999 -9999 -9999 -9999 -9999 -9999 -9999 -9999 -9999 32.363 31.508 29.11 27.454 26.809 27.483 28.008 27.462 26.685 24.816 22.8 22.378 21.444 21.49 22.731 22.914 24.351 26.752 28.385 28.211 26.733 26.149 24.918 22.826 25.737 27.812 27.529 27.315 27.375 26.377 20.736 18.935 19.431 19.758 19.174 16.41 16.322 18.601 18.449 17.569 19.302 19.357 19.355 18.971 17.732 17.633 17.579 17.757 18.286 18.285 18.153 18.394 18.262 17.841 17.483 17.156 17.021 17.144 17.169 17.118 17.405 19.513 21.583 22.822
-9999 -9999 -9999 -9999 -9999 -9999 -9999 -9999 -9999 -9999 -9999 -9999 31.67 31.179 29.747 28.05 27.259 27.927 28.774 29.102 29.105 27.611 25.161 24.515 22.769 22.62 23.782 24.591 25.537 28.357 28.18 28.443 27.606 27.771 27.38 23.35 25.118 27.791 27.35 27.191 27.523 24.579 19.769 18.951 19.509 19.66 17.013 16 18.721 18.81 18.747 18.615 18.068 18.741 19.128 19.114 18.758 18.237 17.964 18.572 18.649 18.47 18.443 18.256 18.68 18 17.432 17.194 17.052 17.162 17.345 17.432 18.806 20.464 23.224 23.792
-9999 -9999 -9999 -9999 -9999 -9999 -9999 -9999 -9999 -9999 -9999 -9999 31.561 30.909 30.353 28.189 27.496 28.25 29.22 29.7 29.431 28.267 27.51 27.016 25.078 25.252 26.068 26.743 27.501 28.304 28.512 28.661 28.476 28.578 27.714 24.652 23.794 25.576 25.351 25.549 25.765 23.424 19.469 19.102 19.513 17.794 15.802 18.979 18.67 18.645 18.677 18.798 18.209 18.214 18.702 19.28 19.44 19.131 19.063 18.648 18.756 18.59 18.598 18.557 18.071 17.374 17.14 17.256 17.164 17.354 17.517 18.67 18.882 20.04 22.129 23.442
-9999 -9999 -9999 -9999 -9999 -9999 -9999 -9999 -9999 -9999 -9999 -9999 31.563 31.141 30.694 29.442 28.073 28.362 29.02 29.352 28.938 28.846 28.522 27.744 27.296 27.347 27.57 28.256 28.605 28.663 28.586 28.708 27.659 26.328 25.61 22.966 22.132 21.35 20.826 22.192 22.915 21.685 19.425 18.817 18.381 15.729 18.467 18.89 18.858 18.748 18.584 18.303 18.393 17.948 18.173 18.897 19.371 19.521 19.253 18.309 18.213 18.36 18.489 18.144 17.499 17.385 17.454 17.459 17.491 17.613 19.355 20.136 19.631 19.568 20.476 22.252
-9999 -9999 -9999 -9999 -9999 -9999 -9999 -9999 -9999 -9999 -9999 -9999 31.693 31.471 30.725 29.427 28.783 28.862 29.083 28.804 27.725 27.602 28.089 28.354 28.583 28.684 28.59 28.558 28.666 29.41 26.312 24.164 23.179 21.701 21.25 21.084 22.241 20.153 19.802 19.879 20.148 19.445 18.949 16.213 15.97 18.408 18.912 18.938 18.926 18.517 18.534 18.391 18.202 18.149 18.086 18.192 18.886 19.4 19.699 19.321 18.246 18.233 18.135 17.805 17.588 17.492 17.473 17.554 17.68 18.333 20.437 23.75 22.802 21.931 20.959 21.052
-9999 -9999 -9999 -9999 -9999 -9999 -9999 -9999 -9999 -9999 -9999 -9999 31.782 31.699 30.878 29.917 29.482 29.486 29.344 28.704 28.106 27.139 26.64 28.566 29.587 29.429 29.181 29.61 29.607 27.412 22.953 21.144 20.535 20.385 20.456 20.341 20.865 20.05 19.478 19.339 19.406 18.845 15.918 16.665 19.533 19.297 19.144 18.997 18.676 18.436 18.379 18.186 18.187 18.105 18.065 18.198 18.533 18.999 19.753 19.714 19.479 18.446 18.308 17.953 17.844 17.47 17.757 17.987 17.889 18.412 20.899 24.93 25.684 24.296 22.637 22.431
-9999 -9999 -9999 -9999 -9999 -9999 -9999 -9999 -9999 -9999 -9999 31.737 31.405 31.16 30.612 29.972 29.376 29.646 29.522 29.255 29.126 27.296 25.283 26.59 28.344 29.076 29.507 29.306 28.885 25.65 21.912 20.706 20.044 19.948 19.822 19.592 19.817 20.855 19.592 19.468 18.871 16.217 16.524 18.932 19.411 19.366 19.23 18.928 18.681 18.372 18.202 18.328 18.299 18.214 18.226 18.694 18.837 18.579 19.341 19.877 19.729 19.613 18.109 18.019 18.122 17.792 17.745 17.645 18.109 18.419 19.48 23.352 26.155 25.928 24.877 24.205
-9999 -9999 -9999 -9999 -9999 -9999 -9999 -9999 -9999 -9999 -9999 31.634 31.246 30.855 30.343 29.718 29.726 30.187 30.199 29.495 28.702 27.209 24.78 25.567 27.871 28.168 28.174 26.466 26.758 24.325 20.86 20.017 19.938 19.826 19.633 19.444 19.604 22.135 19.704 19.253 16.343 16.849 19.177 19.378 19.404 19.339 19.288 18.906 18.611 18.364 18.549 18.322 18.387 18.366 18.731 18.873 18.888 18.952 19.016 19.448 19.803 19.83 19.732 18.012 17.927 17.588 18.011 18.158 18.487 20.032 20.582 22.255 24.672 26.176 26.018 25.448
-9999 -9999 -9999 -9999 -9999 -9999 -9999 -9999 -9999 -9999 -9999 31.73 31.27 30.821 30.233 30.031 30.054 30.45 30.496 29.456 27.267 24.679 23.529 24.782 25.916 25.666 24.795 23.816 22.985 21.996 20.303 20.333 20.077 19.865 19.54 19.402 19.552 19.426 21.008 16.516 17.003 19.117 19.672 19.543 19.293 19.227 19.024 18.867 18.497 18.728 18.624 18.338 18.449 18.742 18.775 18.796 19.034 19.273 19.244 19.375 19.59 19.814 19.946 19.799 17.71 18.971 18.63 18.673 19.922 20.282 20.587 20.98 23.942 25.448 25.784 25.538
-9999 -9999 -9999 -9999 -9999 -9999 -9999 -9999 -9999 -9999 32.071 31.647 31.231 30.914 30.766 30.656 30.176 29.874 29.626 29.277 26.637 24.55 22.617 22.8 22.697 22.258 22.419 22.133 21.458 21.028 20.562 20.292 20.066 19.853 19.74 19.66 19.829 18.857 16.24 17.437 19.511 19.397 19.38 19.413 19.556 19.151 18.753 18.463 18.747 18.551 18.57 18.598 18.648 18.84 18.944 19.049 19.276 19.606 19.416 19.516 19.5 19.614 19.933 20.01 19.853 19.467 18.967 19.944 20.244 20.461 20.642 21.159 24.433 25.81 26.631 26.424
-9999 -9999 -9999 -9999 -9999 -9999 -9999 -9999 -9999 32.283 31.747 31.286 30.946 30.779 30.793 30.527 29.65 29.013 28.144 27.805 26.475 24.812 21.934 21.47 21.326 21.254 21.168 20.858 20.256 20.193 20.512 19.99 19.901 19.882 19.739 19.536 19.415 18.886 16.367 21.574 19.677 19.523 19.742 19.534 19.772 19.13 18.378 18.656 18.832 18.752 18.753 18.845 18.889 19.039 19.135 19.361 19.598 19.758 19.794 19.393 19.533 19.588 19.669 20.058 20.258 20.151 20.026 20.246 20.316 20.481 20.706 21.353 24.98 26.237 26.751 26.603
-9999 -9999 -9999 -9999 -9999 -9999 -9999 -9999 32.482 32.131 31.725 31.353 30.802 30.693 30.493 29.984 28.972 27.794 25.554 24.498 24.468 22.382 21.22 20.622 20.194 19.103 17.459 17.287 17.351 17.48 16.653 19.43 19.645 19.806 19.588 19.642 19.522 19.106 16.162 21.116 19.868 19.485 19.583 19.479 19.078 18.818 18.689 18.739 18.866 18.92 19.033 19.1 19.098 19.156 19.235 19.351 19.578 19.736 19.58 19.581 19.54 19.362 19.469 19.677 20.134 20.139 20.636 20.631 20.292 20.535 20.752 22.205 25.325 26.258 26.762 26.774
-9999 -9999 -9999 -9999 -9999 -9999 -9999 32.564 32.144 31.952 31.684 31.357 30.97 30.737 30.111 29.238 28.283 26.589 24.746 22.845 21.943 21.23 20.205 17.838 17.321 18.636 18.85 19.333 19.514 19.114 18.812 18.111 16.648 17.941 19.392 19.687 19.306 18.475 16.268 19.811 22.117 19.495 19.329 19.416 18.737 19.088 19.303 18.918 19.247 19.151 19.505 19.452 19.297 19.264 19.36 19.44 19.529 19.616 19.525 19.428 19.219 19.317 19.246 19.446 19.738 20.258 20.181 20.848 20.637 20.447 21.072 25.187 26.148 26.101 26.9 27.304
-9999 -9999 -9999 -9999 -9999 32.766 32.601 32.187 32.185 31.965 31.836 31.767 31.258 30.969 30.17 29.314 27.617 26.428 23.375 21.882 20.937 19.477 17.573 18.725 19.581 20.017 20.342 20.3 20.151 20.068 19.994 19.678 18.783 17.087 17.171 17.564 17.304 16.255 18.272 19.415 20.188 19.776 19.182 18.946 19.188 19.299 19.31 18.944 18.985 19.139 19.466 19.649 19.348 19.393 19.307 19.318 19.358 19.499 19.367 19.296 19.248 19.437 19.449 19.547 19.581 19.664 20.425 20.501 20.765 20.649 23.542 26.299 26.133 26.147 27.09 27.514
33.365 33.685 33.425 32.356 31.72 32.101 32.323 32.634 32.22 32.01 31.92 31.676 31.276 31.146 30.88 30.379 28.735 25.467 22.499 20.507 19.636 17.394 19.245 19.746 20.249 20.423 20.416 20.295 20.16 20.111 20.032 19.81 19.722 18.789 19.188 18.565 18.609 19.248 19.257 16.931 19.716 22.484 18.649 19.191 19.604 19.635 19.412 19.154 18.987 18.928 19.234 19.606 19.663 19.393 19.208 19.184 19.185 19.353 19.25 19.19 19.324 19.406 19.189 19.361 19.546 19.732 19.649 20.487 20.515 22.394 24.999 26.35 26.127 26.46 27.049 27.135
32.658 33.193 33.038 32.404 30.208 29.642 31.494 32.017 32.095 31.948 31.866 31.753 31.25 31.517 31.421 30.729 28.962 24.448 21.511 20.494 18.572 18.829 19.929 20.41 20.44 20.41 20.478 20.157 20.07 19.811 19.726 19.488 19.486 19.317 19.219 19.505 19.594 19.56 19.17 18.599 18.492 19.39 19.975 18.979 19.709 19.561 19.233 19.446 19.242 19.141 19.066 19.289 19.343 19.38 19.476 19.49 19.262 19.301 19.159 19.247 19.568 19.486 19.343 19.544 19.78 19.742 20.026 20.11 20.715 21.001 24.032 26.441 26.259 26.627 27.346 27.186
31.833 32.359 32.634 32.132 29.834 28.475 31.37 31.665 31.833 31.825 31.689 31.711 31.621 31.811 31.314 30.137 23.561 21.21 20.435 19.752 18.22 20.002 20.606 20.657 20.607 20.395 20.583 20.449 20.041 19.642 19.415 19.605 19.651 19.685 19.55 19.537 19.76 19.685 19.366 18.846 16.975 19.11 22.614 19.208 19.271 19.454 19.281 19.219 19.25 19.674 19.301 19.437 19.659 19.405 19.591 19.688 19.488 19.524 19.751 19.277 19.315 19.411 19.349 19.28 19.534 19.302 19.825 20.368 20.438 21.057 22.654 26.534 26.507 26.901 27.219 27.277
30.943 31.152 32.227 31.206 28.442 26.687 27.676 30.391 31.098 31.679 31.522 31.594 31.492 30.822 29.581 26.317 21.6 20.406 20.192 19.659 17.831 20.565 20.722 20.59 20.721 20.812 20.836 20.64 20.127 20.047 19.777 19.642 19.73 19.78 19.677 19.584 19.837 19.736 19.16 19.073 19.121 19.088 20.006 20.853 19.05 19.348 19.502 19.287 19.337 19.409 19.272 19.202 19.231 19.558 19.613 19.684 19.654 19.583 19.489 19.871 19.442 19.154 19.266 19.046 19.175 19.224 19.283 19.445 20.277 20.971 21.014 26.323 26.648 27.089 27.498 27.215
