test/DeltaShell.Plugins.DelftModels.HydroModel.Tests/test-data/AcceptanceModels/SOBEK2/Jakarta/14/dm2maxh0.asc
ncols              319
nrows              324
xllcorner        220584.859
yllcorner        795339.977
cellsize            100.000
NODATA_value       -999.9990
[rows 52 to 77 of 324, columns 240 to 299 of 319]
1.8695 1.8694 1.8689 1.8680 -999.9990 1.8663 -999.9990 -999.9990 -999.9990 -999.9990 -999.9990 -999.9990 -999.9990 2.0422 -999.9990 -999.9990 -999.9990 -999.9990 -999.9990 -999.9990 2.5744 2.5743 2.5749 2.5737 -999.9990 2.6162 2.6422 2.5459 -999.9990 -999.9990 -999.9990 -999.9990 -999.9990 -999.9990 -999.9990 -999.9990 2.0218 2.0218 2.0218 2.0218 2.0218 -999.9990 -999.9990 -999.9990 -999.9990 1.6833 1.6833 1.6832 1.6831 1.6830 1.6830 1.6829 1.6827 1.6826 1.6825 1.6824 1.6823 1.6822 1.6822 -999.9990
1.8721 1.8755 1.8734 -999.9990 -999.9990 -999.9990 -999.9990 -999.9990 -999.9990 -999.9990 -999.9990 -999.9990 -999.9990 -999.9990 -999.9990 -999.9990 -999.9990 -999.9990 -999.9990 2.5800 2.5728 2.5739 2.5737 2.5720 2.5696 2.5635 2.5385 2.5385 -999.9990 -999.9990 -999.9990 -999.9990 -999.9990 -999.9990 -999.9990 -999.9990 2.0218 2.0218 2.0218 2.0219 2.0219 -999.9990 -999.9990 -999.9990 -999.9990 1.6835 1.6834 1.6833 1.6832 1.6831 1.6831 1.6830 1.6829 1.6828 1.6827 1.6826 1.6824 1.6823 1.6822 -999.9990
1.8871 1.9031 1.9722 -999.9990 -999.9990 -999.9990 -999.9990 -999.9990 -999.9990 -999.9990 -999.9990 -999.9990 -999.9990 -999.9990 -999.9990 -999.9990 -999.9990 -999.9990 2.6263 2.5877 2.5677 2.5668 2.5686 2.5670 2.5560 2.5579 2.5380 2.5371 2.5370 -999.9990 -999.9990 -999.9990 -999.9990 -999.9990 -999.9990 -999.9990 -999.9990 2.0219 2.0219 2.0219 2.0219 -999.9990 -999.9990 -999.9990 1.6839 1.6837 1.6836 1.6834 1.6833 1.6832 1.6832 1.6831 1.6830 1.6829 1.6828 1.6827 1.6826 1.6825 1.6824 -999.9990
2.0137 2.0191 2.0301 2.0363 -999.9990 2.1311 -999.9990 -999.9990 -999.9990 -999.9990 -999.9990 -999.9990 -999.9990 -999.9990 -999.9990 -999.9990 -999.9990 2.9176 2.9110 2.5822 2.5585 2.5582 2.5580 2.5483 2.5434 2.5395 2.5378 2.5358 2.5328 2.5325 -999.9990 -999.9990 -999.9990 -999.9990 -999.9990 -999.9990 2.0219 2.0219 2.0219 2.0219 2.0219 -999.9990 -999.9990 1.6840 1.6840 1.6838 1.6837 1.6835 1.6834 1.6833 1.6833 1.6832 1.6831 1.6830 1.6829 1.6828 1.6827 -999.9990 -999.9990 1.6387
2.0297 2.0294 2.0335 2.0369 2.0649 2.1312 2.1363 2.1653 -999.9990 -999.9990 -999.9990 -999.9990 -999.9990 -999.9990 -999.9990 -999.9990 -999.9990 -999.9990 2.6942 2.5570 2.5506 2.5498 2.5435 2.5433 2.5401 2.5398 2.5330 2.5327 2.5317 2.5317 2.5317 -999.9990 -999.9990 -999.9990 -999.9990 -999.9990 -999.9990 2.0219 2.0219 2.0219 2.0219 -999.9990 -999.9990 1.6840 1.6840 1.6840 1.6837 1.6836 1.6835 1.6834 1.6833 1.6832 1.6831 1.6831 1.6830 1.6830 1.6829 -999.9990 -999.9990 1.6387
2.0367 2.0348 2.0374 2.0416 2.0726 2.1190 2.1381 2.1880 2.2234 -999.9990 -999.9990 -999.9990 -999.9990 -999.9990 -999.9990 -999.9990 -999.9990 -999.9990 -999.9990 2.5485 2.5419 2.5404 2.5400 2.5395 2.5385 2.5349 2.5320 2.5317 2.5316 2.5317 2.5317 -999.9990 -999.9990 -999.9990 -999.9990 -999.9990 -999.9990 -999.9990 -999.9990 2.0219 2.0219 -999.9990 -999.9990 1.6840 1.6839 1.6839 1.6838 1.6836 1.6835 1.6835 1.6834 1.6833 1.6832 1.6831 1.6831 1.6831 1.6831 -999.9990 -999.9990 -999.9990
2.0403 2.0404 2.0413 2.0475 2.0937 2.1199 2.1575 2.2053 2.2437 2.2910 -999.9990 -999.9990 -999.9990 -999.9990 -999.9990 -999.9990 -999.9990 -999.9990 -999.9990 -999.9990 2.5411 2.5403 2.5398 2.5395 2.5385 2.5385 2.5319 2.5316 2.5316 2.5316 2.5317 2.5317 2.5319 -999.9990 -999.9990 -999.9990 -999.9990 2.0219 2.0219 2.0219 2.0219 -999.9990 -999.9990 -999.9990 1.6839 1.6838 1.6838 1.6837 1.6836 1.6835 1.6834 1.6833 1.6833 1.6833 1.6833 1.6831 1.6831 -999.9990 -999.9990 -999.9990
2.0427 2.0422 2.0475 2.0555 2.1167 2.1690 2.1793 2.3252 2.3756 2.4003 2.4113 -999.9990 -999.9990 -999.9990 -999.9990 -999.9990 -999.9990 -999.9990 -999.9990 -999.9990 -999.9990 2.5397 2.5394 2.5392 2.5384 2.5380 2.5317 2.5315 2.5315 2.5316 2.5316 2.5316 -999.9990 -999.9990 -999.9990 -999.9990 -999.9990 2.0219 2.0219 2.0219 2.0219 -999.9990 -999.9990 -999.9990 1.6839 1.6838 1.6838 1.6837 1.6837 -999.9990 -999.9990 1.6833 1.6834 1.6837 1.6838 1.6833 1.6832 -999.9990 -999.9990 -999.9990
2.0435 2.0438 2.0473 2.0693 2.2210 2.3547 2.4444 2.4026 2.3974 2.4031 2.4144 2.4309 -999.9990 -999.9990 -999.9990 -999.9990 -999.9990 -999.9990 -999.9990 -999.9990 -999.9990 2.5398 2.5393 2.5392 2.5385 2.5377 2.5314 2.5314 2.5315 2.5315 2.5315 2.5315 -999.9990 -999.9990 2.5311 -999.9990 -999.9990 -999.9990 2.0219 2.0219 2.0219 2.6012 2.1079 2.0318 1.9288 1.7696 1.7014 -999.9990 -999.9990 -999.9990 -999.9990 -999.9990 -999.9990 1.6842 1.6842 1.6841 -999.9990 -999.9990 -999.9990 1.6389
2.0497 2.0609 -999.9990 -999.9990 2.3526 2.4185 2.4484 2.4267 -999.9990 2.4129 2.4178 2.4317 -999.9990 -999.9990 -999.9990 -999.9990 -999.9990 -999.9990 -999.9990 -999.9990 -999.9990 -999.9990 -999.9990 -999.9990 -999.9990 2.5313 2.5314 2.5314 2.5314 2.5314 2.5314 2.5314 2.5313 2.5312 2.5312 2.5311 -999.9990 -999.9990 -999.9990 -999.9990 -999.9990 -999.9990 2.1006 2.0444 1.8498 1.8249 -999.9990 -999.9990 -999.9990 -999.9990 -999.9990 -999.9990 -999.9990 1.6999 1.6969 1.7002 -999.9990 -999.9990 1.6389 1.6389
2.6735 2.7851 -999.9990 -999.9990 2.8021 2.7143 2.5834 -999.9990 -999.9990 -999.9990 -999.9990 2.8271 -999.9990 -999.9990 2.8620 -999.9990 -999.9990 -999.9990 -999.9990 -999.9990 -999.9990 -999.9990 -999.9990 2.5315 2.5315 2.5314 2.5314 2.5314 2.5314 2.5314 2.5314 2.5313 2.5313 2.5312 2.5311 2.5311 2.5311 -999.9990 -999.9990 -999.9990 -999.9990 -999.9990 -999.9990 1.9721 -999.9990 -999.9990 -999.9990 -999.9990 -999.9990 -999.9990 -999.9990 -999.9990 2.1139 1.8645 1.7855 1.7634 -999.9990 -999.9990 1.6389 1.6389
2.7836 2.7893 2.8169 2.8188 2.8114 2.8055 2.7923 -999.9990 -999.9990 -999.9990 -999.9990 2.8536 2.8620 2.8620 2.8620 -999.9990 -999.9990 -999.9990 -999.9990 -999.9990 -999.9990 -999.9990 2.5314 2.5315 2.5315 2.5315 2.5314 2.5314 2.5314 2.5313 2.5313 2.5313 2.5312 2.5312 2.5311 2.5311 2.5311 -999.9990 -999.9990 -999.9990 -999.9990 -999.9990 -999.9990 -999.9990 -999.9990 -999.9990 -999.9990 -999.9990 -999.9990 -999.9990 2.1475 2.1450 2.1181 2.0694 1.9699 -999.9990 -999.9990 -999.9990 -999.9990 1.6390
2.8014 2.8060 2.8172 2.8193 2.8185 2.8169 2.8191 -999.9990 -999.9990 -999.9990 -999.9990 2.8618 2.8618 -999.9990 2.8620 -999.9990 -999.9990 -999.9990 -999.9990 -999.9990 -999.9990 -999.9990 2.5314 2.5314 2.5315 2.5315 2.5314 2.5314 2.5313 2.5313 2.5312 2.5312 2.5311 2.5311 2.5311 -999.9990 -999.9990 -999.9990 -999.9990 -999.9990 -999.9990 -999.9990 2.3014 2.3008 2.3003 2.2999 -999.9990 -999.9990 -999.9990 -999.9990 2.1499 2.1468 2.1352 2.1201 -999.9990 -999.9990 -999.9990 -999.9990 1.6390 1.6390
2.7367 2.8159 2.8218 2.8219 2.8219 2.8220 2.8227 2.8293 -999.9990 -999.9990 -999.9990 2.8618 2.8618 -999.9990 -999.9990 -999.9990 -999.9990 -999.9990 -999.9990 -999.9990 -999.9990 -999.9990 -999.9990 2.5314 2.5314 2.5312 2.5311 2.5311 2.5311 2.5311 2.5311 2.5310 2.5309 2.5308 2.5307 2.5305 2.5305 2.5304 2.5304 -999.9990 -999.9990 -999.9990 2.3016 2.3007 2.3000 2.2992 -999.9990 -999.9990 -999.9990 -999.9990 2.1581 2.1539 2.1480 2.1446 2.1447 -999.9990 -999.9990 -999.9990 -999.9990 -999.9990
2.8169 2.8202 2.8217 2.8221 2.8225 2.8227 2.8270 2.8297 -999.9990 -999.9990 2.8618 2.8618 2.8618 -999.9990 -999.9990 -999.9990 -999.9990 -999.9990 -999.9990 -999.9990 -999.9990 -999.9990 -999.9990 2.5314 -999.9990 2.5311 2.5310 2.5309 2.5309 2.5309 2.5309 2.5309 2.5308 2.5307 2.5306 2.5305 2.5305 2.5304 2.5303 -999.9990 -999.9990 -999.9990 2.3034 2.3018 2.2990 2.2978 -999.9990 -999.9990 -999.9990 -999.9990 2.1791 2.1659 2.1618 2.1590 -999.9990 -999.9990 -999.9990 -999.9990 -999.9990 -999.9990
2.8225 2.8222 2.8222 2.8225 2.8229 2.8233 2.8301 2.8326 -999.9990 -999.9990 2.8618 2.8618 2.8618 -999.9990 -999.9990 -999.9990 -999.9990 -999.9990 -999.9990 -999.9990 -999.9990 -999.9990 -999.9990 2.5315 -999.9990 -999.9990 2.5310 2.5309 2.5308 2.5308 2.5308 2.5308 2.5307 2.5306 2.5306 2.5304 2.5304 2.5303 2.5303 2.5302 -999.9990 -999.9990 2.3060 2.3043 2.2982 2.2907 2.2023 2.2028 2.2025 2.2018 2.1976 2.1980 2.1780 2.1717 -999.9990 -999.9990 -999.9990 -999.9990 -999.9990 -999.9990
2.8226 2.8226 2.8226 2.8229 2.8231 2.8281 2.8354 2.8410 2.8602 2.8608 -999.9990 -999.9990 2.8618 -999.9990 -999.9990 -999.9990 -999.9990 -999.9990 -999.9990 -999.9990 -999.9990 -999.9990 -999.9990 -999.9990 -999.9990 -999.9990 2.5308 2.5308 2.5308 2.5308 2.5307 2.5307 2.5306 2.5306 2.5305 2.5304 2.5304 2.5303 2.5302 2.5301 2.5301 -999.9990 2.4029 2.3533 2.3529 -999.9990 2.2021 2.2019 2.2015 2.2005 2.1994 2.1992 2.1987 -999.9990 -999.9990 -999.9990 -999.9990 -999.9990 -999.9990 -999.9990
-999.9990 -999.9990 2.8236 2.8236 2.8240 2.8315 2.8427 2.8585 2.8604 2.8606 -999.9990 -999.9990 -999.9990 -999.9990 -999.9990 -999.9990 -999.9990 -999.9990 -999.9990 -999.9990 -999.9990 -999.9990 -999.9990 -999.9990 -999.9990 -999.9990 2.5308 2.5308 2.5308 2.5307 2.5307 2.5306 2.5306 2.5305 2.5305 2.5304 2.5303 2.5302 2.5301 2.5300 2.5299 -999.9990 2.5007 2.4941 2.4886 -999.9990 2.2017 2.2015 2.2012 2.2007 2.2001 2.1999 2.2001 -999.9990 -999.9990 -999.9990 -999.9990 -999.9990 -999.9990 -999.9990
-999.9990 -999.9990 2.8267 2.8269 2.8277 2.8453 2.8567 2.8609 2.8626 2.8617 2.8636 2.8637 -999.9990 -999.9990 -999.9990 -999.9990 -999.9990 -999.9990 -999.9990 -999.9990 -999.9990 -999.9990 -999.9990 -999.9990 -999.9990 -999.9990 2.5308 2.5308 2.5308 2.5307 2.5307 2.5306 2.5306 2.5305 2.5304 2.5304 2.5303 2.5301 2.5300 2.5298 2.5294 2.7020 2.5793 2.5883 2.5752 2.2013 2.2013 2.2013 2.2012 2.2008 2.2005 2.2001 2.2001 2.2002 -999.9990 -999.9990 -999.9990 -999.9990 -999.9990 -999.9990
-999.9990 2.8751 -999.9990 2.8525 2.8523 2.8594 2.8617 2.8640 2.8653 2.8664 2.8663 2.8657 2.8657 2.8657 -999.9990 -999.9990 -999.9990 -999.9990 -999.9990 -999.9990 -999.9990 -999.9990 -999.9990 -999.9990 2.5312 2.5311 2.5309 2.5308 2.5307 2.5307 2.5306 2.5306 2.5305 2.5305 2.5304 2.5303 2.5303 2.5301 2.5300 2.5299 2.5299 -999.9990 2.5887 -999.9990 -999.9990 -999.9990 2.2013 2.2013 2.2012 2.2011 2.2007 2.2002 2.2002 2.2003 -999.9990 -999.9990 -999.9990 -999.9990 -999.9990 -999.9990
2.8754 2.8751 2.8655 2.8572 2.8607 2.8634 2.8661 2.8677 2.8683 2.8690 2.8746 -999.9990 -999.9990 -999.9990 -999.9990 -999.9990 -999.9990 -999.9990 -999.9990 -999.9990 -999.9990 -999.9990 -999.9990 -999.9990 -999.9990 -999.9990 2.5309 2.5308 2.5307 2.5307 2.5306 2.5306 2.5305 2.5305 2.5304 2.5303 2.5302 2.5301 2.5300 2.5300 2.5300 2.7435 2.6166 -999.9990 -999.9990 -999.9990 2.2013 2.2013 2.2012 2.2009 2.2008 2.2003 2.2003 2.2003 -999.9990 -999.9990 -999.9990 -999.9990 -999.9990 -999.9990
2.8756 2.8754 2.8733 2.8725 2.8685 2.8703 2.8730 2.8736 2.8754 2.8785 2.8839 -999.9990 -999.9990 -999.9990 -999.9990 -999.9990 -999.9990 -999.9990 -999.9990 -999.9990 -999.9990 -999.9990 -999.9990 -999.9990 -999.9990 -999.9990 -999.9990 2.5308 2.5308 2.5307 2.5306 2.5305 2.5305 2.5304 2.5304 2.5303 2.5302 2.5302 -999.9990 2.5300 2.5300 -999.9990 2.6161 -999.9990 -999.9990 -999.9990 -999.9990 -999.9990 -999.9990 2.2008 2.2007 2.2003 2.2003 2.2003 -999.9990 -999.9990 -999.9990 -999.9990 -999.9990 -999.9990
2.8757 2.8757 2.8754 2.8742 2.8731 2.8732 2.8757 2.8777 2.8830 2.8859 2.8903 -999.9990 -999.9990 -999.9990 2.8965 -999.9990 -999.9990 -999.9990 -999.9990 -999.9990 -999.9990 -999.9990 -999.9990 -999.9990 -999.9990 -999.9990 -999.9990 -999.9990 -999.9990 2.5306 2.5306 2.5305 2.5304 2.5304 2.5304 2.5303 2.5302 2.5301 2.5300 2.5299 2.5300 -999.9990 -999.9990 -999.9990 -999.9990 -999.9990 -999.9990 -999.9990 -999.9990 2.2009 2.2007 2.2007 -999.9990 -999.9990 -999.9990 -999.9990 -999.9990 -999.9990 -999.9990 -999.9990
2.8757 2.8760 2.8761 2.8778 2.8800 2.8872 2.8882 2.8883 2.8893 2.8909 2.8925 -999.9990 -999.9990 -999.9990 2.8964 -999.9990 -999.9990 -999.9990 -999.9990 -999.9990 -999.9990 -999.9990 2.4821 -999.9990 -999.9990 -999.9990 -999.9990 -999.9990 -999.9990 -999.9990 -999.9990 -999.9990 2.5304 2.5304 2.7437 2.7787 2.7662 2.7974 2.8250 2.8479 2.8570 -999.9990 -999.9990 -999.9990 -999.9990 -999.9990 -999.9990 2.4732 2.4723 2.4007 2.2008 -999.9990 -999.9990 -999.9990 -999.9990 -999.9990 -999.9990 -999.9990 -999.9990 -999.9990
-999.9990 2.8784 2.8811 2.8816 2.8820 2.8881 2.8914 2.8935 2.8953 2.8973 2.8992 2.9060 2.9052 2.9014 2.8962 2.8953 -999.9990 -999.9990 -999.9990 -999.9990 -999.9990 -999.9990 2.4821 2.4821 -999.9990 -999.9990 -999.9990 -999.9990 -999.9990 -999.9990 -999.9990 -999.9990 2.6702 2.6991 2.7877 2.7926 2.7976 2.8082 2.8516 2.8580 2.8770 -999.9990 -999.9990 -999.9990 -999.9990 2.4759 2.4736 2.4732 2.4731 -999.9990 -999.9990 -999.9990 -999.9990 -999.9990 -999.9990 -999.9990 -999.9990 -999.9990 -999.9990 -999.9990
-999.9990 2.8808 2.8832 2.8854 2.8893 2.8904 2.8935 2.8981 2.9050 2.9065 2.9090 2.9107 -999.9990 -999.9990 -999.9990 2.8953 -999.9990 -999.9990 -999.9990 -999.9990 -999.9990 2.4821 2.4821 2.4821 -999.9990 -999.9990 -999.9990 -999.9990 -999.9990 -999.9990 -999.9990 -999.9990 -999.9990 2.8118 2.8821 2.8999 2.8986 2.9104 2.9104 -999.9990 2.9090 -999.9990 -999.9990 -999.9990 2.4766 2.4760 2.4753 2.4752 -999.9990 -999.9990 -999.9990 -999.9990 -999.9990 -999.9990 -999.9990 -999.9990 -999.9990 -999.9990 -999.9990 -999.9990
