test/DeltaShell.Plugins.DelftModels.HydroModel.Tests/test-data/AcceptanceModels/SOBEK2/Jakarta/14/dm2maxh0.asc
ncols              319
nrows              324
xllcorner        220584.859
yllcorner        795339.977
cellsize            100.000
NODATA_value       -999.9990
[rows 52 to 77 of 324, columns 60 to 119 of 319]
2.5154 2.5284 2.5557 2.5838 2.5809 2.5886 2.6148 2.6167 2.6114 2.5763 2.5635 2.5699 2.5773 2.5780 2.5486 0.8957 0.7556 0.7214 0.6859 0.6786 -999.9990 -999.9990 -999.9990 -999.9990 -999.9990 -999.9990 -999.9990 -999.9990 0.2103 0.2103 -999.9990 0.2103 0.2103 0.2103 0.2103 0.2103 -999.9990 2.9205 2.9208 2.9211 -999.9990 -999.9990 -999.9990 -999.9990 -999.9990 -999.9990 -999.9990 -999.9990 -999.9990 -999.9990 -999.9990 -999.9990 -999.9990 -999.9990 -999.9990 -999.9990 -999.9990 -999.9990 0.4938 0.4950
2.7321 2.5773 2.5813 2.5880 2.6137 2.6162 2.6175 2.6191 2.6211 2.6200 2.6096 2.5954 2.5952 2.5946 2.5935 1.3229 0.9383 -999.9990 -999.9990 -999.9990 -999.9990 -999.9990 -999.9990 -999.9990 -999.9990 -999.9990 -999.9990 -999.9990 -999.9990 0.2103 0.2103 0.2103 0.2103 0.2103 0.2103 0.2103 -999.9990 2.9209 2.9211 2.9213 2.9170 -999.9990 -999.9990 -999.9990 -999.9990 -999.9990 -999.9990 -999.9990 -999.9990 -999.9990 -999.9990 -999.9990 -999.9990 -999.9990 -999.9990 -999.9990 -999.9990 0.5090 0.4987 0.4973
2.8352 2.7540 2.6379 2.6179 2.6271 2.6225 2.6207 2.6209 2.6210 2.6199 2.6162 2.6103 2.6089 2.6059 -999.9990 -999.9990 -999.9990 -999.9990 -999.9990 -999.9990 -999.9990 -999.9990 2.9240 2.9242 2.9243 2.9243 -999.9990 -999.9990 -999.9990 -999.9990 -999.9990 0.2103 -999.9990 -999.9990 -999.9990 0.2103 -999.9990 2.9234 2.9223 2.9216 2.9169 2.9170 -999.9990 -999.9990 -999.9990 -999.9990 -999.9990 -999.9990 -999.9990 -999.9990 -999.9990 -999.9990 -999.9990 -999.9990 -999.9990 0.5670 0.5127 0.5107 0.5019 0.4993
2.8565 2.8447 2.8177 2.7548 2.6357 2.6329 2.6348 2.6309 2.6297 2.6227 2.6183 2.6170 2.6148 2.6141 2.6650 2.7472 2.7893 2.8086 2.8454 2.9058 2.9163 2.9235 2.9239 2.9241 2.9243 2.9244 2.9247 2.9249 2.9250 -999.9990 -999.9990 -999.9990 -999.9990 -999.9990 -999.9990 -999.9990 -999.9990 2.9236 2.9233 2.9217 2.9170 2.9170 2.9170 -999.9990 -999.9990 -999.9990 -999.9990 -999.9990 -999.9990 -999.9990 -999.9990 -999.9990 -999.9990 0.7917 0.7875 0.7600 0.5214 0.5235 0.5126 0.5026
2.8644 2.8649 2.8512 2.8390 2.7677 2.6585 2.6439 2.6406 2.6398 2.6319 2.6356 2.6285 2.6260 2.6297 2.6697 2.7511 2.7936 2.8170 2.8486 2.8999 2.9183 2.9235 2.9237 2.9240 2.9243 2.9245 2.9247 2.9250 2.9251 2.9254 2.9256 2.9256 2.9256 2.9256 2.9255 2.9253 2.9251 2.9245 2.9241 2.9242 -999.9990 2.9170 2.9170 2.9170 -999.9990 -999.9990 -999.9990 -999.9990 -999.9990 -999.9990 -999.9990 -999.9990 -999.9990 0.7944 0.7961 0.8031 0.8205 0.6980 0.6618 0.6659
2.8671 2.8675 2.8658 2.8594 2.8395 2.8206 2.6711 2.6501 2.6468 2.6615 2.6489 2.6531 2.6622 2.6467 -999.9990 2.7574 2.8100 2.8377 2.8580 2.9020 2.9184 2.9228 2.9236 2.9240 2.9242 2.9245 2.9249 2.9250 2.9253 2.9255 2.9256 2.9256 2.9256 2.9256 2.9255 2.9254 2.9252 2.9247 2.9243 2.9241 -999.9990 2.9169 2.9170 2.9169 2.9169 -999.9990 -999.9990 -999.9990 -999.9990 -999.9990 -999.9990 -999.9990 -999.9990 -999.9990 -999.9990 0.8842 0.8368 0.7894 0.7969 0.7984
2.8691 2.8701 2.8696 2.8679 2.8677 2.8686 2.8663 2.8631 2.7016 2.6693 2.6642 2.6611 2.6635 2.6570 2.7612 2.7776 2.8365 2.8544 2.8970 2.9123 2.9204 2.9222 2.9235 2.9238 2.9242 2.9247 2.9250 2.9252 2.9255 2.9255 2.9256 2.9256 2.9257 2.9257 2.9256 2.9254 2.9253 2.9248 2.9243 2.9235 2.9222 2.9168 2.9169 2.9169 2.9169 2.9168 -999.9990 -999.9990 -999.9990 -999.9990 -999.9990 -999.9990 0.9450 0.9283 0.9106 0.8909 0.8821 0.8270 0.8098 0.7988
2.8707 2.8726 2.8756 2.8778 2.8798 2.8842 2.8882 2.8800 2.8679 2.7662 2.6892 2.6790 2.6751 -999.9990 2.8038 2.8221 2.8676 2.8848 2.9009 2.9160 2.9220 2.9223 2.9234 2.9238 2.9243 2.9249 2.9253 2.9254 2.9255 2.9256 2.9258 2.9258 2.9258 2.9257 2.9257 2.9256 2.9255 2.9252 2.9247 2.9234 2.9228 2.9220 2.9165 2.9167 2.9167 2.9165 2.9163 -999.9990 -999.9990 -999.9990 -999.9990 1.9040 1.0121 0.9465 0.9239 0.8987 0.8808 0.8628 0.8510 0.8482
2.8722 2.8745 2.8808 2.8861 2.8877 2.8895 2.8915 2.8901 2.8864 2.8786 2.8513 2.7236 2.7230 2.7698 2.8134 2.8666 2.8848 2.8952 2.9056 2.9221 2.9223 2.9225 2.9233 2.9244 2.9247 2.9252 2.9254 2.9255 2.9255 2.9259 2.9259 2.9260 2.9260 2.9259 2.9258 2.9257 2.9256 2.9255 2.9253 -999.9990 2.9221 2.9174 2.9167 2.9167 2.9166 2.9163 2.9160 2.9154 -999.9990 -999.9990 -999.9990 1.9610 1.1088 0.9970 0.9565 0.8998 0.8844 0.8790 0.8777 -999.9990
2.8753 2.8799 2.8821 2.8888 2.8928 2.8944 2.8950 2.8947 2.8961 2.8952 2.8984 2.8939 2.7297 -999.9990 2.8867 2.8950 2.8993 2.9065 2.9143 2.9219 2.9220 2.9229 2.9233 2.9244 2.9249 2.9254 2.9255 2.9255 2.9258 2.9259 2.9260 2.9261 2.9261 2.9262 2.9262 2.9261 2.9259 2.9257 2.9256 -999.9990 2.9168 2.9168 2.9168 2.9167 2.9166 2.9162 2.9156 2.9143 2.9127 -999.9990 -999.9990 2.3217 1.8762 1.2078 1.1413 1.1201 0.9160 0.9170 0.9130 -999.9990
2.8843 -999.9990 2.8920 2.8937 2.8956 2.8975 2.8982 2.9001 2.8998 2.9002 2.9009 2.9021 2.9041 2.9053 2.9021 2.9035 2.9065 2.9103 2.9188 2.9213 2.9217 2.9234 2.9240 2.9249 2.9251 2.9255 2.9255 2.9257 2.9259 2.9260 2.9262 2.9263 2.9264 2.9264 2.9264 2.9264 2.9263 2.9263 2.9262 2.9264 -999.9990 2.9168 2.9168 2.9167 2.9165 2.9161 2.9155 2.9137 2.9100 2.8945 -999.9990 2.5582 2.5332 1.2569 1.2282 1.2178 0.9985 0.9438 0.9320 0.9331
2.8863 -999.9990 2.8983 2.8980 2.8982 2.8990 2.9001 2.9011 2.9015 2.9019 2.9023 2.9027 2.9039 2.9055 2.9061 2.9081 2.9108 2.9149 2.9189 2.9213 2.9223 2.9237 2.9248 2.9251 2.9251 2.9255 2.9256 2.9262 2.9266 2.9267 2.9265 2.9265 2.9266 2.9266 2.9266 2.9267 2.9266 2.9266 2.9265 2.9264 -999.9990 2.9168 2.9168 2.9166 2.9165 2.9161 2.9155 2.9143 2.9123 2.9074 2.9081 -999.9990 2.1481 1.2826 1.2369 1.2185 1.0683 1.0055 -999.9990 -999.9990
2.9012 2.9019 2.9011 2.9003 2.9006 2.9012 2.9017 2.9023 2.9028 2.9031 2.9031 2.9027 -999.9990 2.9161 2.9172 2.9150 2.9149 2.9176 2.9213 2.9220 2.9232 2.9244 2.9249 2.9252 2.9257 2.9259 2.9262 2.9268 2.9269 2.9269 2.9269 2.9269 2.9269 2.9269 2.9269 2.9269 2.9269 2.9268 2.9269 -999.9990 2.9174 2.9169 2.9169 2.9167 2.9165 2.9161 2.9156 2.9146 2.9135 2.9117 2.9115 -999.9990 -999.9990 1.4114 1.3125 1.2604 1.2564 -999.9990 -999.9990 -999.9990
2.9108 2.9038 2.9029 2.9029 2.9031 2.9030 2.9036 2.9041 2.9047 2.9053 2.9059 2.9066 2.9169 2.9168 2.9177 2.9202 2.9202 2.9203 2.9260 2.9263 2.9247 2.9250 2.9253 2.9256 2.9260 2.9264 2.9268 2.9270 2.9272 2.9274 2.9274 2.9269 2.9270 2.9271 2.9271 2.9271 2.9272 2.9272 2.9271 -999.9990 2.9175 2.9172 2.9170 2.9168 2.9165 2.9162 2.9157 2.9150 2.9142 2.9137 2.9136 2.9139 -999.9990 2.2060 1.3112 1.2751 1.2761 1.2844 -999.9990 -999.9990
2.9105 2.9050 2.9046 2.9049 2.9049 2.9052 2.9057 2.9065 2.9069 2.9069 2.9067 -999.9990 2.9195 2.9196 2.9201 2.9288 2.9319 2.9343 2.9298 2.9288 2.9267 2.9258 2.9259 2.9262 2.9266 2.9271 2.9273 2.9276 2.9277 2.9277 2.9278 2.9279 2.9275 2.9274 2.9274 2.9274 2.9274 2.9275 2.9276 -999.9990 2.9177 2.9176 2.9175 2.9172 2.9169 2.9166 2.9160 2.9153 2.9148 2.9143 2.9140 2.9137 -999.9990 2.2068 2.1531 1.2794 1.2830 1.2842 -999.9990 -999.9990
2.9113 2.9083 2.9090 2.9074 2.9079 2.9092 2.9098 2.9102 2.9100 2.9104 2.9101 2.9214 2.9255 2.9277 2.9319 2.9325 2.9335 2.9346 2.9334 2.9321 2.9291 2.9290 2.9297 2.9290 2.9280 2.9279 2.9279 2.9281 2.9283 2.9282 2.9283 2.9283 2.9280 2.9279 2.9278 2.9278 2.9278 2.9277 2.9277 -999.9990 2.9182 2.9182 2.9182 2.9179 2.9175 2.9171 2.9169 2.9159 2.9153 2.9148 2.9144 2.9142 2.9133 -999.9990 2.2093 2.1480 1.2844 1.2851 -999.9990 -999.9990
2.9269 2.9127 2.9132 2.9132 2.9140 2.9149 2.9152 2.9132 2.9127 2.9138 2.9138 2.9248 2.9281 2.9307 2.9340 2.9343 2.9351 2.9353 2.9350 2.9344 2.9310 2.9311 2.9297 2.9301 2.9294 2.9299 2.9301 2.9294 2.9296 2.9297 2.9292 2.9290 2.9283 2.9283 2.9283 2.9281 2.9279 2.9278 2.9277 -999.9990 2.9187 2.9186 2.9186 2.9184 2.9182 2.9177 2.9173 2.9168 2.9165 2.9162 2.9152 2.9139 2.9123 2.8954 2.3795 2.2050 1.2968 1.2895 -999.9990 -999.9990
2.9365 2.9357 2.9236 2.9250 2.9222 2.9213 2.9215 2.9193 2.9196 2.9192 -999.9990 2.9319 2.9318 2.9328 2.9345 2.9353 2.9356 2.9358 2.9357 2.9353 2.9349 2.9391 2.9358 2.9312 2.9338 2.9319 2.9309 2.9307 2.9302 2.9301 2.9299 2.9296 2.9294 2.9287 2.9287 2.9286 2.9281 2.9281 -999.9990 2.9207 2.9195 2.9193 2.9190 2.9187 2.9184 2.9183 2.9180 2.9174 2.9168 2.9165 2.9161 2.9160 2.9152 2.9139 -999.9990 -999.9990 -999.9990 -999.9990 -999.9990 -999.9990
2.9433 2.9507 2.9415 2.9351 2.9336 2.9310 2.9271 2.9291 2.9296 2.9310 2.9329 2.9332 2.9338 2.9345 2.9353 2.9359 2.9362 2.9364 2.9362 2.9359 2.9431 2.9394 2.9396 2.9363 2.9341 2.9325 2.9320 2.9316 2.9310 2.9307 2.9304 2.9302 2.9297 2.9296 2.9293 2.9293 2.9290 2.9289 -999.9990 2.9215 2.9213 2.9213 2.9211 2.9208 2.9205 2.9199 2.9195 2.9194 2.9192 2.9188 2.9182 2.9173 2.9176 2.9181 -999.9990 -999.9990 -999.9990 1.4367 1.4362 1.4304
2.9517 2.9551 2.9556 2.9445 2.9440 2.9415 2.9392 2.9385 2.9389 2.9394 -999.9990 2.9351 2.9356 2.9361 2.9366 2.9369 2.9372 2.9375 2.9379 2.9387 2.9429 2.9429 2.9398 2.9385 2.9365 2.9364 2.9332 2.9328 2.9319 2.9312 2.9310 2.9308 2.9305 2.9300 2.9299 2.9295 2.9294 2.9291 -999.9990 2.9236 2.9220 2.9220 2.9218 2.9216 2.9215 2.9214 2.9210 2.9203 2.9202 2.9201 2.9199 2.9196 2.9198 2.9204 2.9209 -999.9990 -999.9990 1.4367 1.4367 -999.9990
2.9582 2.9661 2.9678 2.9648 2.9511 2.9479 2.9463 2.9449 2.9435 2.9420 2.9409 2.9374 2.9373 2.9372 2.9372 2.9376 2.9382 2.9389 2.9396 2.9412 2.9433 2.9433 2.9423 2.9414 2.9372 2.9368 2.9351 2.9346 2.9335 2.9337 2.9323 2.9317 2.9316 2.9308 2.9308 2.9311 2.9301 2.9287 2.9259 2.9238 2.9232 2.9229 2.9225 2.9223 2.9221 2.9220 2.9221 2.9215 2.9210 2.9210 2.9210 2.9216 2.9215 2.9215 2.9221 -999.9990 -999.9990 1.4368 1.4373 1.4355
2.9620 2.9723 2.9772 2.9765 2.9581 2.9572 2.9562 2.9529 2.9505 2.9467 2.9418 2.9386 2.9379 2.9378 2.9384 2.9381 2.9394 2.9401 2.9409 2.9423 2.9434 2.9437 2.9436 2.9429 2.9416 2.9377 2.9368 2.9363 2.9362 2.9358 2.9363 2.9352 -999.9990 2.9344 2.9325 2.9318 2.9314 -999.9990 2.9246 2.9242 2.9239 2.9234 2.9231 2.9229 2.9226 2.9225 2.9224 2.9222 2.9219 2.9218 2.9218 2.9220 2.9221 2.9223 2.9226 2.9230 -999.9990 -999.9990 1.4799 1.4760
3.0069 2.9842 2.9825 2.9828 2.9807 2.9719 2.9662 2.9615 2.9583 2.9572 -999.9990 2.9404 2.9393 -999.9990 -999.9990 2.9409 2.9407 2.9411 2.9419 2.9429 2.9439 2.9444 2.9444 2.9443 2.9436 2.9391 2.9382 2.9374 2.9370 2.9364 2.9365 2.9369 2.9366 2.9347 2.9336 2.9327 2.9325 -999.9990 2.9249 2.9243 2.9241 2.9239 2.9235 2.9233 2.9231 2.9229 2.9228 2.9226 2.9226 2.9227 2.9228 2.9229 2.9230 2.9232 2.9232 2.9238 -999.9990 -999.9990 1.4799 1.4800
3.0098 3.0052 2.9990 2.9906 2.9886 2.9853 2.9812 2.9773 2.9762 2.9718 2.9689 2.9650 -999.9990 -999.9990 -999.9990 2.9419 2.9417 2.9419 2.9425 2.9438 2.9450 2.9457 2.9460 2.9457 2.9458 2.9434 2.9381 2.9380 2.9371 2.9370 2.9369 2.9370 2.9366 2.9360 2.9348 2.9338 -999.9990 2.9249 2.9250 2.9246 2.9245 2.9243 2.9238 2.9237 2.9235 2.9234 2.9233 2.9232 2.9231 2.9231 2.9231 2.9233 2.9234 2.9236 2.9238 2.9240 2.9248 -999.9990 -999.9990 1.4988
3.0365 3.0275 3.0200 3.0193 3.0182 2.9989 2.9937 2.9898 2.9832 2.9816 -999.9990 2.9704 -999.9990 -999.9990 -999.9990 -999.9990 2.9424 2.9423 2.9422 2.9448 2.9464 2.9471 2.9469 2.9464 2.9460 2.9457 2.9392 2.9383 2.9380 2.9376 2.9374 2.9373 2.9371 2.9371 2.9361 2.9346 -999.9990 2.9264 2.9249 2.9250 2.9248 2.9245 2.9243 2.9240 2.9238 2.9237 2.9236 2.9236 2.9236 2.9235 2.9236 2.9238 2.9239 2.9241 2.9243 2.9244 2.9255 -999.9990 -999.9990 -999.9990
3.0528 3.0377 3.0308 3.0292 3.0262 3.0121 3.0060 2.9995 2.9934 2.9874 2.9874 2.9786 -999.9990 3.0713 3.0713 3.0713 -999.9990 -999.9990 2.9616 2.9481 2.9485 2.9486 2.9474 2.9468 2.9469 2.9459 2.9435 2.9415 2.9383 2.9381 2.9381 2.9377 2.9374 2.9373 2.9373 -999.9990 2.9279 2.9267 2.9258 2.9252 2.9251 2.9249 2.9247 2.9244 2.9242 2.9241 2.9240 2.9240 2.9239 2.9240 2.9241 2.9243 2.9245 2.9246 2.9248 2.9251 2.9255 2.9267 -999.9990 -999.9990
