test/DeltaShell.Plugins.DelftModels.HydroModel.Tests/test-data/AcceptanceModels/SOBEK2/Jakarta/14/dm2maxh0.asc
ncols              319
nrows              324
xllcorner        220584.859
yllcorner        795339.977
cellsize            100.000
NODATA_value       -999.9990
[rows 78 to 103 of 324, columns 0 to 59 of 319]
-999.9990 -999.9990 -999.9990 -999.9990 -999.9990 -999.9990 -999.9990 -999.9990 -999.9990 -999.9990 -999.9990 -999.9990 -999.9990 -999.9990 -999.9990 -999.9990 -999.9990 -999.9990 -999.9990 -999.9990 -999.9990 -999.9990 -999.9990 -999.9990 -999.9990 -999.9990 -999.9990 -999.9990 -999.9990 -999.9990 -999.9990 -999.9990 -999.9990 3.5655 3.5655 3.5653 3.5650 3.5640 3.5632 3.5302 3.5084 3.5082 -999.9990 -999.9990 -999.9990 -999.9990 -999.9990 -999.9990 -999.9990 -999.9990 -999.9990 -999.9990 -999.9990 3.0651 3.0650 3.0650 3.0650 3.0650 3.0653 3.0699
-999.9990 -999.9990 -999.9990 -999.9990 -999.9990 -999.9990 -999.9990 -999.9990 -999.9990 -999.9990 -999.9990 -999.9990 -999.9990 -999.9990 -999.9990 -999.9990 -999.9990 -999.9990 -999.9990 -999.9990 -999.9990 -999.9990 -999.9990 -999.9990 -999.9990 -999.9990 -999.9990 -999.9990 -999.9990 -999.9990 -999.9990 -999.9990 -999.9990 3.5657 3.5655 3.5653 3.5651 3.5644 3.5643 3.5227 3.5083 3.5068 3.5057 3.5058 -999.9990 -999.9990 -999.9990 -999.9990 -999.9990 -999.9990 -999.9990 -999.9990 -999.9990 -999.9990 -999.9990 -999.9990 -999.9990 3.2274 3.2091 3.0916
-999.9990 -999.9990 -999.9990 -999.9990 -999.9990 -999.9990 -999.9990 -999.9990 -999.9990 -999.9990 -999.9990 -999.9990 -999.9990 -999.9990 -999.9990 -999.9990 -999.9990 -999.9990 -999.9990 -999.9990 -999.9990 -999.9990 -999.9990 -999.9990 -999.9990 -999.9990 -999.9990 -999.9990 -999.9990 -999.9990 -999.9990 -999.9990 3.5710 3.5661 3.5659 3.5656 -999.9990 -999.9990 -999.9990 3.5192 3.5172 3.5086 3.5050 3.5054 3.5068 -999.9990 -999.9990 -999.9990 -999.9990 -999.9990 -999.9990 -999.9990 -999.9990 -999.9990 -999.9990 3.2875 3.2534 3.2285 3.2143 3.1710
-999.9990 -999.9990 -999.9990 -999.9990 -999.9990 -999.9990 -999.9990 -999.9990 -999.9990 -999.9990 -999.9990 -999.9990 -999.9990 -999.9990 -999.9990 -999.9990 -999.9990 -999.9990 -999.9990 -999.9990 -999.9990 -999.9990 -999.9990 -999.9990 -999.9990 -999.9990 -999.9990 -999.9990 -999.9990 3.5795 -999.9990 3.5777 3.5709 3.5701 3.5661 3.5615 3.5514 3.5500 3.5210 3.5223 3.5188 3.5118 3.5006 -999.9990 -999.9990 -999.9990 -999.9990 -999.9990 3.4108 3.4005 3.3929 3.3781 3.3758 3.3752 3.3312 3.2837 3.2533 3.2339 3.2158 3.1765
-999.9990 -999.9990 -999.9990 -999.9990 -999.9990 -999.9990 -999.9990 -999.9990 -999.9990 -999.9990 -999.9990 -999.9990 -999.9990 -999.9990 -999.9990 -999.9990 -999.9990 -999.9990 -999.9990 -999.9990 -999.9990 -999.9990 -999.9990 -999.9990 -999.9990 3.5806 -999.9990 3.5800 3.5796 3.5795 -999.9990 3.5777 3.5752 3.5721 3.5704 -999.9990 3.5514 -999.9990 3.5182 3.5179 3.5179 3.5118 3.5034 3.4999 3.4767 3.4610 3.4463 3.4167 3.4111 3.4043 3.3942 3.3790 3.3703 3.3613 3.3583 3.3465 3.3421 3.3271 3.3266 3.3087
-999.9990 -999.9990 -999.9990 -999.9990 -999.9990 -999.9990 -999.9990 -999.9990 -999.9990 -999.9990 -999.9990 -999.9990 -999.9990 -999.9990 -999.9990 -999.9990 -999.9990 -999.9990 -999.9990 -999.9990 -999.9990 -999.9990 -999.9990 -999.9990 3.5809 3.5806 3.5804 3.5800 3.5795 3.5794 3.5785 3.5772 3.5765 3.5771 -999.9990 -999.9990 -999.9990 -999.9990 3.5179 3.5178 3.5178 3.5031 3.4985 3.4947 3.4607 3.4557 3.4243 3.4147 3.4127 3.4014 3.3919 3.3805 3.3723 3.3610 3.3584 3.3499 3.3434 3.3351 3.3246 3.3167
-999.9990 -999.9990 -999.9990 -999.9990 -999.9990 -999.9990 -999.9990 -999.9990 -999.9990 -999.9990 -999.9990 -999.9990 -999.9990 -999.9990 -999.9990 -999.9990 -999.9990 -999.9990 -999.9990 -999.9990 -999.9990 -999.9990 3.5830 3.5825 3.5811 3.5809 3.5797 3.5796 3.5794 3.5792 3.5789 3.5783 3.5780 3.5778 3.5779 -999.9990 -999.9990 -999.9990 3.5179 3.5179 3.5176 3.5038 3.4981 3.4880 3.4564 3.4467 3.4202 3.4115 3.4056 3.4017 3.3923 3.3827 3.3717 3.3647 3.3607 3.3556 3.3450 3.3415 3.3353 3.3182
-999.9990 -999.9990 -999.9990 -999.9990 -999.9990 -999.9990 -999.9990 -999.9990 -999.9990 -999.9990 -999.9990 -999.9990 -999.9990 -999.9990 -999.9990 -999.9990 -999.9990 -999.9990 3.6023 -999.9990 3.5891 3.5834 3.5827 3.5815 3.5805 3.5798 3.5797 3.5796 3.5794 3.5792 3.5791 3.5787 3.5784 3.5779 3.5775 3.5758 3.5678 3.5577 3.5181 3.5184 3.5164 3.5085 3.4982 3.4863 3.4627 3.4475 3.4194 3.4120 3.4063 3.4015 3.3944 3.3805 3.3724 3.3681 3.3640 3.3623 3.3623 3.3533 3.3384 3.3225
-999.9990 -999.9990 -999.9990 3.8765 -999.9990 -999.9990 -999.9990 -999.9990 -999.9990 -999.9990 -999.9990 -999.9990 -999.9990 -999.9990 -999.9990 -999.9990 -999.9990 -999.9990 3.6023 3.5925 -999.9990 3.5828 3.5815 3.5807 3.5803 3.5797 3.5796 3.5796 3.5794 3.5793 3.5792 3.5789 3.5787 3.5782 3.5773 3.5760 3.5701 3.5532 3.5188 3.5174 3.5162 3.5110 3.5035 3.4889 3.4743 3.4445 3.4222 3.4136 3.4100 3.4021 3.3966 3.3805 3.3726 3.3701 3.3660 3.3645 3.3640 3.3592 3.3495 3.3333
-999.9990 -999.9990 3.8765 3.8765 -999.9990 -999.9990 -999.9990 -999.9990 -999.9990 -999.9990 -999.9990 -999.9990 -999.9990 -999.9990 -999.9990 -999.9990 -999.9990 -999.9990 -999.9990 -999.9990 -999.9990 3.5821 3.5812 3.5806 3.5802 3.5797 3.5796 3.5796 3.5795 3.5794 3.5792 3.5791 3.5789 3.5786 3.5775 3.5772 3.5770 3.5717 3.5185 3.5170 3.5162 3.5124 3.5069 3.4959 3.4785 3.4439 3.4254 3.4216 3.4142 3.4073 3.4007 3.3876 3.3738 3.3704 3.3677 3.3666 3.3655 3.3601 3.3510 3.3403
-999.9990 -999.9990 -999.9990 3.8765 -999.9990 3.8324 -999.9990 3.7318 3.7010 3.6948 -999.9990 -999.9990 -999.9990 -999.9990 -999.9990 -999.9990 -999.9990 -999.9990 -999.9990 -999.9990 -999.9990 3.5821 3.5812 3.5805 3.5798 3.5797 3.5796 3.5796 3.5795 3.5794 3.5794 3.5792 3.5791 3.5788 3.5782 3.5762 3.5677 3.5365 3.5240 3.5170 3.5165 3.5153 3.5107 3.5008 3.4634 3.4518 3.4280 3.4220 3.4215 3.4196 3.4183 3.4139 3.3746 3.3722 3.3703 3.3688 3.3648 3.3562 3.3532 3.3495
-999.9990 -999.9990 -999.9990 -999.9990 -999.9990 -999.9990 -999.9990 -999.9990 -999.9990 -999.9990 -999.9990 -999.9990 -999.9990 -999.9990 -999.9990 -999.9990 -999.9990 -999.9990 -999.9990 -999.9990 -999.9990 -999.9990 -999.9990 -999.9990 3.5798 3.5796 3.5796 3.5796 3.5796 3.5796 3.5795 3.5794 3.5793 3.5789 3.5786 3.5777 3.5708 3.5405 3.5228 3.5176 3.5173 3.5170 3.5103 3.5040 3.4637 3.4571 3.4585 3.4427 3.4302 3.4338 3.4393 3.4198 3.3832 3.3763 3.3716 3.3692 3.3654 3.3591 3.3570 3.3561
-999.9990 -999.9990 -999.9990 -999.9990 -999.9990 -999.9990 -999.9990 -999.9990 -999.9990 -999.9990 -999.9990 -999.9990 -999.9990 -999.9990 -999.9990 -999.9990 -999.9990 -999.9990 -999.9990 -999.9990 -999.9990 -999.9990 -999.9990 -999.9990 3.5798 3.5796 3.5796 3.5796 3.5796 3.5796 3.5796 3.5796 3.5795 3.5799 3.5797 3.5786 3.5723 3.5608 3.5217 3.5184 3.5187 3.5186 3.5202 -999.9990 3.5202 3.4795 3.4712 3.4461 3.4447 3.4427 3.4425 3.4418 3.4273 3.3945 3.3746 3.3713 3.3685 3.3646 3.3599 3.3590
-999.9990 -999.9990 -999.9990 -999.9990 -999.9990 -999.9990 -999.9990 -999.9990 -999.9990 -999.9990 -999.9990 -999.9990 -999.9990 -999.9990 -999.9990 -999.9990 -999.9990 -999.9990 -999.9990 -999.9990 -999.9990 -999.9990 -999.9990 -999.9990 -999.9990 3.5796 3.5796 3.5796 3.5796 3.5796 3.5796 3.5796 3.5800 3.5804 3.5834 3.5846 -999.9990 3.6351 3.5602 3.5376 3.5297 3.5265 3.5216 3.5225 3.5224 -999.9990 3.6849 3.4590 3.4654 3.4708 3.4604 3.4490 3.4348 3.4185 3.3839 3.3773 3.3761 3.3737 3.3682 3.3658
-999.9990 -999.9990 -999.9990 -999.9990 -999.9990 -999.9990 -999.9990 -999.9990 -999.9990 -999.9990 -999.9990 -999.9990 -999.9990 -999.9990 -999.9990 -999.9990 -999.9990 -999.9990 -999.9990 -999.9990 -999.9990 -999.9990 -999.9990 -999.9990 -999.9990 3.5796 3.5796 3.5796 3.5796 3.5796 3.5796 3.5795 3.5797 3.5812 3.5858 3.6033 3.7929 3.8142 3.8972 -999.9990 3.8715 3.7734 3.7689 3.6174 -999.9990 3.8096 3.7432 3.5841 3.5128 3.5185 3.5170 3.4669 3.4697 3.4317 3.4108 3.3837 3.3821 3.3823 3.3808 3.3743
-999.9990 -999.9990 -999.9990 -999.9990 -999.9990 -999.9990 -999.9990 -999.9990 -999.9990 -999.9990 -999.9990 -999.9990 -999.9990 -999.9990 -999.9990 -999.9990 -999.9990 -999.9990 -999.9990 -999.9990 -999.9990 -999.9990 -999.9990 -999.9990 -999.9990 -999.9990 3.5796 3.5796 3.5796 3.5796 3.5796 3.6630 3.6603 3.6458 3.7520 3.8287 3.8517 3.8799 3.9010 3.8918 3.8778 3.8523 3.9035 3.9466 -999.9990 3.9596 3.9426 3.6637 3.5467 3.5614 3.5490 3.5874 3.5780 3.5203 3.5720 3.3998 3.3910 3.3893 3.3923 3.4125
-999.9990 -999.9990 -999.9990 -999.9990 -999.9990 -999.9990 -999.9990 -999.9990 -999.9990 -999.9990 -999.9990 -999.9990 -999.9990 -999.9990 -999.9990 -999.9990 -999.9990 -999.9990 -999.9990 -999.9990 -999.9990 -999.9990 -999.9990 -999.9990 -999.9990 -999.9990 4.1174 4.2468 4.0526 -999.9990 -999.9990 4.0719 4.0070 3.9420 3.8694 3.9285 3.9306 3.9337 3.9063 3.9022 3.9344 4.1828 4.1882 4.1518 4.1932 4.0283 3.9451 -999.9990 3.6036 3.5857 3.5847 3.5874 3.5835 3.5986 3.8276 3.7079 3.4773 3.4656 3.4772 3.6446
-999.9990 -999.9990 -999.9990 -999.9990 -999.9990 -999.9990 -999.9990 -999.9990 -999.9990 -999.9990 -999.9990 -999.9990 -999.9990 -999.9990 -999.9990 -999.9990 -999.9990 -999.9990 -999.9990 -999.9990 -999.9990 -999.9990 -999.9990 -999.9990 -999.9990 -999.9990 -999.9990 4.4164 4.2124 4.0753 -999.9990 4.0747 4.0672 -999.9990 4.0549 4.0184 3.9875 3.9580 3.9487 4.2013 4.3289 4.5511 4.4057 4.2888 4.2412 4.0419 3.9449 3.9458 3.6056 3.5995 3.5998 3.5968 3.5923 3.8928 4.0877 4.0385 4.0256 3.8836 3.7696 3.7600
-999.9990 -999.9990 -999.9990 -999.9990 -999.9990 -999.9990 -999.9990 -999.9990 -999.9990 -999.9990 -999.9990 -999.9990 -999.9990 -999.9990 -999.9990 -999.9990 -999.9990 -999.9990 -999.9990 -999.9990 -999.9990 -999.9990 -999.9990 -999.9990 -999.9990 -999.9990 -999.9990 4.6325 4.4539 4.3299 -999.9990 4.0745 4.0705 4.0719 4.0629 4.0742 4.0743 4.1502 4.3514 4.6367 4.6918 4.6559 4.6196 4.5209 4.3606 4.0896 4.0862 3.8691 3.6095 3.6078 3.6076 3.6039 3.7453 4.1630 4.1695 4.1694 4.1000 4.0432 3.9840 3.7972
-999.9990 -999.9990 -999.9990 -999.9990 -999.9990 -999.9990 -999.9990 -999.9990 -999.9990 -999.9990 -999.9990 -999.9990 -999.9990 -999.9990 -999.9990 -999.9990 -999.9990 -999.9990 -999.9990 -999.9990 -999.9990 -999.9990 -999.9990 -999.9990 -999.9990 -999.9990 -999.9990 4.6327 4.6318 -999.9990 4.1279 4.0757 4.1115 4.1537 4.1590 4.1088 4.1017 4.2180 4.3683 4.5804 4.9020 4.8014 4.7172 4.9176 -999.9990 4.4083 4.3360 4.2363 3.6104 3.6113 3.6122 3.6392 4.0176 4.2782 4.2528 4.2049 4.1539 4.0581 3.9932 3.9322
-999.9990 -999.9990 -999.9990 -999.9990 -999.9990 -999.9990 -999.9990 -999.9990 -999.9990 -999.9990 -999.9990 -999.9990 -999.9990 -999.9990 -999.9990 -999.9990 -999.9990 -999.9990 -999.9990 -999.9990 -999.9990 -999.9990 -999.9990 -999.9990 -999.9990 -999.9990 -999.9990 4.7901 -999.9990 -999.9990 4.5015 4.3276 4.4104 4.3151 4.3165 4.3448 4.4580 4.3918 4.4288 4.8767 5.1143 5.0095 5.0054 4.9898 4.9686 4.6239 4.5993 4.5694 3.6915 3.6779 3.7069 3.9581 4.1743 4.3002 4.3022 4.2735 4.1558 4.1011 4.0242 4.2317
-999.9990 -999.9990 -999.9990 -999.9990 -999.9990 -999.9990 -999.9990 -999.9990 -999.9990 -999.9990 -999.9990 -999.9990 -999.9990 -999.9990 -999.9990 -999.9990 -999.9990 -999.9990 -999.9990 -999.9990 -999.9990 -999.9990 -999.9990 -999.9990 -999.9990 -999.9990 -999.9990 4.7901 -999.9990 -999.9990 4.5370 4.6625 4.5663 4.5608 4.5095 4.5250 4.5052 4.4978 4.7142 5.1549 5.1223 5.0962 5.0760 5.0321 5.0221 4.8418 4.8786 4.7276 -999.9990 4.5020 -999.9990 4.6897 4.4148 4.3861 4.3502 4.2615 4.1549 4.1217 4.0559 4.3588
-999.9990 -999.9990 -999.9990 -999.9990 -999.9990 -999.9990 -999.9990 -999.9990 -999.9990 -999.9990 -999.9990 -999.9990 -999.9990 -999.9990 -999.9990 -999.9990 -999.9990 -999.9990 -999.9990 -999.9990 -999.9990 -999.9990 -999.9990 -999.9990 -999.9990 -999.9990 -999.9990 4.9005 -999.9990 4.8438 4.7344 4.6779 4.6749 4.6831 4.6019 4.5898 4.5975 4.9648 -999.9990 5.1567 5.1538 5.1552 5.1364 5.3961 5.4002 5.3385 5.3317 4.9085 -999.9990 5.1166 4.9759 4.7842 4.5339 4.4240 4.4061 4.4075 4.3668 4.1307 4.2072 4.3956
-999.9990 -999.9990 -999.9990 -999.9990 -999.9990 -999.9990 -999.9990 -999.9990 -999.9990 -999.9990 -999.9990 -999.9990 -999.9990 -999.9990 -999.9990 -999.9990 -999.9990 -999.9990 -999.9990 -999.9990 -999.9990 -999.9990 -999.9990 -999.9990 -999.9990 -999.9990 -999.9990 4.9262 4.9037 4.8863 4.9110 4.8406 4.8227 4.7867 4.7870 4.6480 4.6336 5.1562 -999.9990 5.1574 5.1580 5.1697 -999.9990 -999.9990 5.4754 5.5035 5.4676 -999.9990 -999.9990 5.1088 5.0544 4.8524 4.5994 4.6097 -999.9990 4.4056 4.3957 4.3915 4.3958 4.4120
-999.9990 -999.9990 -999.9990 -999.9990 -999.9990 -999.9990 -999.9990 -999.9990 -999.9990 -999.9990 -999.9990 -999.9990 -999.9990 -999.9990 -999.9990 -999.9990 -999.9990 -999.9990 -999.9990 -999.9990 -999.9990 -999.9990 -999.9990 -999.9990 -999.9990 4.9278 4.9278 4.9265 4.9307 4.9807 4.9678 4.9389 4.9463 4.9337 4.8635 4.9095 4.9690 5.1496 5.1873 5.2303 5.2857 5.2383 5.2590 5.3372 5.5130 5.5683 5.5265 5.4361 5.3785 5.1969 5.1336 5.0032 -999.9990 -999.9990 -999.9990 4.4088 4.4117 4.4235 4.4351 4.4389
-999.9990 -999.9990 -999.9990 -999.9990 -999.9990 -999.9990 -999.9990 -999.9990 -999.9990 -999.9990 -999.9990 -999.9990 -999.9990 -999.9990 -999.9990 -999.9990 -999.9990 -999.9990 -999.9990 -999.9990 -999.9990 -999.9990 -999.9990 -999.9990 4.9278 4.9278 4.9279 4.9267 -999.9990 5.1301 5.1523 5.1620 5.1356 5.0584 5.0512 -999.9990 5.1711 5.1743 5.1915 5.5011 5.8936 6.0503 5.2622 -999.9990 -999.9990 5.5896 5.5878 -999.9990 5.4746 5.4296 5.2709 -999.9990 -999.9990 -999.9990 -999.9990 -999.9990 -999.9990 4.4446 4.4454 4.4514
