test/DeltaShell.Plugins.DelftModels.HydroModel.Tests/test-data/AcceptanceModels/SOBEK2/Jakarta/14/dm2maxh0.asc
ncols              319
nrows              324
xllcorner        220584.859
yllcorner        795339.977
cellsize            100.000
NODATA_value       -999.9990
[rows 78 to 103 of 324, columns 60 to 119 of 319]
3.0686 3.0545 3.0371 3.0361 3.0397 3.0329 3.0159 3.0090 3.0063 -999.9990 2.9877 -999.9990 3.0715 3.0713 3.0713 3.0713 3.0713 -999.9990 2.9656 2.9504 2.9515 2.9515 2.9514 2.9501 2.9492 2.9479 2.9458 2.9436 2.9402 2.9382 2.9382 2.9380 2.9378 2.9376 2.9376 -999.9990 2.9277 2.9275 2.9259 2.9254 2.9253 2.9251 2.9249 2.9246 2.9245 2.9244 2.9243 2.9242 2.9243 2.9243 2.9246 2.9248 2.9250 2.9252 2.9254 2.9257 2.9259 2.9267 2.9291 -999.9990
3.1024 3.1148 -999.9990 3.1168 3.0942 3.0907 3.0356 3.0301 3.0325 3.0364 3.0425 -999.9990 3.0715 3.0714 3.0713 3.0712 3.0712 -999.9990 2.9645 2.9592 2.9568 2.9564 2.9586 2.9612 2.9576 2.9505 2.9474 2.9445 2.9433 2.9413 2.9390 2.9390 2.9385 2.9378 2.9377 2.9350 2.9304 2.9277 2.9269 2.9267 2.9255 2.9253 2.9251 2.9249 2.9247 2.9246 2.9246 2.9247 2.9248 2.9249 2.9250 2.9253 2.9254 2.9256 2.9258 2.9261 2.9264 2.9267 2.9309 -999.9990
3.1240 3.1235 3.1256 3.1168 3.1070 3.1072 -999.9990 -999.9990 -999.9990 3.0393 3.0521 3.0711 3.0719 3.0714 3.0712 3.0710 3.0702 3.0185 2.9673 2.9670 2.9648 2.9634 2.9635 2.9642 2.9616 2.9605 2.9477 2.9468 2.9469 -999.9990 -999.9990 2.9420 2.9414 2.9417 2.9383 2.9377 2.9366 2.9353 2.9305 2.9273 2.9259 2.9256 2.9254 2.9252 2.9251 2.9250 2.9249 2.9252 2.9253 2.9255 2.9256 2.9257 2.9258 2.9259 2.9262 2.9262 2.9270 -999.9990 2.9331 2.9405
3.1564 3.1255 3.1260 3.1192 3.1146 3.1117 3.1124 3.1121 -999.9990 3.0927 3.0843 3.0791 3.0727 3.0724 3.0717 3.0717 -999.9990 2.9943 2.9770 2.9737 2.9720 2.9717 2.9689 2.9670 2.9652 2.9598 2.9509 2.9492 2.9472 2.9472 2.9466 2.9450 2.9439 2.9455 2.9404 2.9397 2.9387 2.9384 2.9349 2.9302 2.9280 2.9263 2.9260 2.9259 2.9257 2.9256 2.9263 2.9258 2.9259 2.9259 2.9260 2.9261 2.9263 2.9263 2.9264 2.9265 2.9270 -999.9990 2.9532 2.9534
3.2999 3.2634 3.1278 3.1195 3.1152 3.1152 3.1116 3.1106 3.1078 3.0931 3.0889 3.0901 3.0775 3.0754 3.0690 -999.9990 3.0253 2.9923 2.9881 2.9841 2.9788 2.9783 2.9745 2.9721 2.9681 2.9661 2.9647 -999.9990 2.9473 2.9472 2.9470 2.9466 2.9478 2.9442 2.9427 2.9406 2.9402 2.9401 2.9392 2.9349 2.9315 2.9272 2.9266 2.9263 2.9263 2.9261 2.9264 2.9263 2.9263 2.9264 2.9264 2.9265 2.9267 2.9268 2.9269 2.9271 2.9272 2.9275 2.9535 2.9541
3.3137 3.3137 3.2709 3.1981 -999.9990 3.1636 3.1576 3.1131 3.1059 3.0937 3.0920 3.0903 3.0912 -999.9990 3.0493 3.0321 3.0242 3.0099 2.9995 2.9936 2.9883 2.9829 2.9807 2.9793 2.9786 -999.9990 -999.9990 -999.9990 2.9473 2.9472 2.9471 2.9470 2.9500 2.9442 2.9433 2.9413 2.9411 2.9408 2.9404 2.9403 2.9342 2.9296 2.9293 2.9282 2.9276 2.9276 2.9267 2.9267 2.9267 2.9267 2.9268 2.9269 2.9269 2.9271 2.9271 2.9272 2.9273 2.9273 -999.9990 2.9615
3.3162 3.3127 3.3030 -999.9990 -999.9990 -999.9990 -999.9990 3.1119 3.1030 3.0958 3.0926 3.0901 3.0807 3.0673 3.0539 3.0435 3.0349 3.0277 3.0179 2.9989 2.9933 2.9886 2.9874 2.9865 2.9875 -999.9990 -999.9990 -999.9990 2.9475 2.9472 2.9472 -999.9990 2.9497 2.9485 2.9475 2.9452 2.9426 2.9408 2.9405 2.9403 2.9371 2.9343 2.9300 2.9295 2.9286 2.9286 2.9282 2.9277 2.9274 2.9274 2.9273 2.9273 2.9273 2.9273 2.9273 2.9273 2.9274 -999.9990 2.9640 2.9630
3.3216 3.3190 3.3144 -999.9990 -999.9990 -999.9990 3.1173 3.1173 -999.9990 3.0945 3.0939 3.0890 3.0802 3.0722 3.0589 3.0474 3.0408 3.0345 3.0257 3.0179 3.0080 3.0041 2.9977 2.9951 2.9919 -999.9990 -999.9990 -999.9990 2.9523 -999.9990 2.9473 -999.9990 2.9497 2.9494 2.9490 2.9491 2.9448 2.9443 2.9407 2.9397 2.9391 2.9371 2.9300 2.9299 2.9291 2.9288 2.9285 2.9282 2.9279 2.9278 2.9276 2.9276 2.9275 2.9275 2.9275 2.9274 2.9274 -999.9990 2.9640 2.9637
3.3282 3.3248 3.3242 -999.9990 -999.9990 -999.9990 -999.9990 3.2541 3.1328 3.1075 3.0980 3.0924 3.0854 3.0755 3.0661 3.0520 3.0420 3.0359 3.0298 3.0246 3.0164 3.0126 3.0120 3.0085 3.0098 -999.9990 -999.9990 2.9958 2.9795 2.9744 2.9717 2.9673 2.9557 2.9498 2.9496 2.9494 2.9489 -999.9990 2.9530 -999.9990 2.9409 2.9366 2.9338 2.9305 2.9297 2.9294 2.9291 2.9286 2.9284 2.9281 2.9280 2.9278 2.9278 2.9277 2.9276 2.9275 2.9275 -999.9990 2.9640 2.9641
3.3314 3.3272 3.3237 3.3210 3.3144 3.3098 3.3001 3.2684 3.1572 3.1104 3.1012 3.0967 3.0895 3.0776 3.0716 3.0614 3.0497 3.0395 3.0341 3.0287 3.0222 3.0134 3.0129 3.0115 3.0097 3.0067 3.0017 2.9968 2.9848 2.9804 2.9725 2.9693 2.9648 2.9550 2.9520 2.9510 2.9513 2.9533 2.9533 -999.9990 2.9434 2.9424 2.9391 2.9322 2.9311 2.9301 2.9295 2.9292 2.9285 2.9284 2.9282 2.9280 2.9280 2.9279 2.9278 2.9277 -999.9990 2.9648 2.9645 2.9645
3.3434 3.3257 3.3235 3.3212 3.3156 3.3128 3.3088 3.3027 -999.9990 3.1079 3.1025 3.1007 3.1000 3.1409 3.0904 3.0774 3.0613 3.0464 3.0427 3.0369 3.0309 3.0124 3.0128 3.0119 3.0109 3.0101 3.0013 2.9997 2.9935 2.9855 2.9719 2.9704 2.9699 2.9655 2.9550 2.9552 2.9555 2.9555 -999.9990 2.9616 2.9613 2.9510 2.9406 2.9362 2.9329 2.9316 2.9301 2.9296 2.9289 2.9286 2.9284 2.9282 2.9281 2.9280 2.9279 2.9279 -999.9990 2.9649 2.9648 2.9648
3.3515 3.3411 3.3307 3.3218 3.3220 3.3152 3.3154 3.3163 3.3173 3.3147 3.2837 3.1131 3.1130 3.1366 3.1288 3.1018 3.0659 3.0523 3.0478 3.0467 3.0453 -999.9990 3.0128 3.0125 3.0117 3.0085 3.0022 3.0011 2.9995 -999.9990 2.9706 2.9703 2.9699 2.9674 2.9644 2.9605 2.9602 2.9600 2.9627 2.9629 2.9628 2.9612 -999.9990 2.9412 2.9362 2.9339 2.9320 2.9301 2.9293 2.9288 2.9286 2.9284 2.9283 2.9282 2.9281 2.9596 2.9652 2.9651 2.9651 2.9650
3.3581 3.3580 3.3610 3.3343 3.3296 3.3234 3.3217 3.3212 3.3191 -999.9990 -999.9990 -999.9990 3.1956 3.1572 3.1551 3.1453 3.1430 -999.9990 3.0497 3.0448 3.0534 3.0605 3.0158 3.0135 3.0126 3.0094 3.0037 3.0014 3.0007 -999.9990 2.9699 2.9691 2.9684 2.9663 2.9645 2.9639 2.9629 2.9630 2.9630 2.9630 2.9628 2.9619 2.9604 2.9536 2.9441 2.9386 2.9349 2.9322 2.9297 2.9290 2.9287 2.9287 2.9286 2.9285 2.9283 -999.9990 2.9652 2.9652 2.9652 2.9652
3.3653 3.3661 3.3791 -999.9990 3.4003 3.3413 3.3272 3.3285 -999.9990 -999.9990 -999.9990 3.2707 3.2450 3.2398 3.2100 3.1818 -999.9990 -999.9990 3.1150 3.0899 3.0783 3.0710 3.0540 3.0279 3.0168 3.0127 3.0099 3.0010 3.0001 2.9938 2.9937 2.9681 2.9679 2.9660 2.9646 2.9640 2.9632 2.9631 2.9631 2.9630 2.9629 2.9624 2.9611 2.9566 2.9490 2.9418 2.9366 2.9340 2.9301 2.9290 2.9288 2.9287 2.9287 2.9287 -999.9990 2.9654 2.9653 2.9653 2.9653 2.9653
3.3737 3.3836 3.3926 3.4281 3.4070 3.3820 3.3556 3.3582 3.3836 -999.9990 -999.9990 3.2742 3.2654 3.2556 3.2438 -999.9990 -999.9990 -999.9990 3.1339 3.1193 3.1026 3.0911 3.0828 3.0645 3.0379 3.0240 3.0118 3.0095 2.9992 2.9962 2.9963 -999.9990 -999.9990 -999.9990 -999.9990 -999.9990 2.9631 2.9632 2.9631 2.9631 2.9630 2.9628 2.9621 2.9607 2.9546 2.9465 2.9429 2.9342 2.9299 2.9291 2.9289 2.9289 2.9288 2.9287 2.9623 2.9654 2.9654 2.9654 2.9654 2.9653
3.4131 3.5437 3.4638 3.4600 3.4375 3.4126 3.3950 3.3948 3.3922 3.3881 3.3326 3.2737 3.2727 3.2725 -999.9990 -999.9990 -999.9990 -999.9990 3.1492 3.1539 3.1442 3.1277 3.1028 3.0754 3.0483 3.0390 3.0242 3.0147 3.0005 2.9970 2.9965 2.9960 2.9955 2.9952 -999.9990 -999.9990 2.9631 2.9632 2.9632 2.9632 2.9632 2.9633 2.9640 2.9698 2.9639 2.9639 -999.9990 2.9594 2.9295 2.9292 2.9291 2.9290 2.9290 2.9629 2.9654 2.9654 2.9654 2.9654 2.9654 2.9654
3.7443 3.6649 3.5851 3.5179 3.4723 3.4259 3.4139 3.4017 3.4013 3.3999 3.3002 3.2823 3.2749 3.2725 3.2715 3.2493 3.2385 3.1942 3.1756 3.1646 3.1476 3.1368 3.1164 3.0843 3.0550 3.0439 3.0299 3.0127 3.0030 2.9978 2.9964 2.9958 2.9951 2.9949 2.9941 2.9939 -999.9990 -999.9990 -999.9990 2.9633 2.9633 2.9634 2.9643 2.9710 2.9680 2.9658 2.9656 2.9631 2.9295 2.9293 2.9292 2.9292 2.9289 2.9646 2.9653 2.9655 2.9655 2.9655 2.9655 2.9655
3.7405 3.7080 3.6029 3.5497 3.4924 3.4889 3.4309 3.4015 3.4015 3.3874 3.3071 3.2945 3.2807 3.2719 3.2655 3.2540 3.2390 3.2195 3.1887 3.1742 3.1535 3.1396 3.1271 3.0949 3.0741 3.0566 3.0521 3.0091 3.0043 2.9979 2.9961 2.9953 2.9948 2.9944 2.9938 2.9935 2.9933 2.9932 2.9930 -999.9990 -999.9990 -999.9990 -999.9990 2.9908 -999.9990 -999.9990 -999.9990 2.9300 2.9299 2.9300 2.9304 2.9302 2.9645 2.9655 2.9656 2.9656 2.9655 2.9655 2.9655 2.9655
3.7426 3.7326 -999.9990 3.9164 4.0364 4.1279 3.7447 3.4923 3.3880 3.3848 3.3634 -999.9990 3.2813 3.2720 3.2667 3.2622 3.2469 3.2228 3.1965 3.1788 3.1628 3.1495 3.1296 3.1067 3.0998 3.1026 -999.9990 3.0089 3.0087 2.9976 2.9953 2.9950 2.9945 2.9943 2.9936 2.9934 2.9932 2.9930 2.9927 2.9926 2.9925 2.9925 2.9925 2.9915 2.9915 2.9915 2.9915 -999.9990 -999.9990 -999.9990 -999.9990 -999.9990 2.9909 2.9662 2.9659 2.9657 2.9656 2.9656 2.9656 2.9656
3.8709 3.8491 -999.9990 -999.9990 4.1450 4.1651 4.0131 -999.9990 3.3894 -999.9990 -999.9990 -999.9990 3.3101 3.2761 3.2721 3.2678 3.2488 3.2246 3.2073 3.1867 3.1723 3.1592 3.1471 3.1493 -999.9990 -999.9990 -999.9990 -999.9990 2.9958 2.9949 2.9948 2.9947 2.9943 2.9939 2.9936 2.9933 2.9931 2.9929 2.9928 2.9926 2.9925 2.9924 2.9923 2.9918 2.9915 2.9915 2.9915 2.9915 2.9915 2.9915 -999.9990 -999.9990 -999.9990 2.9665 2.9664 2.9666 2.9662 2.9658 -999.9990 -999.9990
-999.9990 -999.9990 -999.9990 -999.9990 4.1830 4.1773 4.0949 3.7855 3.3894 3.3894 -999.9990 3.3381 3.3060 3.2919 3.2910 3.2738 3.2552 3.2274 3.2131 3.2003 3.1917 -999.9990 -999.9990 -999.9990 -999.9990 -999.9990 -999.9990 -999.9990 -999.9990 2.9946 2.9946 2.9945 2.9942 2.9938 2.9935 2.9932 2.9930 2.9929 2.9927 2.9926 2.9926 2.9924 2.9924 2.9909 2.9915 2.9915 2.9915 2.9915 2.9915 2.9915 -999.9990 -999.9990 2.9908 2.9673 2.9677 2.9675 2.9670 -999.9990 -999.9990 -999.9990
-999.9990 4.3647 -999.9990 4.2866 4.1951 4.1698 4.0896 3.9639 3.3894 -999.9990 -999.9990 3.3362 3.3186 3.3171 3.3057 3.2996 3.2574 3.2396 3.2227 3.2147 3.2148 -999.9990 -999.9990 -999.9990 -999.9990 -999.9990 -999.9990 -999.9990 2.9945 2.9945 2.9945 2.9945 2.9943 2.9937 2.9935 2.9931 2.9930 2.9928 2.9927 2.9926 2.9925 2.9924 2.9922 2.9918 2.9916 2.9916 2.9916 2.9915 2.9915 2.9914 2.9911 2.9849 2.9760 2.9693 2.9684 2.9683 2.9684 -999.9990 -999.9990 2.9664
4.3781 4.3647 4.3088 4.2944 4.2327 4.1886 4.0931 4.0437 4.0001 3.4122 3.3699 3.3448 3.3411 3.3402 3.3311 3.2981 3.2789 3.2524 3.2453 3.2459 -999.9990 -999.9990 -999.9990 -999.9990 -999.9990 -999.9990 -999.9990 -999.9990 -999.9990 2.9945 2.9945 2.9945 2.9945 2.9936 2.9932 2.9931 2.9930 2.9928 2.9927 2.9926 2.9925 2.9923 2.9920 2.9918 2.9917 2.9916 2.9916 2.9916 2.9915 2.9913 2.9907 2.9889 -999.9990 2.9690 2.9687 2.9685 -999.9990 -999.9990 -999.9990 2.9664
-999.9990 4.3740 4.3165 4.3133 4.2767 4.2346 4.0852 3.8612 3.7221 3.5599 3.3689 3.3701 3.3680 3.3610 3.3418 3.3056 3.2933 3.2693 3.2698 -999.9990 -999.9990 -999.9990 -999.9990 -999.9990 -999.9990 -999.9990 -999.9990 -999.9990 -999.9990 2.9945 2.9945 2.9945 -999.9990 -999.9990 2.9931 2.9931 2.9930 2.9928 2.9928 2.9926 2.9923 2.9921 2.9920 2.9919 2.9918 2.9917 2.9917 2.9916 2.9915 2.9914 2.9913 2.9913 -999.9990 3.0068 2.9690 -999.9990 -999.9990 -999.9990 -999.9990 -999.9990
-999.9990 4.4475 4.3900 4.3341 4.3095 4.2822 4.1795 4.1720 4.1919 3.7067 3.5512 3.3839 3.3846 3.3762 3.3615 3.3251 3.3016 3.2867 3.2853 -999.9990 -999.9990 -999.9990 -999.9990 -999.9990 -999.9990 -999.9990 -999.9990 -999.9990 -999.9990 2.9945 2.9945 2.9945 -999.9990 -999.9990 2.9931 2.9931 2.9931 2.9928 2.9927 2.9925 2.9923 2.9921 2.9920 2.9920 2.9919 2.9918 2.9918 2.9917 2.9916 2.9915 2.9915 -999.9990 -999.9990 2.9708 2.9705 -999.9990 -999.9990 -999.9990 -999.9990 -999.9990
4.4529 4.4510 4.4465 4.3557 4.3511 4.3374 4.2846 4.2825 4.2001 4.1996 3.4203 3.3930 3.3956 3.3991 3.4033 3.3986 3.3369 -999.9990 -999.9990 -999.9990 -999.9990 -999.9990 -999.9990 -999.9990 -999.9990 -999.9990 -999.9990 -999.9990 -999.9990 -999.9990 2.9945 2.9945 -999.9990 -999.9990 -999.9990 2.9931 2.9931 -999.9990 2.9926 2.9925 2.9923 2.9922 2.9920 2.9920 2.9919 2.9919 2.9918 2.9918 2.9917 2.9916 2.9916 -999.9990 -999.9990 2.9709 -999.9990 -999.9990 -999.9990 -999.9990 -999.9990 -999.9990
