test/DeltaShell.Plugins.DelftModels.HydroModel.Tests/test-data/AcceptanceModels/SOBEK2/Jakarta/14/dm2tmaxd.asc
ncols              319
nrows              324
xllcorner        220584.859
yllcorner        795339.977
cellsize            100.000
NODATA_value       -999.9990
[rows 29 to 57 of 324, columns 198 to 263 of 319]
-999.9990 -999.9990 -999.9990 -999.9990 -999.9990 0.0000 0.0000 0.0000 0.0000 0.0000 0.0000 0.0000 0.0000 0.0000 0.0000 0.0000 0.0000 -999.9990 -999.9990 -999.9990 -999.9990 -999.9990 -999.9990 -999.9990 -999.9990 -999.9990 -999.9990 -999.9990 -999.9990 -999.9990 -999.9990 -999.9990 -999.9990 -999.9990 -999.9990 -999.9990 54.5000 0.0000 54.0000 54.0000 54.0000 54.0000 54.0000 53.7500 53.7500 51.7500 50.2500 50.2500 50.2500 50.2500 50.2500 0.0000 0.0000 0.0000 0.0000 0.0000 30.2500 0.0000 0.0000 0.0000 0.0000 15.5000 0.0000 0.0000 0.0000 14.5000
-999.9990 -999.9990 -999.9990 -999.9990 0.0000 0.0000 0.0000 0.0000 0.0000 0.0000 0.0000 0.0000 0.0000 0.0000 0.0000 0.0000 0.0000 0.0000 -999.9990 -999.9990 -999.9990 -999.9990 -999.9990 -999.9990 -999.9990 -999.9990 -999.9990 -999.9990 -999.9990 -999.9990 -999.9990 -999.9990 -999.9990 -999.9990 -999.9990 54.5000 54.5000 0.0000 54.0000 54.0000 54.0000 54.0000 54.0000 54.0000 54.0000 53.7500 50.2500 50.2500 50.2500 50.2500 50.0000 0.0000 0.0000 0.0000 0.0000 0.0000 30.2500 30.2500 30.2500 15.7500 15.5000 15.5000 15.2500 0.0000 0.0000 15.2500
-999.9990 -999.9990 -999.9990 0.0000 0.0000 0.0000 0.0000 0.0000 0.0000 0.0000 0.0000 0.0000 0.0000 0.0000 0.0000 0.0000 0.0000 0.0000 0.0000 -999.9990 -999.9990 -999.9990 -999.9990 -999.9990 -999.9990 -999.9990 -999.9990 -999.9990 -999.9990 -999.9990 -999.9990 -999.9990 -999.9990 -999.9990 0.0000 54.5000 54.5000 54.5000 0.0000 54.0000 54.0000 54.0000 54.0000 54.0000 54.0000 54.0000 0.0000 44.2500 45.0000 45.2500 43.5000 0.0000 0.0000 0.0000 0.0000 0.0000 0.0000 0.0000 16.0000 15.5000 15.5000 15.0000 15.0000 0.0000 15.0000 15.2500
-999.9990 0.0000 0.0000 0.0000 0.0000 0.0000 0.0000 0.0000 0.0000 0.0000 0.0000 0.0000 0.0000 0.0000 0.0000 0.0000 0.0000 0.0000 0.0000 0.0000 0.0000 -999.9990 -999.9990 -999.9990 -999.9990 -999.9990 -999.9990 -999.9990 -999.9990 -999.9990 -999.9990 -999.9990 -999.9990 0.0000 0.0000 54.7500 54.5000 54.5000 54.5000 0.0000 54.0000 54.0000 54.0000 54.0000 54.0000 54.0000 0.0000 43.7500 44.0000 43.5000 43.2500 41.7500 41.7500 41.7500 41.7500 0.0000 0.0000 0.0000 0.0000 15.2500 15.5000 14.2500 14.2500 14.5000 14.5000 15.2500
0.0000 0.0000 0.0000 0.0000 0.0000 0.0000 0.0000 0.0000 0.0000 0.0000 0.0000 0.0000 0.0000 0.0000 0.0000 0.0000 0.0000 0.0000 0.0000 0.0000 0.0000 0.0000 -999.9990 -999.9990 -999.9990 -999.9990 -999.9990 -999.9990 -999.9990 -999.9990 -999.9990 0.0000 0.0000 0.0000 0.0000 54.7500 54.7500 54.5000 54.2500 54.2500 54.0000 54.0000 54.0000 54.0000 54.0000 54.0000 0.0000 41.7500 43.2500 43.0000 41.7500 41.7500 41.7500 41.7500 41.7500 0.0000 19.2500 0.0000 0.0000 14.5000 14.2500 14.2500 14.2500 14.2500 0.0000 0.0000
0.0000 0.0000 0.0000 0.0000 0.0000 0.0000 0.0000 0.0000 0.0000 0.0000 0.0000 0.0000 0.0000 0.0000 0.0000 0.0000 0.0000 0.0000 0.0000 0.0000 0.0000 0.0000 -999.9990 -999.9990 -999.9990 -999.9990 -999.9990 -999.9990 -999.9990 -999.9990 -999.9990 0.0000 0.0000 0.0000 0.0000 55.0000 54.7500 54.5000 54.2500 54.2500 54.0000 54.0000 54.0000 54.0000 54.0000 54.0000 0.0000 40.2500 41.0000 41.2500 41.5000 41.5000 41.7500 41.7500 41.7500 16.7500 16.2500 0.0000 0.0000 14.5000 13.7500 13.7500 13.7500 13.5000 0.0000 0.0000
0.0000 0.0000 0.0000 0.0000 0.0000 0.0000 0.0000 0.0000 0.0000 0.0000 0.0000 0.0000 0.0000 0.0000 0.0000 0.0000 0.0000 0.0000 0.0000 0.0000 0.0000 0.0000 64.2500 64.2500 64.2500 64.2500 64.2500 64.2500 64.2500 64.2500 63.2500 57.2500 57.0000 56.7500 56.5000 55.2500 0.0000 0.0000 0.0000 0.0000 0.0000 0.0000 0.0000 0.0000 0.0000 0.0000 0.0000 39.7500 39.7500 39.7500 40.2500 40.7500 0.0000 41.7500 0.0000 15.5000 15.5000 0.0000 0.0000 0.0000 13.2500 13.2500 13.2500 13.2500 13.2500 0.0000
0.0000 0.0000 0.0000 0.0000 0.0000 0.0000 0.0000 0.0000 0.0000 0.0000 0.0000 0.0000 0.0000 0.0000 0.0000 0.0000 0.0000 0.0000 0.0000 0.0000 0.0000 0.0000 0.0000 64.2500 64.2500 64.2500 64.2500 64.2500 64.2500 64.2500 63.7500 57.0000 57.0000 56.7500 56.7500 0.0000 0.0000 38.5000 38.5000 38.5000 38.5000 38.5000 38.5000 38.5000 38.5000 38.5000 38.7500 38.7500 39.0000 39.0000 0.0000 0.0000 0.0000 0.0000 0.0000 15.7500 15.7500 15.7500 0.0000 13.2500 13.2500 13.2500 13.2500 13.2500 13.2500 0.0000
0.0000 0.0000 0.0000 0.0000 0.0000 0.0000 0.0000 0.0000 0.0000 0.0000 0.0000 0.0000 0.0000 0.0000 0.0000 0.0000 0.0000 0.0000 0.0000 0.0000 0.0000 0.0000 64.5000 64.2500 64.2500 64.2500 64.2500 64.2500 64.2500 64.2500 63.5000 57.0000 57.0000 57.0000 0.0000 0.0000 38.5000 38.5000 38.5000 38.5000 38.5000 38.5000 38.5000 38.5000 38.5000 38.5000 38.7500 38.7500 38.7500 38.7500 0.0000 0.0000 0.0000 0.0000 0.0000 0.0000 0.0000 15.7500 0.0000 13.0000 13.0000 13.0000 13.0000 13.0000 13.0000 0.0000
0.0000 0.0000 0.0000 35.2500 35.2500 0.0000 0.0000 0.0000 0.0000 0.0000 0.0000 0.0000 0.0000 0.0000 0.0000 0.0000 0.0000 0.0000 0.0000 0.0000 0.0000 0.0000 65.0000 0.0000 64.2500 64.2500 64.2500 64.2500 64.2500 0.0000 0.0000 0.0000 57.0000 0.0000 0.0000 38.5000 38.5000 38.5000 38.5000 38.5000 38.5000 38.5000 38.5000 38.5000 38.5000 38.5000 38.5000 38.7500 38.7500 38.5000 0.0000 0.0000 0.0000 0.0000 0.0000 0.0000 0.0000 14.7500 11.7500 12.7500 12.7500 12.7500 12.7500 12.7500 13.0000 0.0000
0.0000 0.0000 0.0000 35.2500 35.2500 0.0000 0.0000 0.0000 35.2500 0.0000 0.0000 0.0000 0.0000 0.0000 0.0000 0.0000 0.0000 0.0000 0.0000 0.0000 0.0000 0.0000 65.0000 64.7500 64.5000 64.5000 64.2500 64.2500 64.2500 64.2500 61.0000 61.0000 59.2500 0.0000 0.0000 38.5000 38.5000 38.5000 38.5000 38.5000 38.5000 38.5000 38.5000 38.5000 38.5000 38.5000 38.5000 38.5000 38.5000 38.5000 0.0000 0.0000 0.0000 0.0000 0.0000 0.0000 15.0000 12.5000 13.5000 12.7500 12.7500 12.5000 12.7500 12.7500 12.5000 0.0000
0.0000 35.2500 35.2500 35.2500 35.2500 0.0000 0.0000 35.2500 35.2500 35.2500 35.2500 35.2500 0.0000 0.0000 85.7500 0.0000 0.0000 77.0000 0.0000 0.0000 0.0000 0.0000 65.0000 64.7500 64.5000 64.5000 64.5000 64.5000 64.2500 64.2500 0.0000 0.0000 0.0000 0.0000 0.0000 38.5000 38.5000 38.5000 38.5000 38.5000 38.5000 38.5000 38.5000 38.5000 38.5000 38.5000 38.5000 38.5000 38.5000 38.5000 0.0000 0.0000 0.0000 0.0000 0.0000 0.0000 0.0000 12.0000 11.5000 12.5000 12.5000 12.5000 12.5000 12.0000 12.2500 0.0000
0.0000 35.2500 35.2500 35.2500 35.2500 35.2500 35.2500 35.2500 35.2500 35.2500 35.2500 35.2500 0.0000 85.7500 85.7500 0.0000 0.0000 77.0000 0.0000 0.0000 0.0000 65.0000 65.0000 0.0000 65.0000 65.0000 64.5000 64.5000 64.2500 64.2500 0.0000 0.0000 0.0000 0.0000 0.0000 38.5000 38.5000 38.5000 38.5000 38.5000 38.5000 38.5000 38.5000 38.5000 38.5000 38.5000 38.5000 38.5000 38.5000 38.5000 0.0000 0.0000 0.0000 0.0000 0.0000 0.0000 0.0000 0.0000 0.0000 12.2500 12.0000 12.0000 12.0000 11.7500 11.7500 0.0000
0.0000 35.2500 0.0000 0.0000 35.2500 35.2500 35.2500 35.2500 35.2500 35.2500 0.0000 0.0000 85.7500 85.7500 85.7500 76.5000 0.0000 77.0000 0.0000 0.0000 0.0000 0.0000 65.7500 0.0000 65.5000 65.7500 0.0000 64.5000 0.0000 0.0000 0.0000 0.0000 0.0000 0.0000 0.0000 38.5000 38.5000 38.5000 38.5000 38.5000 38.5000 38.5000 38.5000 38.5000 38.5000 38.5000 38.5000 38.5000 38.5000 38.5000 0.0000 0.0000 0.0000 14.5000 0.0000 13.2500 12.7500 12.7500 12.2500 12.0000 11.7500 11.7500 11.7500 11.5000 11.0000 10.5000
0.0000 0.0000 0.0000 35.2500 35.2500 35.2500 35.2500 35.2500 35.2500 0.0000 86.2500 86.2500 86.0000 85.7500 85.0000 71.0000 70.5000 77.0000 76.5000 0.0000 0.0000 0.0000 66.2500 66.2500 66.0000 66.0000 66.0000 66.0000 66.0000 0.0000 0.0000 0.0000 0.0000 0.0000 0.0000 38.5000 38.5000 38.5000 38.5000 38.5000 38.5000 38.5000 38.5000 38.5000 38.5000 38.5000 38.5000 38.5000 38.5000 38.5000 38.5000 13.5000 14.5000 14.2500 13.5000 13.2500 13.2500 13.0000 12.2500 12.0000 11.7500 11.5000 11.5000 11.5000 11.0000 10.7500
0.0000 0.0000 35.2500 35.2500 35.2500 35.2500 35.2500 35.2500 0.0000 86.2500 86.2500 86.2500 86.0000 0.0000 75.7500 75.7500 0.0000 0.0000 76.5000 76.2500 0.0000 0.0000 66.2500 66.2500 66.0000 66.0000 66.0000 66.0000 0.0000 0.0000 0.0000 0.0000 0.0000 0.0000 0.0000 38.5000 38.5000 38.5000 38.5000 38.5000 38.5000 38.5000 38.5000 38.5000 38.5000 38.5000 38.5000 38.5000 38.5000 38.5000 0.0000 15.5000 0.0000 14.2500 14.0000 13.5000 13.2500 13.2500 0.0000 0.0000 11.2500 11.5000 11.2500 0.0000 0.0000 10.7500
0.0000 0.0000 35.2500 35.2500 35.2500 35.2500 0.0000 0.0000 86.2500 86.2500 86.2500 86.2500 86.2500 86.2500 77.7500 0.0000 0.0000 0.0000 76.2500 76.0000 0.0000 0.0000 66.5000 66.5000 66.5000 66.5000 66.7500 66.7500 66.7500 0.0000 0.0000 0.0000 0.0000 0.0000 0.0000 38.5000 38.5000 38.5000 38.5000 38.5000 38.5000 38.5000 38.5000 38.5000 38.5000 38.5000 38.5000 38.5000 38.5000 38.5000 16.5000 0.0000 14.5000 14.5000 14.2500 0.0000 0.0000 0.0000 0.0000 0.0000 11.2500 11.2500 11.0000 10.7500 10.7500 10.7500
0.0000 35.2500 35.2500 35.2500 35.2500 35.2500 0.0000 86.2500 86.2500 86.2500 86.2500 86.2500 86.2500 86.0000 31.2500 31.5000 72.2500 72.0000 0.0000 75.7500 0.0000 0.0000 66.5000 66.5000 66.5000 66.5000 66.7500 66.7500 67.0000 67.0000 0.0000 0.0000 0.0000 0.0000 0.0000 38.5000 38.5000 38.5000 38.5000 38.5000 38.5000 38.5000 38.5000 38.5000 38.5000 38.5000 38.5000 38.5000 38.5000 38.5000 14.7500 14.0000 14.7500 14.5000 0.0000 0.0000 0.0000 0.0000 0.0000 0.0000 11.2500 11.2500 11.2500 11.0000 10.7500 10.5000
35.5000 35.5000 35.2500 35.2500 35.2500 0.0000 86.2500 86.2500 86.2500 86.2500 86.2500 86.2500 86.2500 86.0000 85.5000 0.0000 0.0000 71.5000 71.2500 62.0000 0.0000 0.0000 66.5000 0.0000 0.0000 67.0000 67.0000 67.0000 67.0000 0.0000 0.0000 0.0000 0.0000 0.0000 0.0000 38.5000 38.5000 38.5000 38.5000 38.5000 38.5000 38.5000 38.5000 38.5000 38.5000 38.5000 38.5000 38.5000 38.5000 38.5000 42.2500 15.2500 16.7500 14.5000 0.0000 17.0000 0.0000 0.0000 0.0000 0.0000 11.2500 11.7500 11.7500 11.0000 0.0000 11.5000
35.5000 35.5000 35.2500 35.2500 0.0000 0.0000 86.2500 86.2500 86.2500 86.2500 86.2500 86.2500 0.0000 0.0000 0.0000 0.0000 0.0000 0.0000 69.7500 69.7500 69.7500 0.0000 67.0000 67.0000 67.0000 67.0000 67.0000 67.2500 67.2500 0.0000 0.0000 0.0000 0.0000 0.0000 0.0000 38.5000 38.5000 38.5000 38.5000 38.5000 38.5000 38.5000 38.5000 38.5000 38.5000 38.5000 38.5000 38.5000 38.5000 38.5000 17.0000 16.7500 16.7500 16.0000 16.2500 16.2500 0.0000 0.0000 12.7500 12.0000 11.2500 0.0000 11.7500 11.7500 11.7500 11.7500
35.0000 35.0000 35.5000 0.0000 86.7500 86.5000 86.2500 86.2500 86.2500 86.2500 86.2500 86.2500 86.2500 0.0000 0.0000 0.0000 0.0000 0.0000 0.0000 69.7500 69.7500 64.7500 67.2500 0.0000 67.0000 0.0000 0.0000 67.5000 67.5000 67.5000 0.0000 0.0000 0.0000 0.0000 38.5000 38.5000 38.5000 38.5000 38.5000 38.5000 38.5000 38.5000 38.5000 38.5000 38.5000 38.5000 38.5000 38.5000 38.5000 38.5000 15.7500 18.0000 17.7500 16.7500 13.5000 12.7500 12.2500 12.7500 12.7500 11.0000 0.0000 0.0000 0.0000 0.0000 0.0000 0.0000
35.0000 34.0000 0.0000 30.5000 86.7500 86.7500 86.5000 86.2500 86.2500 86.2500 86.2500 86.2500 86.2500 85.7500 0.0000 0.0000 72.0000 62.0000 70.0000 69.7500 65.5000 65.5000 0.0000 0.0000 0.0000 67.7500 67.7500 67.7500 67.7500 67.7500 0.0000 0.0000 0.0000 0.0000 38.5000 38.5000 38.5000 38.5000 38.5000 38.5000 38.5000 38.5000 38.5000 38.5000 38.5000 38.5000 38.5000 38.5000 38.5000 0.0000 0.0000 0.0000 0.0000 17.0000 17.5000 13.0000 12.7500 0.0000 0.0000 0.0000 0.0000 0.0000 0.0000 0.0000 11.5000 11.0000
34.0000 33.5000 0.0000 31.0000 30.2500 86.7500 86.5000 86.5000 86.2500 0.0000 86.0000 86.0000 0.0000 85.7500 85.5000 79.7500 72.5000 72.5000 71.0000 0.0000 0.0000 70.2500 70.5000 0.0000 0.0000 68.2500 67.7500 67.7500 68.0000 0.0000 0.0000 0.0000 0.0000 0.0000 38.5000 38.5000 38.5000 38.5000 38.5000 38.5000 38.5000 38.2500 38.2500 38.2500 38.2500 38.5000 38.5000 38.5000 38.5000 0.0000 0.0000 0.0000 0.0000 15.5000 15.5000 15.7500 13.5000 0.0000 0.0000 0.0000 0.0000 0.0000 0.0000 0.0000 12.2500 11.7500
33.5000 33.0000 31.5000 30.5000 29.5000 29.0000 28.7500 86.5000 86.2500 86.0000 86.0000 86.0000 86.0000 86.0000 85.7500 0.0000 0.0000 66.0000 64.7500 64.0000 70.5000 70.2500 70.5000 70.5000 70.2500 69.2500 60.2500 0.0000 70.0000 70.0000 0.0000 0.0000 0.0000 0.0000 38.5000 38.5000 38.5000 38.5000 38.5000 38.2500 38.2500 38.2500 38.2500 38.2500 38.2500 38.2500 0.0000 38.5000 0.0000 0.0000 0.0000 0.0000 0.0000 0.0000 0.0000 15.7500 0.0000 0.0000 0.0000 0.0000 0.0000 0.0000 12.2500 12.2500 12.2500 12.2500
0.0000 0.0000 31.2500 30.0000 28.7500 28.5000 28.2500 0.0000 0.0000 86.0000 86.0000 86.0000 86.0000 86.0000 85.7500 85.7500 66.7500 67.0000 66.0000 65.0000 0.0000 0.0000 70.5000 70.5000 70.5000 21.0000 21.0000 0.0000 21.5000 0.0000 0.0000 0.0000 0.0000 0.0000 38.5000 38.5000 38.5000 38.2500 38.2500 38.2500 38.2500 38.0000 38.0000 37.5000 37.7500 0.0000 0.0000 0.0000 0.0000 0.0000 0.0000 0.0000 0.0000 0.0000 0.0000 0.0000 0.0000 0.0000 0.0000 0.0000 0.0000 12.2500 12.2500 12.2500 12.2500 12.2500
0.0000 0.0000 28.5000 28.0000 27.7500 28.2500 28.2500 28.0000 0.0000 86.0000 86.0000 86.0000 86.0000 86.0000 85.7500 85.7500 83.2500 67.0000 66.0000 0.0000 0.0000 0.0000 70.5000 0.0000 0.0000 21.0000 20.5000 21.0000 21.2500 21.2500 21.2500 21.2500 0.0000 38.5000 38.5000 38.5000 38.5000 38.2500 38.2500 38.2500 38.0000 36.2500 36.2500 34.7500 24.5000 0.0000 0.0000 0.0000 0.0000 0.0000 0.0000 0.0000 0.0000 0.0000 0.0000 0.0000 0.0000 0.0000 0.0000 0.0000 12.2500 12.2500 12.2500 12.2500 12.2500 12.2500
0.0000 27.2500 27.5000 27.2500 27.5000 28.0000 28.0000 27.7500 0.0000 0.0000 86.0000 0.0000 86.0000 0.0000 0.0000 85.7500 0.0000 0.0000 0.0000 0.0000 0.0000 0.0000 0.0000 0.0000 0.0000 20.5000 20.5000 20.5000 21.2500 21.2500 21.2500 0.0000 0.0000 0.0000 0.0000 0.0000 24.7500 0.0000 0.0000 0.0000 0.0000 23.5000 23.7500 23.7500 23.5000 23.5000 0.0000 22.5000 0.0000 0.0000 0.0000 0.0000 0.0000 0.0000 0.0000 0.0000 0.0000 0.0000 0.0000 12.0000 12.0000 12.2500 12.2500 12.2500 12.2500 12.2500
27.2500 27.2500 27.2500 27.2500 27.2500 0.0000 20.0000 27.2500 0.0000 0.0000 86.0000 0.0000 0.0000 0.0000 0.0000 0.0000 0.0000 0.0000 0.0000 0.0000 0.0000 0.0000 0.0000 0.0000 0.0000 19.5000 20.0000 20.2500 21.2500 12.2500 21.2500 0.0000 0.0000 23.7500 23.7500 23.7500 24.0000 23.7500 23.5000 23.5000 23.5000 23.5000 23.5000 23.5000 23.5000 23.5000 23.0000 22.2500 22.2500 22.0000 0.0000 0.0000 0.0000 0.0000 0.0000 0.0000 0.0000 0.0000 0.0000 0.0000 12.0000 12.5000 12.5000 12.5000 12.5000 12.5000
0.0000 27.2500 0.0000 27.2500 0.0000 27.0000 0.0000 27.2500 0.0000 0.0000 0.0000 0.0000 0.0000 0.0000 0.0000 0.0000 0.0000 0.0000 0.0000 0.0000 0.0000 0.0000 19.0000 0.0000 0.0000 19.2500 19.2500 19.2500 0.0000 12.5000 0.0000 0.0000 0.0000 23.7500 23.7500 23.7500 23.7500 23.7500 23.5000 23.5000 23.5000 23.5000 23.5000 23.5000 23.5000 23.2500 22.7500 22.2500 22.2500 21.7500 21.5000 0.0000 0.0000 0.0000 0.0000 0.0000 0.0000 0.0000 0.0000 0.0000 0.0000 12.5000 12.5000 19.0000 19.0000 19.0000
