test/DeltaShell.Plugins.DelftModels.HydroModel.Tests/test-data/AcceptanceModels/SOBEK2/Jakarta/14/dm2tmaxd.asc
ncols              319
nrows              324
xllcorner        220584.859
yllcorner        795339.977
cellsize            100.000
NODATA_value       -999.9990
[rows 87 to 115 of 324, columns 66 to 131 of 319]
17.2500 17.2500 17.7500 19.7500 19.7500 19.7500 20.0000 20.0000 20.2500 20.7500 21.0000 21.7500 22.0000 22.0000 22.2500 22.5000 22.7500 22.7500 22.7500 22.7500 23.2500 23.2500 23.5000 23.7500 23.7500 24.0000 24.0000 24.0000 24.0000 24.0000 24.0000 24.0000 24.0000 0.0000 24.2500 24.2500 24.2500 24.2500 24.2500 24.2500 24.2500 24.2500 24.2500 24.2500 24.2500 24.2500 24.2500 24.2500 24.2500 24.2500 0.0000 24.5000 24.5000 24.5000 24.5000 24.5000 0.0000 0.0000 0.0000 0.0000 0.0000 0.0000 0.0000 0.0000 0.0000 0.0000
17.2500 17.2500 0.0000 19.7500 19.7500 19.7500 19.7500 18.2500 20.0000 20.2500 20.7500 21.5000 21.5000 22.0000 22.0000 22.7500 22.7500 22.7500 22.7500 22.7500 23.2500 23.2500 23.5000 23.7500 23.7500 24.0000 24.0000 24.0000 24.0000 24.0000 24.0000 24.0000 0.0000 24.2500 24.2500 24.2500 24.2500 24.2500 24.2500 24.2500 24.2500 24.2500 24.2500 24.2500 24.2500 24.2500 24.2500 24.2500 24.2500 24.2500 0.0000 24.5000 24.5000 24.5000 24.5000 24.5000 24.5000 0.0000 0.0000 0.0000 0.0000 0.0000 0.0000 0.0000 0.0000 0.0000
17.2500 17.2500 17.2500 17.2500 17.2500 19.7500 19.7500 18.2500 18.2500 20.0000 20.5000 21.0000 21.5000 21.5000 21.5000 0.0000 22.7500 22.7500 22.7500 22.7500 23.2500 23.2500 23.2500 0.0000 24.0000 24.0000 24.0000 24.0000 24.0000 24.0000 24.0000 24.0000 24.2500 24.2500 24.2500 24.2500 0.0000 24.2500 24.2500 24.2500 24.2500 24.2500 24.2500 24.2500 24.2500 24.2500 24.2500 24.2500 24.2500 24.5000 24.5000 24.5000 24.5000 24.5000 24.5000 24.5000 24.5000 0.0000 0.0000 0.0000 0.0000 0.0000 0.0000 0.0000 0.0000 0.0000
17.2500 17.2500 17.2500 0.0000 0.0000 0.0000 18.0000 18.2500 18.2500 18.2500 18.2500 0.0000 21.2500 21.5000 21.2500 21.0000 22.5000 22.7500 22.7500 22.7500 23.2500 23.2500 23.2500 0.0000 24.0000 24.0000 24.0000 24.0000 24.0000 24.0000 24.2500 24.2500 24.2500 24.2500 24.2500 24.2500 24.2500 24.2500 24.2500 24.2500 24.2500 24.2500 24.2500 24.2500 24.2500 24.2500 24.2500 24.2500 24.2500 0.0000 24.5000 24.5000 24.5000 24.5000 24.5000 24.5000 24.5000 0.0000 0.0000 0.0000 0.0000 0.0000 0.0000 0.0000 0.0000 0.0000
17.2500 17.2500 0.0000 0.0000 0.0000 17.7500 18.0000 18.0000 18.0000 18.0000 0.0000 0.0000 20.0000 20.2500 20.7500 21.0000 21.5000 22.5000 22.7500 22.7500 23.2500 23.2500 23.5000 23.7500 23.7500 24.0000 24.0000 24.0000 24.0000 24.0000 24.2500 24.2500 24.2500 24.2500 24.2500 24.2500 24.2500 24.2500 24.2500 24.2500 24.2500 24.2500 24.2500 24.2500 24.2500 24.2500 24.2500 24.2500 0.0000 24.5000 24.5000 24.5000 24.5000 24.5000 24.5000 24.5000 24.5000 24.5000 0.0000 0.0000 0.0000 0.0000 0.0000 0.0000 0.0000 0.0000
17.2500 17.2500 17.2500 0.0000 0.0000 17.7500 17.7500 17.7500 18.0000 0.0000 0.0000 0.0000 19.7500 19.7500 20.0000 20.2500 20.7500 21.0000 22.0000 22.7500 23.2500 23.2500 23.5000 23.7500 23.7500 0.0000 0.0000 0.0000 0.0000 0.0000 24.2500 24.2500 24.2500 24.2500 24.2500 24.2500 24.2500 24.2500 24.2500 24.2500 24.2500 24.2500 24.2500 24.2500 24.2500 24.2500 24.2500 24.2500 24.5000 24.5000 24.5000 24.5000 24.5000 24.5000 24.5000 24.5000 24.5000 24.5000 0.0000 0.0000 0.0000 0.0000 0.0000 0.0000 0.0000 0.0000
17.2500 17.2500 17.2500 17.2500 17.5000 17.7500 17.7500 17.7500 0.0000 0.0000 0.0000 0.0000 18.5000 18.5000 18.5000 18.7500 20.2500 21.0000 22.0000 22.5000 22.7500 23.2500 23.5000 23.7500 23.7500 24.0000 24.0000 24.0000 0.0000 0.0000 24.2500 24.2500 24.2500 24.2500 24.2500 24.2500 24.2500 24.2500 24.2500 24.2500 0.0000 24.0000 24.2500 24.2500 24.2500 24.2500 24.2500 24.5000 24.5000 24.5000 24.5000 24.5000 24.5000 24.5000 24.5000 24.5000 24.5000 24.5000 24.5000 0.0000 0.0000 0.0000 0.0000 0.0000 0.0000 0.0000
17.2500 17.2500 17.2500 17.2500 17.7500 17.7500 17.7500 17.7500 17.7500 18.0000 18.0000 18.2500 18.2500 18.2500 18.5000 18.5000 20.0000 20.7500 21.5000 22.0000 22.7500 23.2500 23.5000 23.7500 24.0000 24.0000 24.0000 24.0000 24.0000 24.0000 0.0000 0.0000 0.0000 24.2500 24.2500 24.2500 24.2500 24.2500 24.2500 24.2500 24.0000 24.0000 24.2500 24.2500 24.2500 24.2500 24.2500 24.5000 24.5000 24.5000 24.5000 24.5000 24.5000 24.5000 24.5000 24.5000 24.5000 24.5000 24.5000 0.0000 0.0000 0.0000 0.0000 0.0000 0.0000 0.0000
17.2500 17.2500 17.2500 17.2500 17.7500 17.7500 17.7500 17.7500 17.7500 18.0000 18.0000 18.0000 18.2500 18.2500 18.5000 18.5000 18.7500 20.5000 21.0000 21.5000 22.0000 23.2500 23.5000 23.7500 24.0000 24.0000 24.0000 24.0000 24.0000 24.0000 24.0000 24.0000 24.0000 0.0000 0.0000 0.0000 0.0000 24.0000 0.0000 0.0000 0.0000 24.2500 24.2500 24.2500 24.2500 24.2500 24.5000 24.5000 24.5000 24.5000 24.5000 24.5000 24.5000 24.5000 24.5000 24.5000 24.5000 24.5000 24.5000 0.0000 0.0000 0.0000 0.0000 0.0000 0.0000 0.0000
18.7500 17.2500 17.2500 17.2500 17.5000 0.0000 17.7500 17.7500 17.7500 17.7500 18.0000 18.0000 18.2500 18.2500 18.2500 18.5000 18.7500 20.0000 20.2500 20.2500 0.0000 23.2500 23.2500 23.7500 24.0000 24.0000 24.0000 24.0000 24.0000 24.0000 24.0000 24.0000 24.0000 24.0000 24.0000 24.0000 24.0000 24.2500 24.2500 24.2500 24.2500 0.0000 0.0000 0.0000 0.0000 0.0000 24.0000 24.5000 24.5000 24.5000 24.5000 24.5000 24.5000 24.5000 24.5000 24.5000 24.5000 24.2500 24.2500 24.2500 23.7500 0.0000 0.0000 0.0000 0.0000 0.0000
17.7500 0.0000 17.2500 0.0000 0.0000 0.0000 17.7500 17.7500 17.7500 17.7500 18.0000 18.0000 18.0000 18.2500 18.2500 18.5000 18.5000 18.5000 0.0000 0.0000 0.0000 0.0000 24.0000 24.0000 24.0000 24.0000 24.0000 24.0000 24.0000 24.0000 24.0000 24.0000 24.0000 24.0000 24.0000 24.0000 24.0000 24.2500 24.2500 24.2500 24.2500 24.2500 24.2500 24.2500 0.0000 0.0000 0.0000 24.5000 24.5000 24.5000 24.5000 24.5000 0.0000 0.0000 24.5000 24.5000 24.2500 24.2500 24.2500 24.0000 23.7500 0.0000 0.0000 0.0000 0.0000 0.0000
17.2500 17.2500 17.2500 17.2500 0.0000 17.7500 17.7500 17.7500 17.7500 17.7500 18.0000 18.0000 18.0000 18.2500 18.2500 0.0000 0.0000 0.0000 0.0000 0.0000 0.0000 0.0000 0.0000 24.0000 24.0000 24.0000 24.0000 24.0000 24.0000 24.0000 24.0000 24.0000 24.0000 24.0000 24.0000 24.0000 24.0000 24.0000 24.2500 24.2500 24.2500 24.2500 24.2500 24.2500 0.0000 0.0000 24.0000 24.5000 24.5000 24.5000 24.5000 0.0000 0.0000 0.0000 24.5000 24.5000 24.2500 24.2500 24.0000 23.7500 23.5000 23.5000 0.0000 0.0000 0.0000 0.0000
17.2500 17.2500 17.2500 0.0000 0.0000 17.7500 17.7500 17.7500 17.7500 17.7500 18.0000 18.0000 18.0000 18.0000 18.0000 0.0000 0.0000 0.0000 0.0000 0.0000 0.0000 0.0000 24.0000 24.0000 24.0000 24.0000 24.0000 24.0000 24.0000 24.0000 24.0000 24.0000 24.0000 24.0000 24.0000 24.0000 24.2500 24.2500 24.2500 24.2500 24.2500 24.2500 24.2500 24.2500 24.2500 24.2500 24.2500 24.2500 24.2500 24.5000 24.2500 0.0000 0.0000 24.5000 24.5000 24.5000 0.0000 0.0000 24.0000 23.7500 23.5000 23.5000 23.5000 0.0000 0.0000 0.0000
17.2500 17.2500 14.5000 17.5000 17.5000 17.7500 17.7500 17.7500 17.7500 17.7500 17.7500 18.0000 18.0000 18.0000 0.0000 0.0000 0.0000 0.0000 0.0000 0.0000 0.0000 0.0000 0.0000 24.0000 24.0000 24.0000 24.0000 24.0000 24.0000 24.0000 24.0000 24.0000 24.0000 24.0000 24.0000 24.0000 24.2500 24.2500 24.2500 24.2500 24.2500 24.2500 24.2500 24.2500 24.2500 24.2500 0.0000 24.2500 24.2500 24.2500 0.0000 0.0000 0.0000 24.5000 0.0000 0.0000 0.0000 0.0000 24.0000 0.0000 23.5000 23.5000 23.5000 23.5000 0.0000 0.0000
17.2500 17.2500 17.5000 17.5000 17.5000 17.5000 17.5000 17.5000 17.7500 17.7500 17.7500 17.7500 17.7500 0.0000 0.0000 0.0000 0.0000 0.0000 0.0000 0.0000 0.0000 0.0000 0.0000 24.0000 24.0000 24.0000 0.0000 0.0000 24.0000 24.0000 24.0000 24.0000 24.0000 24.0000 24.0000 24.2500 24.2500 24.2500 24.2500 24.2500 24.2500 24.2500 24.2500 24.2500 24.2500 24.2500 0.0000 9.7500 24.2500 0.0000 0.0000 0.0000 0.0000 0.0000 0.0000 0.0000 0.0000 0.0000 0.0000 0.0000 23.5000 23.5000 23.5000 23.5000 0.0000 0.0000
17.2500 17.2500 17.2500 17.2500 16.7500 17.5000 17.5000 17.5000 17.5000 17.7500 17.7500 17.7500 17.7500 0.0000 0.0000 0.0000 0.0000 0.0000 0.0000 0.0000 0.0000 0.0000 0.0000 24.0000 24.0000 24.0000 0.0000 0.0000 24.0000 24.0000 24.0000 24.0000 24.0000 24.0000 24.2500 24.2500 24.2500 24.2500 24.2500 24.2500 24.2500 24.2500 24.2500 24.2500 24.2500 0.0000 0.0000 24.2500 24.2500 0.0000 0.0000 0.0000 0.0000 0.0000 0.0000 0.0000 0.0000 0.0000 0.0000 0.0000 23.5000 23.5000 23.2500 23.0000 23.0000 0.0000
17.2500 17.2500 17.2500 17.2500 17.2500 17.5000 17.5000 17.5000 17.5000 17.5000 17.7500 0.0000 0.0000 0.0000 0.0000 0.0000 0.0000 0.0000 0.0000 0.0000 0.0000 0.0000 0.0000 0.0000 24.0000 24.0000 0.0000 0.0000 0.0000 24.0000 24.0000 0.0000 24.0000 24.0000 24.2500 24.2500 24.2500 24.2500 24.2500 24.2500 24.2500 24.2500 24.2500 24.2500 24.2500 0.0000 0.0000 24.2500 0.0000 0.0000 0.0000 0.0000 0.0000 0.0000 0.0000 0.0000 0.0000 0.0000 0.0000 0.0000 23.5000 0.0000 0.0000 23.0000 23.0000 0.0000
17.2500 17.2500 17.2500 17.2500 16.7500 17.0000 17.5000 17.5000 17.5000 17.5000 17.5000 0.0000 0.0000 0.0000 0.0000 0.0000 0.0000 0.0000 0.0000 0.0000 0.0000 0.0000 0.0000 24.0000 24.0000 24.0000 0.0000 0.0000 0.0000 0.0000 24.0000 0.0000 24.0000 24.0000 24.2500 24.2500 0.0000 24.2500 24.2500 24.2500 24.2500 24.2500 24.2500 24.2500 24.2500 0.0000 0.0000 0.0000 0.0000 0.0000 0.0000 0.0000 0.0000 0.0000 0.0000 0.0000 0.0000 0.0000 0.0000 0.0000 23.5000 23.2500 23.0000 23.0000 22.5000 22.5000
17.2500 17.2500 0.0000 0.0000 17.0000 17.2500 17.2500 17.5000 17.5000 17.5000 0.0000 0.0000 0.0000 0.0000 0.0000 0.0000 0.0000 0.0000 0.0000 0.0000 0.0000 0.0000 0.0000 24.0000 24.0000 24.0000 24.0000 0.0000 0.0000 0.0000 0.0000 0.0000 0.0000 0.0000 0.0000 0.0000 24.2500 24.2500 24.2500 24.2500 24.2500 24.2500 24.2500 0.0000 0.0000 0.0000 0.0000 0.0000 0.0000 0.0000 0.0000 0.0000 0.0000 0.0000 0.0000 0.0000 0.0000 0.0000 0.0000 0.0000 23.5000 23.2500 23.0000 23.0000 22.5000 0.0000
17.2500 17.2500 0.0000 17.2500 17.2500 17.2500 17.2500 17.5000 17.5000 17.5000 0.0000 0.0000 0.0000 0.0000 0.0000 0.0000 0.0000 0.0000 0.0000 0.0000 0.0000 0.0000 0.0000 0.0000 24.0000 24.0000 0.0000 0.0000 0.0000 0.0000 0.0000 0.0000 0.0000 0.0000 0.0000 0.0000 24.2500 24.2500 24.2500 24.2500 24.2500 24.2500 0.0000 0.0000 0.0000 0.0000 0.0000 0.0000 0.0000 0.0000 0.0000 0.0000 0.0000 0.0000 0.0000 0.0000 0.0000 0.0000 0.0000 0.0000 0.0000 0.0000 23.2500 23.0000 23.0000 0.0000
17.0000 0.0000 0.0000 17.2500 17.2500 17.2500 17.2500 17.2500 17.5000 17.5000 0.0000 0.0000 0.0000 0.0000 0.0000 0.0000 0.0000 0.0000 0.0000 0.0000 0.0000 0.0000 0.0000 24.0000 24.0000 0.0000 0.0000 0.0000 0.0000 0.0000 0.0000 0.0000 0.0000 0.0000 0.0000 0.0000 24.2500 24.2500 24.2500 24.2500 24.2500 24.2500 24.2500 0.0000 0.0000 0.0000 0.0000 0.0000 0.0000 0.0000 0.0000 0.0000 0.0000 0.0000 0.0000 0.0000 0.0000 0.0000 0.0000 0.0000 23.7500 23.7500 23.5000 0.0000 0.0000 0.0000
17.0000 17.0000 0.0000 17.2500 17.2500 17.2500 17.2500 0.0000 17.5000 17.5000 0.0000 0.0000 0.0000 0.0000 0.0000 0.0000 0.0000 0.0000 0.0000 0.0000 0.0000 0.0000 0.0000 0.0000 24.0000 0.0000 0.0000 0.0000 0.0000 0.0000 0.0000 0.0000 0.0000 0.0000 0.0000 0.0000 24.2500 24.2500 24.2500 24.2500 24.2500 24.2500 24.2500 0.0000 0.0000 0.0000 0.0000 0.0000 0.0000 0.0000 0.0000 0.0000 0.0000 0.0000 0.0000 0.0000 0.0000 0.0000 0.0000 0.0000 24.5000 0.0000 0.0000 0.0000 0.0000 0.0000
17.0000 17.0000 17.0000 17.2500 17.2500 17.2500 17.2500 17.2500 17.2500 17.2500 0.0000 0.0000 0.0000 0.0000 0.0000 0.0000 0.0000 0.0000 0.0000 0.0000 0.0000 0.0000 0.0000 0.0000 24.0000 0.0000 0.0000 0.0000 0.0000 0.0000 0.0000 0.0000 0.0000 0.0000 0.0000 0.0000 24.2500 24.2500 24.2500 24.2500 24.2500 24.2500 24.2500 24.2500 0.0000 0.0000 0.0000 0.0000 0.0000 0.0000 0.0000 0.0000 0.0000 11.5000 0.0000 0.0000 0.0000 0.0000 0.0000 0.0000 0.0000 0.0000 0.0000 0.0000 0.0000 22.2500
17.0000 17.0000 17.0000 17.2500 17.2500 17.2500 17.2500 17.2500 17.2500 17.2500 0.0000 0.0000 0.0000 0.0000 0.0000 0.0000 0.0000 0.0000 0.0000 0.0000 0.0000 0.0000 0.0000 0.0000 24.0000 0.0000 0.0000 0.0000 0.0000 0.0000 0.0000 0.0000 0.0000 0.0000 0.0000 0.0000 24.2500 24.2500 24.2500 24.2500 24.2500 24.2500 24.2500 24.2500 24.2500 0.0000 0.0000 0.0000 0.0000 0.0000 0.0000 0.0000 0.0000 11.7500 0.0000 0.0000 0.0000 0.0000 0.0000 0.0000 0.0000 0.0000 0.0000 22.2500 22.2500 22.2500
17.0000 17.0000 17.0000 17.0000 17.2500 17.2500 0.0000 0.0000 0.0000 0.0000 0.0000 0.0000 0.0000 0.0000 0.0000 0.0000 0.0000 0.0000 0.0000 0.0000 0.0000 0.0000 0.0000 0.0000 0.0000 0.0000 0.0000 0.0000 0.0000 0.0000 0.0000 0.0000 0.0000 0.0000 0.0000 24.2500 24.2500 24.2500 24.2500 24.2500 24.2500 24.2500 24.2500 24.2500 24.2500 0.0000 0.0000 0.0000 0.0000 0.0000 0.0000 0.0000 9.7500 9.7500 9.7500 0.0000 0.0000 0.0000 0.0000 0.0000 0.0000 22.2500 22.2500 22.2500 22.2500 22.2500
17.0000 17.0000 17.0000 17.0000 17.2500 17.2500 17.2500 0.0000 0.0000 0.0000 18.0000 18.0000 0.0000 0.0000 0.0000 0.0000 0.0000 0.0000 0.0000 0.0000 0.0000 0.0000 0.0000 0.0000 0.0000 0.0000 0.0000 0.0000 0.0000 0.0000 0.0000 0.0000 0.0000 0.0000 0.0000 0.0000 0.0000 24.2500 24.2500 24.2500 24.2500 24.2500 0.0000 24.2500 0.0000 0.0000 0.0000 0.0000 0.0000 0.0000 0.0000 0.0000 9.7500 9.7500 9.7500 0.0000 0.0000 0.0000 0.0000 0.0000 0.0000 0.0000 0.0000 0.0000 22.2500 0.0000
17.0000 17.0000 17.0000 17.0000 17.2500 17.2500 17.2500 17.5000 17.5000 17.7500 18.0000 18.0000 17.7500 0.0000 0.0000 0.0000 0.0000 0.0000 0.0000 0.0000 0.0000 0.0000 0.0000 0.0000 0.0000 0.0000 0.0000 0.0000 0.0000 0.0000 0.0000 0.0000 0.0000 0.0000 0.0000 0.0000 0.0000 24.2500 24.0000 24.2500 24.2500 0.0000 0.0000 0.0000 0.0000 0.0000 0.0000 0.0000 0.0000 0.0000 0.0000 0.0000 9.5000 9.7500 0.0000 0.0000 0.0000 0.0000 0.0000 0.0000 0.0000 0.0000 0.0000 0.0000 0.0000 0.0000
0.0000 17.0000 17.0000 17.2500 17.2500 17.2500 17.2500 17.5000 17.5000 17.7500 18.0000 18.0000 18.0000 18.0000 0.0000 0.0000 0.0000 0.0000 18.0000 18.0000 0.0000 0.0000 0.0000 0.0000 0.0000 0.0000 0.0000 0.0000 0.0000 0.0000 0.0000 0.0000 0.0000 0.0000 0.0000 0.0000 0.0000 0.0000 24.2500 24.2500 10.7500 0.0000 0.0000 0.0000 0.0000 0.0000 0.0000 0.0000 0.0000 0.0000 0.0000 0.0000 9.5000 0.0000 0.0000 0.0000 0.0000 0.0000 0.0000 0.0000 0.0000 0.0000 0.0000 0.0000 0.0000 0.0000
17.0000 17.0000 17.0000 17.2500 17.2500 17.2500 17.2500 17.2500 17.7500 17.7500 18.0000 18.0000 18.0000 18.0000 0.0000 0.0000 0.0000 17.2500 18.0000 18.0000 18.0000 18.0000 18.0000 0.0000 0.0000 0.0000 0.0000 0.0000 0.0000 0.0000 0.0000 0.0000 0.0000 0.0000 0.0000 0.0000 0.0000 0.0000 0.0000 10.5000 10.5000 0.0000 0.0000 0.0000 0.0000 0.0000 0.0000 0.0000 0.0000 0.0000 0.0000 0.0000 0.0000 0.0000 0.0000 0.0000 0.0000 0.0000 0.0000 0.0000 0.0000 0.0000 0.0000 0.0000 0.0000 0.0000
