test/DeltaShell.Plugins.DelftModels.HydroModel.Tests/test-data/AcceptanceModels/SOBEK2/Jakarta/14/dm2tmaxd.asc
ncols              319
nrows              324
xllcorner        220584.859
yllcorner        795339.977
cellsize            100.000
NODATA_value       -999.9990
[rows 58 to 86 of 324, columns 66 to 131 of 319]
23.2500 23.2500 23.5000 23.5000 23.5000 23.5000 23.5000 23.5000 21.5000 21.5000 23.7500 23.7500 23.7500 23.7500 23.7500 23.7500 23.7500 23.7500 23.7500 23.7500 23.7500 23.7500 23.7500 23.7500 23.7500 23.7500 23.7500 23.7500 23.7500 23.7500 23.7500 23.7500 23.7500 23.7500 23.7500 24.0000 24.0000 24.0000 24.0000 24.0000 0.0000 0.0000 0.0000 0.0000 0.0000 0.0000 24.7500 24.7500 24.7500 24.7500 25.0000 25.0000 25.2500 25.2500 25.2500 25.2500 25.5000 25.5000 25.7500 0.0000 37.7500 37.7500 37.7500 37.7500 37.7500 37.7500
23.2500 23.2500 23.2500 23.5000 23.5000 23.5000 23.5000 0.0000 21.5000 21.5000 23.7500 23.7500 23.7500 23.7500 23.7500 23.7500 23.7500 23.7500 23.7500 23.7500 23.7500 23.7500 23.7500 23.7500 23.7500 23.7500 23.7500 23.7500 23.7500 23.7500 23.7500 23.7500 23.7500 23.7500 23.7500 23.7500 24.0000 24.0000 24.0000 24.0000 24.0000 0.0000 0.0000 0.0000 0.0000 23.7500 24.5000 24.7500 24.7500 24.7500 25.0000 25.0000 25.0000 25.0000 25.2500 0.0000 25.5000 25.5000 0.0000 37.7500 37.7500 37.7500 37.7500 37.7500 37.7500 37.7500
23.2500 23.2500 23.2500 23.2500 23.2500 23.5000 23.5000 23.5000 21.5000 23.7500 23.7500 23.7500 23.7500 23.7500 23.7500 23.7500 23.7500 23.7500 23.7500 23.7500 23.7500 23.7500 23.7500 23.7500 23.7500 23.7500 23.7500 23.7500 23.7500 23.7500 23.7500 23.7500 23.7500 0.0000 23.7500 24.0000 24.0000 24.0000 24.0000 24.0000 24.0000 24.0000 0.0000 0.0000 0.0000 23.7500 24.2500 24.5000 24.7500 24.7500 24.7500 25.0000 25.0000 0.0000 25.2500 0.0000 25.5000 25.5000 0.0000 37.7500 37.7500 37.7500 37.7500 37.7500 37.7500 37.7500
23.2500 23.2500 23.2500 23.2500 23.2500 23.2500 23.5000 0.0000 23.7500 23.7500 23.7500 23.7500 23.7500 23.7500 23.7500 23.7500 23.7500 23.7500 23.7500 23.7500 23.7500 23.7500 23.7500 23.7500 23.7500 23.7500 23.7500 23.7500 23.7500 23.7500 23.7500 23.7500 23.7500 0.0000 24.0000 24.0000 24.0000 24.0000 24.0000 24.0000 24.0000 24.0000 24.0000 0.0000 0.0000 23.7500 23.7500 24.2500 24.5000 24.5000 24.7500 24.7500 24.7500 0.0000 0.0000 0.0000 0.0000 0.0000 37.7500 37.7500 37.7500 37.7500 37.7500 37.7500 37.7500 37.7500
23.2500 23.2500 23.2500 23.2500 23.2500 23.2500 23.5000 23.5000 23.7500 23.7500 23.7500 23.7500 23.7500 23.7500 23.7500 23.7500 23.7500 23.7500 23.7500 23.7500 23.7500 23.7500 23.7500 23.7500 23.7500 23.7500 23.7500 23.7500 23.7500 23.7500 23.7500 23.7500 23.7500 23.7500 0.0000 24.0000 24.0000 24.0000 24.0000 24.0000 24.0000 24.0000 24.0000 24.0000 0.0000 23.7500 23.7500 24.2500 24.5000 24.5000 24.7500 24.7500 24.7500 24.7500 0.0000 0.0000 0.0000 0.0000 0.0000 0.0000 0.0000 0.0000 37.5000 37.5000 37.5000 37.5000
23.2500 23.2500 23.2500 23.2500 23.2500 23.2500 23.5000 23.5000 23.7500 23.7500 23.7500 23.7500 23.7500 23.7500 23.7500 23.7500 23.7500 23.7500 23.7500 23.7500 23.7500 23.7500 23.7500 23.7500 23.7500 23.7500 23.7500 23.7500 23.7500 23.7500 23.7500 23.7500 23.7500 23.7500 0.0000 24.0000 24.0000 24.0000 24.0000 24.0000 24.0000 24.0000 24.0000 24.0000 24.0000 0.0000 23.7500 24.2500 24.5000 24.5000 24.5000 24.7500 0.0000 0.0000 0.0000 0.0000 0.0000 0.0000 0.0000 0.0000 0.0000 37.5000 37.5000 37.5000 37.5000 37.5000
23.2500 23.2500 23.2500 23.2500 23.2500 23.2500 0.0000 23.5000 23.5000 23.7500 23.7500 23.7500 23.7500 23.7500 23.7500 23.7500 23.7500 23.7500 23.7500 23.7500 23.7500 23.7500 23.7500 23.7500 23.7500 23.7500 23.7500 23.7500 23.7500 23.7500 23.7500 23.7500 23.7500 0.0000 24.0000 24.0000 24.0000 24.0000 24.0000 24.0000 24.0000 24.0000 24.0000 24.0000 24.0000 0.0000 0.0000 24.2500 24.5000 24.5000 24.5000 0.0000 0.0000 0.0000 0.0000 0.0000 0.0000 0.0000 0.0000 0.0000 0.0000 37.5000 37.5000 37.5000 37.5000 37.5000
23.2500 23.2500 23.2500 23.2500 23.2500 23.2500 23.5000 23.5000 23.5000 23.7500 23.7500 23.7500 23.7500 23.7500 23.7500 23.7500 23.7500 23.7500 23.7500 23.7500 23.7500 23.7500 23.7500 23.7500 23.7500 23.7500 23.7500 23.7500 23.7500 23.7500 23.7500 23.7500 23.7500 0.0000 24.0000 24.0000 24.0000 24.0000 24.0000 24.0000 24.0000 24.0000 24.0000 24.0000 24.0000 24.0000 0.0000 24.2500 24.5000 24.5000 24.5000 24.5000 0.0000 0.0000 0.0000 0.0000 0.0000 0.0000 0.0000 0.0000 0.0000 37.5000 37.5000 37.5000 37.5000 37.5000
23.2500 23.2500 23.2500 23.2500 23.2500 0.0000 23.5000 23.5000 23.5000 23.5000 23.5000 23.5000 23.7500 23.7500 23.7500 23.7500 23.7500 23.7500 23.7500 23.7500 23.7500 23.7500 23.7500 23.7500 23.7500 23.7500 23.7500 23.7500 23.7500 23.7500 23.7500 23.7500 23.7500 0.0000 24.0000 24.0000 24.0000 24.0000 24.0000 24.0000 24.0000 24.0000 24.0000 24.0000 24.0000 24.0000 0.0000 24.2500 24.2500 24.5000 24.5000 24.5000 0.0000 0.0000 0.0000 0.0000 0.0000 0.0000 0.0000 0.0000 0.0000 37.5000 37.5000 37.5000 37.5000 37.5000
23.2500 23.2500 23.2500 23.2500 23.2500 23.5000 23.5000 23.5000 23.5000 23.5000 23.5000 23.5000 23.5000 23.7500 23.7500 23.7500 23.7500 23.7500 23.7500 23.7500 23.7500 23.7500 23.7500 23.7500 23.7500 23.7500 23.7500 23.7500 23.7500 23.7500 23.7500 23.7500 23.7500 0.0000 24.0000 24.0000 24.0000 24.0000 24.0000 24.0000 24.0000 24.0000 24.0000 24.0000 24.0000 24.0000 24.0000 0.0000 24.2500 24.2500 24.5000 24.5000 0.0000 0.0000 0.0000 0.0000 0.0000 0.0000 0.0000 0.0000 0.0000 37.5000 37.2500 37.5000 37.5000 37.5000
23.0000 23.0000 23.2500 23.2500 23.2500 23.5000 23.5000 23.5000 23.5000 23.5000 23.5000 23.5000 23.5000 23.5000 23.7500 23.7500 23.7500 23.7500 23.7500 23.7500 23.7500 23.7500 23.7500 23.7500 23.7500 23.7500 23.7500 23.7500 23.7500 23.7500 23.7500 23.7500 23.7500 0.0000 24.0000 24.0000 24.0000 24.0000 24.0000 24.0000 24.0000 24.0000 24.0000 24.0000 24.0000 24.0000 24.0000 24.0000 24.0000 24.2500 24.5000 24.5000 0.0000 0.0000 0.0000 0.0000 0.0000 0.0000 0.0000 0.0000 0.0000 0.0000 36.2500 36.2500 36.2500 0.0000
23.0000 23.0000 23.0000 23.0000 0.0000 23.5000 23.5000 23.5000 23.5000 23.5000 23.5000 23.5000 23.5000 23.5000 23.5000 23.7500 23.7500 23.7500 23.7500 23.7500 23.7500 23.7500 23.7500 23.7500 23.7500 23.7500 23.7500 23.7500 23.7500 23.7500 23.7500 23.7500 0.0000 24.0000 24.0000 24.0000 24.0000 24.0000 24.0000 24.0000 24.0000 24.0000 24.0000 24.0000 24.0000 24.0000 24.0000 24.2500 0.0000 0.0000 0.0000 0.0000 0.0000 0.0000 0.0000 0.0000 19.7500 25.0000 25.0000 25.0000 25.0000 28.5000 36.2500 36.2500 36.2500 36.2500
22.7500 23.0000 23.0000 23.2500 23.5000 23.5000 23.5000 23.5000 23.5000 23.5000 23.5000 23.5000 23.5000 23.5000 23.5000 23.7500 23.7500 23.7500 23.7500 23.7500 23.7500 23.7500 23.7500 23.7500 23.7500 23.7500 23.7500 23.7500 23.7500 23.7500 23.7500 23.7500 0.0000 24.0000 24.0000 24.0000 24.0000 24.0000 24.0000 24.0000 24.0000 24.2500 24.2500 24.2500 24.2500 24.2500 24.2500 24.2500 0.0000 0.0000 0.0000 28.2500 28.2500 28.0000 28.2500 28.2500 28.2500 25.0000 25.0000 25.0000 25.0000 28.5000 36.0000 36.2500 36.2500 36.0000
22.7500 22.7500 22.7500 23.0000 0.0000 23.5000 23.5000 23.5000 23.5000 23.5000 23.5000 23.5000 23.5000 23.5000 23.5000 23.5000 23.7500 23.7500 23.7500 23.7500 23.7500 23.7500 23.7500 23.7500 23.7500 23.7500 23.7500 23.7500 23.7500 23.7500 23.7500 23.7500 0.0000 24.0000 24.2500 24.2500 24.2500 24.2500 24.2500 24.2500 24.2500 24.2500 24.2500 24.2500 24.2500 24.2500 24.2500 24.2500 24.2500 0.0000 0.0000 28.2500 28.2500 0.0000 28.2500 28.2500 25.2500 25.0000 25.0000 25.0000 25.0000 27.2500 35.5000 36.0000 36.0000 36.0000
22.5000 22.5000 22.7500 23.0000 23.0000 23.5000 23.5000 23.5000 23.5000 23.5000 23.5000 23.5000 23.5000 23.5000 23.5000 23.5000 23.7500 23.7500 23.7500 23.7500 23.7500 23.7500 23.7500 23.7500 23.7500 23.7500 23.7500 23.7500 23.7500 23.7500 23.7500 24.0000 24.0000 24.0000 24.0000 24.2500 24.2500 24.2500 24.2500 24.2500 24.2500 24.2500 24.2500 24.2500 24.2500 24.2500 24.2500 24.2500 24.2500 0.0000 0.0000 28.2500 28.2500 28.2500 28.5000 27.0000 23.2500 23.2500 23.2500 23.2500 23.2500 18.7500 28.2500 19.7500 36.0000 36.0000
22.2500 22.5000 22.5000 22.7500 23.0000 23.5000 23.5000 23.5000 23.5000 23.5000 23.5000 23.5000 23.5000 23.5000 23.5000 23.5000 23.5000 23.7500 23.7500 23.7500 23.7500 23.7500 23.7500 23.7500 23.7500 23.7500 0.0000 23.7500 23.7500 23.7500 23.7500 0.0000 24.0000 24.0000 24.0000 24.0000 24.2500 24.2500 24.2500 24.2500 24.2500 24.2500 24.2500 24.2500 24.2500 24.2500 24.2500 24.2500 24.2500 24.2500 0.0000 0.0000 23.0000 23.0000 0.0000 0.0000 23.2500 23.2500 23.2500 23.2500 23.2500 24.2500 25.2500 34.5000 35.7500 35.7500
22.0000 22.2500 22.2500 22.2500 0.0000 23.2500 23.5000 0.0000 0.0000 23.5000 23.5000 23.5000 23.5000 23.5000 23.5000 23.5000 23.5000 23.5000 23.5000 23.7500 23.7500 23.7500 23.7500 23.7500 23.7500 23.7500 23.7500 23.7500 23.7500 23.7500 23.7500 0.0000 24.0000 24.0000 24.0000 24.0000 24.2500 24.2500 24.2500 24.2500 24.2500 24.2500 24.2500 24.2500 24.2500 24.2500 24.2500 24.2500 24.2500 24.2500 0.0000 0.0000 23.0000 23.0000 23.0000 23.0000 23.0000 23.2500 23.2500 23.2500 23.2500 24.2500 25.2500 34.5000 35.5000 35.7500
21.5000 21.7500 21.7500 22.0000 22.2500 22.2500 0.0000 0.0000 0.0000 23.5000 23.5000 23.5000 23.5000 23.5000 23.5000 23.5000 23.5000 23.5000 23.5000 23.7500 23.7500 23.7500 23.7500 23.7500 23.7500 23.7500 23.7500 23.7500 23.7500 23.7500 0.0000 24.0000 24.0000 24.0000 24.0000 24.2500 24.2500 24.2500 24.2500 24.2500 24.2500 24.2500 24.2500 24.2500 24.2500 24.2500 24.2500 24.2500 24.2500 24.2500 24.2500 0.0000 0.0000 23.0000 23.0000 23.0000 23.0000 23.0000 0.0000 0.0000 0.0000 24.2500 0.0000 0.0000 0.0000 0.0000
21.0000 21.2500 21.5000 21.5000 0.0000 22.2500 0.0000 0.0000 0.0000 0.0000 23.5000 23.5000 23.5000 23.5000 23.5000 23.5000 23.5000 23.5000 23.5000 23.5000 23.7500 23.7500 23.7500 23.7500 23.7500 23.7500 23.7500 23.7500 23.7500 23.7500 0.0000 24.0000 24.0000 24.0000 24.2500 24.2500 24.2500 24.2500 24.2500 24.2500 24.2500 24.2500 24.2500 24.2500 24.2500 24.2500 24.2500 24.2500 24.2500 24.2500 24.2500 0.0000 0.0000 0.0000 24.5000 24.5000 24.5000 24.5000 24.2500 24.2500 24.2500 24.2500 24.5000 24.7500 24.7500 25.0000
20.7500 21.0000 21.2500 21.5000 21.5000 22.0000 0.0000 20.2500 20.2500 20.2500 0.0000 0.0000 23.2500 23.5000 23.5000 23.5000 23.5000 23.5000 23.5000 23.7500 23.7500 23.7500 23.7500 23.7500 23.7500 23.7500 23.7500 23.7500 23.7500 0.0000 24.0000 24.0000 24.2500 24.2500 24.2500 24.2500 24.2500 24.2500 24.2500 24.2500 24.2500 24.2500 24.2500 24.2500 24.2500 24.2500 24.2500 24.2500 24.2500 24.2500 24.2500 24.2500 0.0000 0.0000 24.5000 24.5000 24.5000 24.5000 24.2500 24.2500 24.2500 24.2500 24.5000 24.7500 24.7500 25.0000
20.2500 20.5000 20.7500 0.0000 21.5000 0.0000 20.2500 20.2500 20.2500 20.2500 20.2500 0.0000 23.2500 23.5000 23.5000 23.5000 23.5000 23.5000 23.5000 23.5000 23.7500 23.7500 23.7500 23.7500 23.7500 23.7500 23.7500 23.7500 23.7500 0.0000 24.0000 24.0000 24.2500 24.2500 24.2500 24.2500 24.2500 24.2500 24.2500 24.2500 24.2500 24.2500 24.2500 24.2500 24.2500 24.2500 24.2500 24.2500 24.2500 24.2500 24.2500 24.2500 24.2500 0.0000 24.5000 24.5000 24.5000 24.5000 24.2500 24.2500 24.2500 24.2500 24.7500 24.7500 24.7500 0.0000
20.0000 20.2500 20.2500 20.2500 20.2500 0.0000 20.2500 20.2500 20.2500 20.2500 20.2500 0.0000 23.2500 23.5000 23.5000 23.5000 23.5000 23.5000 23.5000 23.5000 23.7500 23.7500 23.7500 23.7500 23.7500 23.7500 23.7500 23.7500 24.0000 24.0000 24.0000 24.0000 24.0000 24.0000 24.2500 24.2500 24.2500 24.2500 24.2500 24.2500 24.2500 24.2500 24.2500 24.2500 24.2500 24.2500 24.2500 24.2500 24.2500 24.2500 24.2500 24.2500 24.2500 0.0000 0.0000 0.0000 24.5000 24.5000 24.5000 24.2500 24.2500 0.0000 25.0000 23.7500 0.0000 0.0000
0.0000 0.0000 0.0000 20.2500 20.2500 20.2500 20.2500 20.2500 20.2500 20.2500 20.2500 22.0000 23.2500 23.2500 23.2500 23.2500 23.2500 23.2500 23.5000 23.5000 23.7500 23.7500 23.7500 0.0000 0.0000 23.7500 23.7500 24.0000 24.0000 24.0000 24.0000 24.0000 24.0000 24.2500 24.2500 24.2500 24.2500 24.2500 24.2500 24.2500 24.2500 24.2500 24.2500 24.2500 24.2500 24.2500 24.2500 24.2500 24.2500 24.2500 24.2500 0.0000 24.2500 24.2500 0.0000 0.0000 0.0000 0.0000 24.5000 24.2500 24.2500 24.2500 25.0000 0.0000 0.0000 0.0000
17.7500 17.7500 0.0000 19.7500 20.0000 20.0000 20.2500 20.2500 20.2500 20.2500 0.0000 22.7500 23.0000 23.0000 23.0000 23.0000 23.2500 23.2500 23.2500 23.5000 23.7500 23.7500 23.7500 23.7500 23.7500 23.7500 23.7500 24.0000 24.0000 24.0000 24.0000 24.0000 24.0000 24.0000 24.2500 24.2500 24.2500 24.2500 24.2500 24.2500 24.2500 24.2500 24.2500 24.2500 24.2500 24.2500 24.2500 24.2500 24.2500 24.2500 24.2500 0.0000 24.5000 24.5000 0.0000 0.0000 0.0000 0.0000 24.5000 24.2500 24.2500 24.2500 25.0000 0.0000 0.0000 0.0000
17.7500 17.7500 17.7500 19.7500 20.0000 20.0000 20.0000 20.2500 20.2500 0.0000 22.0000 22.7500 22.7500 22.7500 23.0000 23.0000 23.0000 23.0000 23.2500 23.2500 23.2500 0.0000 23.7500 23.7500 23.7500 23.7500 24.0000 24.0000 24.0000 24.0000 24.0000 24.0000 24.0000 24.0000 24.2500 24.2500 24.2500 24.2500 24.2500 24.2500 24.2500 24.2500 24.2500 24.2500 24.2500 24.2500 24.2500 24.2500 24.2500 24.2500 24.2500 24.2500 24.5000 24.5000 0.0000 0.0000 0.0000 0.0000 0.0000 0.0000 0.0000 0.0000 25.0000 25.0000 25.0000 25.0000
17.5000 19.7500 19.7500 19.7500 19.7500 20.0000 20.0000 0.0000 21.0000 22.0000 22.0000 22.2500 22.5000 22.7500 22.7500 23.0000 23.0000 23.0000 23.0000 0.0000 0.0000 0.0000 23.7500 23.7500 23.7500 23.7500 24.0000 24.0000 24.0000 24.0000 24.0000 24.0000 24.0000 24.0000 24.2500 24.2500 24.2500 24.2500 24.2500 24.2500 24.2500 24.2500 24.2500 24.2500 24.2500 24.2500 24.2500 24.2500 24.2500 24.2500 24.2500 24.2500 0.0000 24.5000 24.5000 0.0000 0.0000 0.0000 0.0000 0.0000 0.0000 0.0000 0.0000 25.0000 25.0000 25.0000
0.0000 19.7500 19.7500 19.7500 19.7500 20.0000 20.0000 20.2500 21.0000 21.2500 21.7500 22.0000 22.0000 22.7500 22.7500 22.7500 23.0000 23.0000 23.0000 0.0000 0.0000 0.0000 23.7500 23.7500 23.7500 0.0000 24.0000 24.0000 24.0000 24.0000 24.0000 24.0000 24.0000 24.0000 24.0000 24.2500 24.2500 24.2500 24.2500 24.2500 24.2500 24.2500 24.2500 24.2500 24.2500 24.2500 24.2500 24.2500 24.2500 24.2500 24.2500 0.0000 24.5000 24.5000 24.5000 0.0000 0.0000 0.0000 0.0000 0.0000 0.0000 0.0000 0.0000 0.0000 0.0000 0.0000
17.7500 17.7500 0.0000 19.7500 19.7500 20.0000 20.0000 20.2500 20.7500 21.0000 21.5000 22.0000 22.0000 22.2500 22.5000 22.7500 22.7500 22.7500 22.7500 0.0000 0.0000 0.0000 23.7500 0.0000 23.7500 0.0000 24.0000 24.0000 24.0000 24.0000 24.0000 24.0000 24.0000 24.0000 24.0000 24.2500 24.2500 24.2500 24.2500 24.2500 24.2500 24.2500 24.2500 24.2500 24.2500 24.2500 24.2500 24.2500 24.2500 24.2500 24.2500 0.0000 24.5000 24.5000 24.5000 0.0000 0.0000 0.0000 0.0000 0.0000 0.0000 0.0000 0.0000 0.0000 0.0000 0.0000
0.0000 17.5000 18.0000 19.7500 19.7500 20.0000 20.0000 20.2500 20.5000 21.0000 21.5000 22.0000 22.0000 22.0000 22.2500 22.5000 22.7500 22.7500 22.7500 0.0000 0.0000 23.2500 23.7500 23.7500 23.7500 24.0000 24.0000 24.0000 24.0000 24.0000 24.0000 0.0000 24.0000 0.0000 24.2500 24.2500 24.2500 24.2500 24.2500 24.2500 24.2500 24.2500 24.2500 24.2500 24.2500 24.2500 24.2500 24.2500 24.2500 24.2500 24.2500 0.0000 24.5000 24.5000 24.5000 24.5000 0.0000 0.0000 0.0000 0.0000 0.0000 0.0000 0.0000 0.0000 0.0000 0.0000
