test/DeltaShell.Plugins.DelftModels.HydroModel.Tests/test-data/AcceptanceModels/SOBEK2/Jakarta/14/dm2tmaxd.asc
ncols              319
nrows              324
xllcorner        220584.859
yllcorner        795339.977
cellsize            100.000
NODATA_value       -999.9990
[rows 58 to 86 of 324, columns 132 to 197 of 319]
37.7500 0.0000 37.0000 37.0000 37.0000 0.0000 0.0000 0.0000 0.0000 0.0000 0.0000 0.0000 34.5000 34.5000 34.5000 34.5000 34.5000 34.5000 34.5000 34.5000 34.7500 34.7500 34.7500 34.7500 0.0000 0.0000 34.5000 0.0000 0.0000 34.5000 34.7500 34.7500 34.5000 34.5000 34.5000 34.5000 0.0000 34.5000 34.5000 34.5000 34.5000 34.5000 34.5000 34.5000 34.5000 34.5000 34.5000 34.5000 34.5000 34.5000 34.5000 34.5000 34.5000 34.5000 34.5000 0.0000 17.7500 17.7500 17.7500 18.0000 18.0000 18.5000 18.5000 18.5000 18.5000 18.5000
37.7500 0.0000 37.0000 37.0000 0.0000 0.0000 0.0000 0.0000 0.0000 0.0000 0.0000 0.0000 34.5000 34.5000 34.5000 34.5000 34.5000 34.5000 34.5000 34.5000 34.5000 34.5000 34.5000 34.5000 34.5000 34.5000 34.5000 0.0000 0.0000 34.5000 34.2500 34.5000 34.5000 34.5000 34.5000 34.5000 34.5000 34.5000 34.5000 34.5000 34.5000 34.5000 34.5000 34.5000 34.5000 34.5000 34.5000 34.5000 34.5000 34.5000 34.5000 34.5000 34.5000 34.5000 34.5000 0.0000 17.7500 17.7500 17.7500 17.7500 18.0000 18.2500 18.2500 18.5000 18.5000 18.7500
37.7500 37.7500 0.0000 0.0000 0.0000 0.0000 0.0000 0.0000 0.0000 0.0000 0.0000 0.0000 0.0000 34.5000 34.5000 34.5000 34.5000 34.5000 34.5000 34.5000 34.5000 34.5000 34.5000 34.5000 34.5000 34.5000 34.5000 34.5000 34.2500 34.0000 34.2500 34.5000 34.5000 34.5000 34.5000 34.5000 34.5000 34.5000 34.5000 34.5000 34.5000 34.5000 34.5000 34.5000 34.5000 34.5000 34.5000 34.5000 34.5000 34.5000 34.5000 34.5000 34.5000 7.0000 10.0000 10.0000 10.0000 17.7500 17.7500 17.7500 17.7500 0.0000 0.0000 18.5000 0.0000 0.0000
37.7500 37.5000 0.0000 0.0000 0.0000 0.0000 37.5000 0.0000 0.0000 0.0000 0.0000 0.0000 0.0000 34.5000 34.5000 34.5000 34.5000 34.5000 34.5000 34.5000 34.5000 34.5000 34.5000 34.5000 34.5000 34.5000 34.5000 34.5000 0.0000 34.0000 34.2500 34.5000 34.5000 34.5000 34.5000 34.5000 34.5000 34.5000 34.5000 34.5000 34.5000 34.5000 34.5000 34.5000 34.5000 34.5000 34.5000 34.5000 34.5000 0.0000 34.5000 34.5000 9.7500 9.7500 9.7500 10.0000 0.0000 17.5000 17.5000 17.5000 17.5000 0.0000 18.5000 18.5000 0.0000 0.0000
37.5000 37.5000 37.2500 0.0000 38.0000 37.7500 37.5000 0.0000 36.0000 0.0000 0.0000 0.0000 0.0000 34.5000 34.5000 34.5000 34.5000 34.5000 34.5000 34.5000 34.5000 34.5000 34.5000 34.5000 34.5000 34.5000 34.5000 34.5000 0.0000 0.0000 34.5000 34.5000 34.5000 34.5000 34.5000 34.5000 34.5000 34.5000 34.5000 34.5000 34.5000 34.5000 34.5000 34.5000 34.5000 34.5000 34.5000 34.5000 34.5000 34.5000 34.5000 34.5000 34.7500 9.7500 9.7500 10.0000 0.0000 17.5000 17.5000 17.5000 17.5000 0.0000 18.5000 18.5000 18.5000 18.5000
37.5000 37.5000 37.2500 38.2500 38.2500 0.0000 37.5000 36.0000 36.0000 35.2500 0.0000 0.0000 0.0000 34.5000 34.5000 34.5000 34.5000 34.5000 34.5000 34.5000 0.0000 0.0000 0.0000 34.5000 34.5000 34.5000 34.5000 34.7500 0.0000 0.0000 34.5000 0.0000 34.5000 34.5000 34.5000 34.5000 34.5000 34.5000 34.5000 34.5000 34.5000 34.5000 34.5000 34.5000 34.5000 34.5000 34.5000 34.5000 34.5000 34.5000 34.5000 34.5000 34.7500 0.0000 10.2500 10.2500 0.0000 0.0000 17.2500 17.0000 17.2500 17.2500 18.2500 18.5000 18.5000 18.5000
37.5000 37.5000 0.0000 38.2500 38.2500 38.2500 37.5000 36.0000 35.2500 35.2500 35.0000 34.7500 34.7500 0.0000 34.5000 34.5000 34.5000 34.5000 34.5000 34.5000 34.5000 34.5000 34.5000 34.5000 34.5000 0.0000 34.7500 34.7500 0.0000 0.0000 0.0000 34.5000 34.5000 34.5000 34.5000 34.5000 34.5000 34.5000 34.5000 34.5000 34.5000 34.5000 34.5000 34.5000 34.5000 34.5000 34.5000 34.5000 34.5000 34.5000 34.5000 34.5000 34.7500 10.0000 9.7500 10.2500 10.2500 0.0000 17.0000 17.0000 17.0000 17.2500 0.0000 0.0000 0.0000 0.0000
37.5000 37.5000 0.0000 38.2500 38.2500 38.2500 0.0000 35.7500 35.0000 34.7500 34.7500 34.7500 34.7500 0.0000 34.5000 34.5000 34.5000 34.5000 34.5000 34.5000 34.5000 34.5000 34.5000 34.5000 0.0000 0.0000 0.0000 34.7500 0.0000 0.0000 0.0000 34.5000 34.5000 34.5000 34.5000 34.5000 34.5000 34.5000 34.5000 34.5000 34.5000 34.5000 34.5000 34.5000 34.5000 34.5000 34.5000 34.5000 34.5000 34.5000 34.5000 34.7500 34.7500 34.7500 34.7500 34.7500 0.0000 0.0000 17.0000 17.0000 17.0000 17.0000 17.2500 17.2500 17.2500 17.2500
37.5000 37.5000 0.0000 38.2500 38.2500 38.2500 0.0000 0.0000 35.0000 0.0000 34.7500 34.7500 34.7500 34.5000 34.2500 34.2500 0.0000 0.0000 34.5000 34.5000 34.5000 34.2500 34.2500 34.2500 0.0000 34.7500 34.7500 34.7500 0.0000 0.0000 0.0000 34.5000 34.5000 34.5000 34.5000 34.5000 34.5000 34.5000 34.5000 34.5000 34.5000 34.5000 34.5000 34.5000 34.5000 34.5000 34.5000 34.5000 34.5000 0.0000 0.0000 0.0000 34.7500 34.7500 34.7500 34.7500 0.0000 0.0000 17.0000 17.0000 16.7500 11.2500 16.7500 17.2500 17.2500 17.2500
37.5000 37.5000 36.7500 38.2500 38.2500 38.2500 38.2500 0.0000 34.7500 34.7500 34.7500 34.7500 34.7500 0.0000 34.2500 34.2500 34.2500 0.0000 33.5000 0.0000 33.5000 34.0000 34.0000 34.2500 26.7500 34.5000 34.7500 34.7500 36.0000 0.0000 0.0000 34.5000 34.5000 34.5000 34.5000 34.5000 34.5000 34.5000 34.5000 34.5000 34.5000 34.5000 34.5000 34.5000 34.5000 34.2500 34.2500 34.5000 34.5000 0.0000 0.0000 0.0000 34.7500 34.7500 0.0000 0.0000 0.0000 10.2500 11.0000 11.0000 11.2500 11.2500 16.7500 16.7500 17.2500 17.2500
0.0000 0.0000 0.0000 38.2500 38.2500 0.0000 0.0000 34.7500 34.7500 34.7500 34.7500 34.7500 34.0000 34.0000 33.7500 34.0000 0.0000 33.5000 33.5000 0.0000 27.5000 27.5000 0.0000 26.5000 24.2500 34.5000 34.5000 0.0000 44.2500 44.5000 0.0000 34.5000 34.5000 34.5000 34.5000 34.5000 34.5000 34.5000 34.5000 34.2500 34.2500 34.2500 34.2500 34.5000 34.2500 34.2500 34.2500 34.2500 34.2500 0.0000 0.0000 0.0000 0.0000 0.0000 0.0000 0.0000 0.0000 0.0000 10.5000 10.7500 11.0000 11.2500 11.2500 16.7500 16.7500 17.2500
36.0000 0.0000 0.0000 0.0000 0.0000 0.0000 34.7500 34.7500 34.7500 34.7500 34.7500 34.7500 34.7500 0.0000 33.2500 33.2500 33.0000 0.0000 33.0000 33.0000 27.2500 27.2500 26.5000 26.5000 24.2500 23.5000 24.5000 26.0000 44.5000 44.5000 44.5000 0.0000 34.5000 34.5000 34.5000 34.5000 34.5000 34.5000 34.2500 34.2500 34.2500 34.2500 34.2500 34.2500 34.2500 34.2500 34.2500 34.2500 34.2500 34.2500 34.2500 0.0000 0.0000 0.0000 0.0000 0.0000 0.0000 10.2500 10.2500 10.7500 10.7500 10.7500 11.0000 10.5000 10.7500 17.2500
36.0000 0.0000 24.2500 24.2500 24.2500 0.0000 34.7500 34.7500 34.7500 34.7500 34.7500 34.7500 34.7500 33.0000 33.0000 33.0000 33.0000 33.0000 33.0000 33.0000 27.2500 27.2500 26.5000 26.2500 24.5000 23.0000 28.2500 35.7500 0.0000 0.0000 44.5000 0.0000 34.5000 34.5000 34.5000 34.5000 0.0000 0.0000 33.7500 34.0000 34.0000 34.0000 33.7500 0.0000 34.0000 34.0000 34.0000 34.0000 34.0000 34.2500 34.2500 34.2500 0.0000 0.0000 0.0000 0.0000 0.0000 10.2500 10.2500 10.5000 10.7500 10.7500 10.7500 0.0000 17.0000 17.5000
36.0000 0.0000 24.2500 24.2500 24.2500 0.0000 34.7500 34.7500 34.7500 34.7500 0.0000 0.0000 34.7500 0.0000 33.0000 33.0000 33.0000 32.7500 32.7500 27.5000 27.2500 26.7500 26.2500 25.7500 24.5000 22.5000 0.0000 0.0000 0.0000 44.5000 44.5000 0.0000 34.2500 34.2500 34.2500 34.2500 0.0000 0.0000 33.7500 33.7500 33.7500 33.7500 33.5000 33.7500 34.0000 34.0000 34.0000 34.0000 0.0000 0.0000 0.0000 0.0000 0.0000 0.0000 18.2500 18.2500 18.2500 16.7500 10.2500 10.5000 10.5000 10.7500 10.7500 10.7500 10.5000 17.5000
36.0000 0.0000 24.2500 24.2500 24.2500 24.2500 0.0000 34.7500 34.7500 34.7500 0.0000 0.0000 0.0000 0.0000 27.5000 0.0000 27.5000 32.7500 27.5000 27.2500 27.0000 26.2500 25.7500 25.5000 24.7500 0.0000 24.7500 0.0000 0.0000 0.0000 0.0000 0.0000 34.2500 34.2500 34.0000 33.7500 33.7500 33.5000 33.5000 33.5000 33.5000 28.0000 33.5000 33.7500 33.7500 33.7500 34.0000 34.0000 0.0000 0.0000 0.0000 0.0000 0.0000 0.0000 18.2500 18.2500 18.2500 18.2500 9.5000 10.5000 10.5000 0.0000 0.0000 0.0000 0.0000 0.0000
36.0000 0.0000 24.2500 24.2500 24.2500 24.2500 0.0000 34.7500 34.7500 34.7500 0.0000 0.0000 0.0000 0.0000 27.2500 27.2500 27.5000 27.5000 27.5000 0.0000 0.0000 25.5000 25.5000 25.2500 24.7500 24.7500 24.7500 0.0000 0.0000 0.0000 0.0000 0.0000 0.0000 33.7500 33.2500 33.5000 0.0000 27.5000 27.5000 27.5000 27.7500 27.7500 28.0000 33.5000 33.7500 33.7500 33.7500 33.7500 0.0000 0.0000 0.0000 0.0000 0.0000 0.0000 18.2500 18.2500 18.2500 18.2500 9.7500 10.5000 10.5000 0.0000 0.0000 0.0000 0.0000 0.0000
0.0000 10.0000 0.0000 24.2500 24.2500 24.2500 0.0000 34.7500 34.7500 0.0000 0.0000 0.0000 0.0000 27.2500 27.2500 27.2500 27.2500 27.5000 27.5000 0.0000 25.5000 25.5000 25.2500 25.2500 25.0000 24.7500 24.7500 0.0000 0.0000 0.0000 0.0000 0.0000 0.0000 0.0000 26.5000 27.2500 27.0000 27.0000 27.2500 27.2500 27.5000 27.7500 27.7500 27.7500 28.0000 28.2500 28.0000 33.7500 27.7500 0.0000 0.0000 0.0000 0.0000 0.0000 0.0000 18.2500 18.2500 18.2500 9.7500 0.0000 10.7500 0.0000 0.0000 0.0000 0.0000 0.0000
24.7500 24.7500 24.7500 24.5000 24.5000 24.5000 24.5000 0.0000 35.0000 33.2500 0.0000 0.0000 0.0000 27.2500 27.2500 27.2500 27.2500 26.7500 26.5000 0.0000 0.0000 25.2500 25.2500 25.0000 24.7500 24.7500 24.7500 24.7500 24.7500 0.0000 0.0000 20.0000 0.0000 24.5000 24.7500 25.7500 26.5000 27.0000 27.2500 27.2500 27.2500 27.2500 27.5000 27.5000 27.2500 0.0000 27.5000 27.7500 27.7500 0.0000 0.0000 0.0000 0.0000 0.0000 0.0000 18.2500 18.2500 0.0000 0.0000 0.0000 10.7500 0.0000 0.0000 0.0000 0.0000 0.0000
25.0000 25.0000 24.7500 24.5000 24.5000 24.5000 24.5000 0.0000 43.2500 43.2500 0.0000 0.0000 0.0000 0.0000 0.0000 0.0000 27.0000 26.7500 26.2500 26.2500 25.5000 25.2500 25.0000 25.0000 24.7500 24.7500 24.7500 24.7500 24.5000 24.5000 24.5000 24.5000 24.2500 24.5000 24.7500 24.7500 25.5000 26.2500 27.0000 27.0000 27.0000 26.7500 26.7500 27.0000 27.2500 27.5000 27.5000 27.7500 83.7500 26.2500 22.2500 22.0000 0.0000 18.2500 18.2500 19.7500 19.7500 0.0000 0.0000 0.0000 0.0000 0.0000 0.0000 0.0000 76.0000 74.7500
25.0000 25.0000 0.0000 24.5000 24.5000 24.5000 24.5000 0.0000 43.2500 43.2500 43.2500 0.0000 0.0000 0.0000 0.0000 0.0000 27.0000 26.5000 26.2500 26.0000 25.5000 25.2500 25.0000 25.0000 24.7500 24.7500 24.7500 24.7500 24.5000 24.5000 24.5000 24.5000 24.2500 24.5000 24.7500 24.7500 25.2500 25.7500 26.0000 26.5000 26.5000 26.5000 26.5000 26.0000 26.0000 26.0000 26.0000 26.0000 0.0000 26.5000 0.0000 21.0000 21.0000 21.0000 0.0000 19.7500 20.0000 0.0000 0.0000 0.0000 0.0000 0.0000 0.0000 48.2500 75.7500 73.2500
0.0000 0.0000 0.0000 0.0000 24.5000 24.5000 24.5000 0.0000 43.2500 43.2500 0.0000 0.0000 0.0000 0.0000 0.0000 0.0000 0.0000 26.5000 26.2500 26.0000 25.5000 25.2500 25.0000 25.0000 24.7500 24.7500 24.7500 24.5000 24.5000 24.5000 24.5000 24.5000 24.2500 24.2500 24.5000 24.7500 25.2500 25.5000 0.0000 25.7500 26.2500 26.0000 26.0000 26.0000 26.0000 26.0000 26.0000 26.0000 0.0000 26.5000 0.0000 0.0000 0.0000 0.0000 0.0000 0.0000 20.0000 31.2500 31.2500 31.2500 0.0000 0.0000 0.0000 47.7500 0.0000 72.7500
0.0000 0.0000 0.0000 0.0000 24.5000 24.5000 24.5000 0.0000 44.0000 43.2500 43.7500 0.0000 0.0000 0.0000 0.0000 0.0000 26.5000 26.5000 0.0000 26.0000 22.7500 21.7500 21.2500 21.2500 0.0000 0.0000 0.0000 24.5000 24.5000 24.5000 24.5000 24.5000 24.5000 24.2500 24.5000 24.7500 24.7500 25.5000 25.5000 25.5000 25.7500 26.0000 26.0000 26.0000 26.0000 26.0000 0.0000 26.0000 0.0000 0.0000 31.0000 0.0000 31.2500 31.2500 31.2500 31.2500 31.2500 31.2500 31.2500 0.0000 0.0000 0.0000 0.0000 47.0000 73.0000 72.7500
0.0000 0.0000 0.0000 0.0000 0.0000 0.0000 0.0000 44.0000 44.0000 0.0000 0.0000 0.0000 0.0000 0.0000 0.0000 0.0000 0.0000 26.5000 0.0000 0.0000 0.0000 0.0000 0.0000 0.0000 0.0000 0.0000 0.0000 24.5000 24.5000 24.5000 24.5000 24.5000 24.5000 24.2500 24.5000 24.5000 24.7500 25.2500 25.5000 25.5000 25.5000 25.5000 26.0000 26.0000 26.0000 26.0000 26.0000 26.0000 26.0000 31.0000 31.0000 31.2500 31.2500 31.2500 31.2500 31.2500 31.2500 31.2500 31.2500 31.2500 31.2500 0.0000 46.2500 46.2500 0.0000 0.0000
0.0000 0.0000 0.0000 0.0000 0.0000 0.0000 0.0000 28.2500 0.0000 0.0000 0.0000 0.0000 0.0000 0.0000 0.0000 0.0000 0.0000 0.0000 0.0000 0.0000 0.0000 0.0000 0.0000 0.0000 0.0000 0.0000 0.0000 24.5000 24.5000 24.5000 24.5000 24.5000 24.5000 24.2500 24.5000 24.5000 24.7500 24.7500 25.2500 25.2500 25.5000 25.5000 0.0000 0.0000 26.0000 26.0000 26.0000 0.0000 0.0000 0.0000 0.0000 0.0000 0.0000 31.2500 31.2500 31.2500 31.2500 31.2500 31.2500 31.2500 0.0000 0.0000 46.2500 46.2500 0.0000 0.0000
0.0000 0.0000 0.0000 0.0000 0.0000 0.0000 0.0000 28.0000 0.0000 0.0000 0.0000 0.0000 0.0000 0.0000 0.0000 0.0000 0.0000 0.0000 0.0000 0.0000 0.0000 0.0000 0.0000 0.0000 0.0000 0.0000 24.5000 24.5000 24.5000 24.5000 24.5000 24.5000 24.5000 24.2500 24.2500 24.5000 24.7500 25.0000 25.0000 25.2500 25.2500 25.2500 25.2500 25.2500 26.0000 25.7500 25.7500 0.0000 0.0000 0.0000 25.7500 0.0000 0.0000 0.0000 0.0000 31.2500 31.2500 31.2500 31.2500 0.0000 0.0000 46.2500 46.2500 46.2500 46.2500 22.0000
0.0000 0.0000 0.0000 0.0000 0.0000 0.0000 0.0000 28.0000 0.0000 0.0000 0.0000 0.0000 0.0000 0.0000 0.0000 0.0000 0.0000 0.0000 0.0000 0.0000 0.0000 0.0000 0.0000 0.0000 0.0000 0.0000 24.5000 24.5000 24.5000 24.5000 24.5000 24.5000 24.5000 24.2500 24.2500 24.2500 24.7500 24.7500 25.0000 25.0000 25.2500 25.2500 25.2500 0.0000 0.0000 25.7500 25.7500 25.7500 0.0000 0.0000 25.7500 0.0000 0.0000 0.0000 0.0000 31.2500 31.2500 31.2500 0.0000 15.5000 0.0000 0.0000 0.0000 0.0000 0.0000 0.0000
0.0000 0.0000 0.0000 0.0000 0.0000 0.0000 0.0000 28.0000 28.2500 28.2500 25.5000 0.0000 0.0000 0.0000 0.0000 0.0000 0.0000 0.0000 31.0000 0.0000 0.0000 0.0000 0.0000 0.0000 0.0000 0.0000 24.5000 24.5000 24.5000 24.5000 24.5000 24.5000 24.2500 0.0000 24.2500 24.2500 24.7500 25.0000 25.0000 25.0000 25.0000 25.2500 25.2500 0.0000 25.5000 25.7500 25.7500 25.7500 25.7500 25.7500 25.7500 0.0000 14.0000 0.0000 0.0000 11.2500 0.0000 0.0000 17.5000 17.5000 17.5000 17.5000 16.7500 16.7500 16.7500 0.0000
0.0000 0.0000 0.0000 0.0000 0.0000 0.0000 0.0000 28.0000 0.0000 0.0000 25.5000 25.5000 21.7500 23.5000 20.7500 23.5000 31.0000 31.0000 31.0000 30.2500 0.0000 0.0000 0.0000 0.0000 0.0000 0.0000 0.0000 24.5000 24.5000 24.5000 24.5000 24.5000 24.2500 24.2500 9.5000 24.2500 24.5000 24.7500 25.0000 25.0000 0.0000 25.2500 25.2500 25.5000 25.5000 25.5000 25.5000 0.0000 25.7500 25.7500 25.7500 0.0000 11.0000 11.0000 11.0000 11.2500 0.0000 0.0000 17.5000 17.5000 17.5000 16.7500 16.7500 16.7500 16.7500 16.7500
0.0000 0.0000 0.0000 0.0000 0.0000 0.0000 0.0000 28.0000 26.5000 25.5000 25.5000 25.5000 24.7500 24.0000 20.7500 0.0000 0.0000 0.0000 30.5000 30.2500 0.0000 0.0000 0.0000 0.0000 0.0000 0.0000 0.0000 0.0000 24.5000 24.5000 24.5000 24.2500 24.2500 24.2500 24.0000 24.2500 24.2500 25.0000 25.0000 25.0000 25.0000 25.0000 25.0000 25.5000 25.5000 25.5000 25.5000 25.7500 25.7500 25.7500 25.7500 25.7500 26.0000 11.0000 10.7500 0.0000 0.0000 17.5000 17.5000 17.5000 17.5000 16.7500 16.7500 16.7500 16.7500 16.7500
