test/DeltaShell.Plugins.DelftModels.HydroModel.Tests/test-data/AcceptanceModels/SOBEK2/Jakarta/1/dm2twt00.asc
ncols              319
nrows              324
xllcorner        220584.859
yllcorner        795339.977
cellsize            100.000
NODATA_value       -999.9990
[rows 52 to 77 of 324, columns 60 to 119 of 319]
15.0000 15.2500 15.5000 16.7500 15.5000 15.2500 15.7500 16.2500 17.7500 17.7500 15.5000 15.2500 15.2500 15.0000 -999.9990 19.2500 19.2500 20.5000 20.2500 22.5000 -999.9990 -999.9990 -999.9990 -999.9990 -999.9990 -999.9990 -999.9990 -999.9990 24.7500 21.5000 -999.9990 22.7500 22.7500 24.2500 19.0000 16.7500 -999.9990 14.7500 16.5000 18.2500 -999.9990 -999.9990 -999.9990 -999.9990 -999.9990 -999.9990 -999.9990 -999.9990 -999.9990 -999.9990 -999.9990 -999.9990 -999.9990 -999.9990 -999.9990 -999.9990 -999.9990 -999.9990 19.2500 19.0000
15.7500 15.0000 15.0000 15.0000 16.5000 15.0000 14.7500 15.0000 17.0000 17.5000 16.5000 15.5000 15.0000 14.7500 18.7500 20.0000 19.2500 -999.9990 -999.9990 -999.9990 -999.9990 -999.9990 -999.9990 -999.9990 -999.9990 -999.9990 -999.9990 -999.9990 -999.9990 28.7500 34.0000 24.5000 23.5000 25.0000 23.5000 17.2500 -999.9990 14.5000 13.7500 17.7500 9.7500 -999.9990 -999.9990 -999.9990 -999.9990 -999.9990 -999.9990 -999.9990 -999.9990 -999.9990 -999.9990 -999.9990 -999.9990 -999.9990 -999.9990 -999.9990 -999.9990 20.5000 18.7500 18.7500
14.7500 15.0000 15.0000 15.0000 15.0000 14.2500 14.5000 14.7500 15.0000 15.2500 15.2500 15.2500 14.7500 14.5000 -999.9990 -999.9990 -999.9990 -999.9990 -999.9990 -999.9990 -999.9990 -999.9990 13.7500 13.5000 13.0000 12.7500 -999.9990 -999.9990 -999.9990 -999.9990 -999.9990 30.5000 -999.9990 -999.9990 -999.9990 25.7500 -999.9990 15.5000 13.5000 18.2500 9.7500 9.5000 -999.9990 -999.9990 -999.9990 -999.9990 -999.9990 -999.9990 -999.9990 -999.9990 -999.9990 -999.9990 -999.9990 -999.9990 -999.9990 21.5000 18.7500 18.5000 18.5000 18.7500
14.0000 14.7500 14.7500 15.0000 14.0000 14.2500 15.2500 14.7500 15.5000 15.2500 15.0000 14.7500 14.5000 14.5000 15.7500 15.7500 15.5000 15.5000 16.2500 16.2500 15.2500 15.0000 13.7500 13.5000 13.5000 12.5000 12.5000 13.2500 12.0000 -999.9990 -999.9990 -999.9990 -999.9990 -999.9990 -999.9990 -999.9990 -999.9990 12.5000 10.0000 -999.9990 9.7500 9.5000 9.2500 -999.9990 -999.9990 -999.9990 -999.9990 -999.9990 -999.9990 -999.9990 -999.9990 -999.9990 -999.9990 22.2500 21.2500 21.2500 20.2500 18.2500 18.5000 19.0000
13.7500 14.7500 14.2500 14.5000 14.0000 14.2500 14.5000 14.5000 14.7500 15.0000 15.2500 14.5000 15.2500 14.2500 15.5000 15.2500 15.5000 15.2500 15.5000 16.2500 16.0000 15.0000 13.5000 13.7500 13.5000 12.5000 12.2500 11.7500 11.5000 11.5000 11.0000 11.0000 10.7500 10.7500 10.5000 10.0000 10.2500 10.5000 9.7500 14.0000 -999.9990 9.5000 9.2500 9.2500 -999.9990 -999.9990 -999.9990 -999.9990 -999.9990 -999.9990 -999.9990 -999.9990 -999.9990 22.0000 21.0000 19.5000 21.5000 18.2500 18.5000 21.0000
13.2500 13.7500 13.7500 13.5000 13.5000 14.5000 14.7500 15.0000 14.7500 16.0000 14.0000 14.5000 16.2500 14.2500 -999.9990 14.5000 15.5000 15.0000 15.2500 15.2500 15.0000 14.7500 13.2500 13.5000 13.5000 13.5000 13.2500 12.0000 13.5000 11.2500 11.0000 10.7500 10.7500 10.5000 10.0000 10.0000 10.7500 10.2500 9.5000 9.0000 -999.9990 9.2500 9.0000 9.2500 10.0000 -999.9990 -999.9990 -999.9990 -999.9990 -999.9990 -999.9990 -999.9990 -999.9990 -999.9990 -999.9990 19.2500 18.2500 18.0000 18.5000 21.0000
13.0000 13.0000 12.7500 12.7500 13.0000 14.0000 15.7500 15.7500 14.7500 13.7500 13.7500 14.0000 14.0000 14.0000 14.0000 14.2500 15.2500 15.0000 15.7500 15.0000 14.2500 12.7500 13.0000 13.2500 13.5000 13.7500 13.2500 13.0000 13.5000 11.0000 10.7500 10.7500 10.2500 10.0000 10.0000 9.7500 9.5000 9.2500 9.2500 9.0000 8.7500 8.7500 0.2500 0.2500 10.0000 10.7500 -999.9990 -999.9990 -999.9990 -999.9990 -999.9990 -999.9990 16.7500 16.7500 16.7500 17.0000 17.7500 17.7500 17.7500 18.0000
12.5000 12.5000 12.5000 12.7500 12.7500 13.0000 14.2500 13.2500 14.5000 13.7500 14.0000 14.5000 14.0000 -999.9990 13.5000 14.2500 14.7500 14.7500 14.7500 15.0000 14.2500 12.5000 13.0000 13.2500 13.2500 13.5000 13.0000 12.2500 11.5000 11.5000 13.0000 12.5000 10.5000 10.2500 10.2500 10.0000 9.7500 9.5000 9.7500 9.2500 9.2500 9.7500 0.0000 0.2500 9.2500 10.0000 10.2500 -999.9990 -999.9990 -999.9990 -999.9990 19.2500 16.7500 16.5000 16.7500 17.2500 17.2500 17.5000 18.0000 21.2500
12.5000 12.2500 12.2500 12.5000 12.5000 12.5000 12.7500 12.7500 12.7500 13.5000 14.5000 14.7500 13.7500 13.5000 13.2500 14.0000 13.5000 13.7500 14.5000 16.0000 12.2500 12.2500 13.2500 14.5000 13.2500 13.2500 12.0000 11.7500 11.5000 13.5000 11.2500 11.0000 10.7500 10.5000 10.2500 10.2500 9.7500 9.7500 9.7500 -999.9990 16.0000 10.5000 0.2500 9.2500 10.0000 10.2500 10.5000 11.0000 -999.9990 -999.9990 -999.9990 16.5000 16.2500 16.5000 16.7500 17.0000 17.0000 17.5000 18.2500 -999.9990
12.7500 12.5000 12.0000 12.0000 12.2500 12.2500 12.2500 12.5000 12.5000 12.2500 13.5000 16.2500 15.2500 -999.9990 13.2500 13.2500 12.7500 13.5000 14.0000 14.2500 11.5000 12.2500 12.2500 12.7500 13.0000 13.5000 12.2500 12.2500 12.7500 11.5000 11.2500 11.0000 10.7500 10.5000 10.7500 12.0000 10.5000 10.0000 10.0000 -999.9990 10.2500 9.5000 9.2500 9.5000 10.5000 10.7500 10.7500 11.0000 11.0000 -999.9990 -999.9990 16.2500 16.7500 16.7500 17.5000 21.7500 18.7500 18.7500 19.5000 -999.9990
14.2500 -999.9990 12.2500 11.7500 11.7500 12.0000 12.0000 12.5000 11.7500 11.7500 11.7500 13.0000 16.0000 11.5000 11.7500 11.7500 12.0000 12.2500 12.7500 11.7500 11.2500 13.5000 13.2500 13.0000 12.0000 12.7500 12.5000 12.5000 12.2500 11.7500 11.7500 11.2500 11.5000 10.7500 10.7500 10.7500 10.7500 13.0000 13.5000 14.0000 -999.9990 10.2500 10.2500 9.7500 10.5000 10.5000 11.2500 11.2500 11.2500 16.2500 -999.9990 15.7500 19.5000 18.5000 19.0000 21.5000 20.0000 19.0000 19.7500 21.7500
14.0000 -999.9990 12.2500 11.7500 11.7500 11.5000 11.5000 11.2500 11.0000 11.2500 11.0000 11.2500 11.5000 11.2500 11.7500 12.0000 12.0000 12.2500 12.5000 12.0000 11.2500 11.7500 13.0000 11.5000 11.5000 12.2500 12.5000 13.0000 13.0000 13.2500 12.2500 11.5000 11.0000 11.0000 11.0000 12.5000 11.0000 11.5000 14.0000 14.0000 -999.9990 10.5000 10.5000 10.0000 10.2500 10.7500 11.5000 12.0000 12.2500 12.0000 14.0000 -999.9990 -999.9990 19.0000 19.0000 19.2500 19.5000 19.7500 -999.9990 -999.9990
13.7500 12.2500 12.0000 11.7500 11.7500 11.5000 11.2500 11.0000 11.0000 10.7500 11.0000 11.0000 -999.9990 11.2500 13.7500 13.0000 12.2500 13.2500 14.0000 12.7500 11.0000 11.0000 11.2500 11.2500 13.0000 12.7500 12.5000 12.7500 12.0000 12.2500 12.7500 12.0000 11.2500 11.2500 11.2500 11.5000 11.0000 11.5000 13.7500 -999.9990 13.7500 10.2500 10.7500 11.0000 10.7500 11.0000 11.2500 11.2500 11.5000 11.7500 13.7500 -999.9990 -999.9990 19.2500 20.2500 19.5000 20.5000 -999.9990 -999.9990 -999.9990
19.5000 12.5000 11.7500 11.7500 11.7500 11.7500 11.5000 11.0000 10.7500 10.7500 10.7500 11.2500 11.0000 10.7500 11.0000 12.0000 12.7500 13.2500 13.5000 14.5000 10.7500 11.0000 11.7500 12.0000 12.2500 12.7500 12.5000 12.0000 12.0000 12.2500 12.7500 11.5000 11.2500 11.5000 11.2500 11.7500 11.7500 12.0000 13.0000 -999.9990 10.7500 10.2500 11.2500 11.2500 11.0000 11.0000 11.2500 11.5000 11.5000 11.7500 13.7500 14.0000 -999.9990 19.0000 19.2500 19.2500 20.0000 22.0000 -999.9990 -999.9990
13.7500 12.0000 12.0000 11.5000 11.5000 11.5000 11.5000 11.2500 10.7500 10.5000 10.5000 -999.9990 10.5000 10.5000 11.0000 11.0000 12.7500 16.0000 11.0000 11.5000 10.7500 10.7500 13.2500 13.2500 12.7500 13.0000 12.2500 11.7500 11.7500 12.0000 11.7500 14.0000 12.0000 11.2500 12.0000 11.5000 11.2500 11.0000 14.2500 -999.9990 9.7500 10.0000 12.7500 12.7500 12.0000 12.2500 12.2500 11.7500 11.7500 12.0000 12.2500 17.5000 -999.9990 19.0000 22.2500 19.5000 19.7500 19.7500 -999.9990 -999.9990
13.2500 12.2500 12.0000 11.5000 11.5000 11.5000 11.5000 11.2500 10.7500 10.7500 10.2500 10.2500 10.2500 10.5000 12.7500 9.7500 9.7500 10.5000 10.5000 11.0000 10.5000 14.5000 15.2500 13.7500 12.7500 13.5000 12.5000 11.5000 11.5000 12.0000 11.7500 12.2500 11.5000 11.2500 12.5000 13.0000 13.0000 10.5000 11.5000 -999.9990 9.5000 10.0000 13.2500 12.7500 12.2500 11.7500 13.5000 12.2500 12.0000 12.2500 12.2500 13.7500 15.7500 -999.9990 19.0000 -999.9990 19.5000 19.7500 -999.9990 -999.9990
13.2500 13.0000 11.5000 11.5000 11.2500 11.2500 11.2500 11.0000 10.7500 10.5000 10.2500 10.2500 9.2500 9.5000 10.5000 9.2500 9.5000 9.0000 9.7500 10.2500 10.5000 15.2500 11.7500 11.7500 12.5000 14.0000 12.5000 11.5000 11.5000 12.5000 11.5000 12.2500 12.0000 10.7500 11.0000 13.2500 10.2500 10.0000 12.2500 -999.9990 9.2500 9.5000 10.0000 10.5000 11.0000 11.5000 12.0000 12.2500 12.5000 13.2500 12.7500 13.0000 13.7500 15.7500 16.0000 19.5000 19.5000 19.7500 -999.9990 -999.9990
11.2500 13.0000 11.2500 11.2500 11.2500 11.2500 11.2500 11.2500 11.5000 11.5000 -999.9990 10.2500 9.2500 9.0000 8.7500 8.7500 8.2500 8.0000 8.7500 9.0000 13.2500 16.5000 15.2500 11.2500 15.2500 12.7500 10.7500 11.0000 11.0000 11.2500 11.5000 11.7500 13.0000 10.5000 10.2500 13.2500 10.0000 10.2500 -999.9990 9.2500 9.0000 9.7500 10.2500 10.5000 10.5000 11.5000 12.2500 12.5000 12.5000 12.7500 12.7500 13.7500 13.7500 17.7500 -999.9990 -999.9990 -999.9990 -999.9990 -999.9990 -999.9990
10.7500 11.5000 11.0000 11.0000 11.0000 11.0000 11.2500 11.2500 11.5000 11.5000 10.7500 9.5000 9.5000 9.0000 8.5000 8.0000 8.0000 8.0000 8.2500 9.0000 23.0000 13.2500 13.0000 11.2500 10.2500 10.5000 10.5000 11.0000 11.0000 11.0000 11.2500 11.7500 12.0000 13.0000 10.2500 11.7500 11.2500 9.5000 -999.9990 8.7500 9.5000 11.5000 11.5000 11.7500 12.0000 12.0000 12.2500 12.5000 12.7500 13.0000 13.2500 13.5000 13.7500 17.2500 -999.9990 -999.9990 -999.9990 26.0000 28.2500 -999.9990
10.7500 10.7500 10.7500 11.0000 11.0000 11.0000 11.2500 11.2500 11.5000 11.5000 -999.9990 9.7500 9.7500 9.5000 9.0000 8.0000 7.7500 7.7500 8.7500 9.7500 12.0000 13.0000 9.7500 10.0000 10.2500 13.7500 10.7500 11.0000 11.0000 11.2500 11.5000 11.7500 14.5000 12.7500 10.0000 9.5000 9.2500 9.0000 -999.9990 8.5000 11.2500 9.5000 9.5000 10.0000 10.0000 12.5000 15.5000 12.0000 11.2500 11.5000 11.7500 14.7500 13.7500 14.2500 16.5000 -999.9990 -999.9990 22.2500 24.5000 -999.9990
10.5000 10.5000 10.5000 11.0000 10.7500 10.7500 11.0000 11.0000 11.0000 10.7500 10.7500 10.0000 10.0000 9.5000 8.7500 7.7500 7.5000 7.5000 8.0000 9.2500 10.0000 9.2500 9.5000 10.2500 10.2500 10.5000 10.5000 11.0000 11.0000 11.5000 12.0000 12.2500 16.2500 14.2500 10.5000 12.2500 9.0000 9.0000 8.5000 8.5000 8.7500 9.2500 9.2500 9.7500 10.0000 10.2500 14.5000 12.0000 11.0000 11.2500 11.5000 15.7500 13.2500 12.2500 15.5000 -999.9990 -999.9990 21.0000 24.5000 26.5000
10.5000 10.2500 10.5000 10.5000 10.7500 10.7500 11.0000 11.2500 11.2500 11.2500 11.2500 10.0000 10.0000 10.2500 12.0000 7.7500 7.5000 7.2500 7.2500 7.5000 7.7500 8.0000 9.0000 9.0000 11.0000 10.7500 11.0000 11.0000 12.5000 11.5000 12.5000 14.2500 -999.9990 15.2500 12.7500 9.2500 9.0000 -999.9990 8.5000 8.5000 9.0000 9.2500 9.2500 9.7500 9.7500 10.2500 10.2500 10.5000 10.7500 11.0000 11.2500 11.7500 11.7500 12.0000 12.2500 15.7500 -999.9990 -999.9990 -999.9990 19.5000
10.7500 10.2500 10.2500 10.2500 10.7500 10.7500 11.0000 11.0000 11.2500 11.2500 -999.9990 10.5000 11.7500 -999.9990 -999.9990 15.7500 7.2500 7.0000 7.0000 6.7500 7.0000 7.5000 8.0000 8.2500 10.7500 10.7500 11.0000 11.2500 11.5000 10.7500 11.0000 15.2500 12.5000 10.5000 10.2500 9.5000 12.5000 -999.9990 15.2500 8.7500 9.0000 9.5000 9.5000 9.7500 10.0000 10.2500 10.5000 10.5000 10.7500 11.2500 12.0000 12.2500 12.5000 12.7500 12.2500 16.0000 -999.9990 -999.9990 18.7500 18.5000
10.0000 10.0000 10.2500 10.2500 10.7500 10.7500 10.7500 11.0000 11.2500 11.2500 11.5000 11.7500 -999.9990 -999.9990 -999.9990 17.0000 9.0000 7.2500 6.7500 6.5000 6.7500 7.0000 8.0000 7.5000 10.2500 12.2500 10.7500 11.0000 11.0000 10.7500 11.0000 11.7500 10.7500 10.7500 11.5000 9.7500 -999.9990 9.2500 9.2500 9.0000 9.2500 10.5000 9.7500 10.0000 10.0000 10.5000 10.7500 11.2500 11.2500 11.2500 11.5000 11.7500 11.7500 12.0000 12.2500 12.2500 16.2500 -999.9990 -999.9990 18.5000
9.7500 10.0000 10.0000 10.5000 11.2500 10.5000 10.7500 11.0000 11.0000 11.0000 -999.9990 11.7500 -999.9990 -999.9990 -999.9990 -999.9990 12.7500 8.7500 6.7500 6.2500 6.2500 6.5000 6.7500 7.0000 8.0000 11.2500 10.5000 10.7500 10.7500 10.7500 11.7500 11.7500 11.0000 12.2500 13.0000 12.5000 -999.9990 17.0000 9.2500 9.2500 9.7500 10.0000 10.2500 10.5000 10.2500 10.5000 10.5000 11.0000 11.2500 11.2500 11.7500 12.2500 12.2500 12.2500 12.2500 12.5000 16.5000 -999.9990 -999.9990 -999.9990
9.7500 9.7500 10.0000 10.2500 10.2500 10.2500 10.5000 10.7500 11.0000 11.2500 11.2500 11.7500 -999.9990 14.2500 13.0000 13.7500 -999.9990 -999.9990 16.5000 6.2500 5.7500 6.0000 6.5000 7.2500 9.7500 10.0000 10.5000 11.2500 10.5000 10.5000 11.7500 11.2500 11.2500 11.2500 12.7500 -999.9990 12.0000 10.5000 10.0000 9.2500 10.0000 10.2500 11.0000 10.7500 10.7500 10.7500 10.7500 11.0000 11.2500 11.7500 12.2500 12.5000 12.7500 12.2500 12.7500 12.7500 12.7500 16.7500 -999.9990 -999.9990
