test/DeltaShell.Plugins.DelftModels.HydroModel.Tests/test-data/AcceptanceModels/SOBEK2/Jakarta/1/dm2twt00.asc
ncols              319
nrows              324
xllcorner        220584.859
yllcorner        795339.977
cellsize            100.000
NODATA_value       -999.9990
[rows 26 to 51 of 324, columns 240 to 299 of 319]
-999.9990 -999.9990 43.2500 -999.9990 36.5000 31.2500 29.7500 28.7500 29.7500 -999.9990 -999.9990 -999.9990 -999.9990 -999.9990 -999.9990 -999.9990 -999.9990 18.7500 15.0000 14.7500 15.7500 20.2500 -999.9990 20.7500 17.2500 17.0000 18.0000 17.2500 18.0000 19.0000 19.0000 21.2500 -999.9990 -999.9990 -999.9990 -999.9990 -999.9990 -999.9990 -999.9990 -999.9990 -999.9990 -999.9990 -999.9990 -999.9990 -999.9990 -999.9990 -999.9990 -999.9990 -999.9990 -999.9990 -999.9990 -999.9990 -999.9990 -999.9990 -999.9990 -999.9990 9.7500 10.5000 -999.9990 -999.9990
-999.9990 -999.9990 36.7500 -999.9990 32.7500 31.7500 28.5000 29.2500 31.0000 -999.9990 -999.9990 -999.9990 -999.9990 -999.9990 19.7500 21.7500 -999.9990 -999.9990 -999.9990 14.7500 20.2500 -999.9990 -999.9990 -999.9990 17.5000 -999.9990 17.0000 17.0000 17.2500 -999.9990 -999.9990 -999.9990 -999.9990 -999.9990 -999.9990 -999.9990 -999.9990 -999.9990 -999.9990 -999.9990 -999.9990 -999.9990 -999.9990 -999.9990 -999.9990 -999.9990 -999.9990 -999.9990 -999.9990 -999.9990 -999.9990 -999.9990 -999.9990 -999.9990 -999.9990 -999.9990 -999.9990 7.0000 -999.9990 -999.9990
-999.9990 -999.9990 32.7500 33.0000 36.2500 28.2500 27.2500 27.7500 28.7500 -999.9990 -999.9990 -999.9990 -999.9990 20.2500 23.2500 -999.9990 -999.9990 -999.9990 -999.9990 14.2500 -999.9990 -999.9990 -999.9990 -999.9990 -999.9990 16.0000 16.0000 -999.9990 -999.9990 -999.9990 -999.9990 -999.9990 -999.9990 -999.9990 -999.9990 -999.9990 -999.9990 -999.9990 -999.9990 -999.9990 -999.9990 -999.9990 -999.9990 -999.9990 -999.9990 -999.9990 -999.9990 -999.9990 -999.9990 -999.9990 -999.9990 -999.9990 -999.9990 -999.9990 -999.9990 -999.9990 -999.9990 7.7500 6.7500 8.2500
33.0000 32.7500 32.0000 32.2500 31.5000 26.7500 26.2500 26.7500 29.0000 -999.9990 -999.9990 -999.9990 -999.9990 -999.9990 15.5000 -999.9990 -999.9990 -999.9990 -999.9990 14.0000 -999.9990 -999.9990 -999.9990 -999.9990 -999.9990 -999.9990 -999.9990 -999.9990 -999.9990 18.5000 -999.9990 -999.9990 -999.9990 -999.9990 -999.9990 -999.9990 -999.9990 -999.9990 -999.9990 -999.9990 -999.9990 -999.9990 -999.9990 -999.9990 -999.9990 -999.9990 -999.9990 -999.9990 -999.9990 -999.9990 -999.9990 -999.9990 -999.9990 -999.9990 -999.9990 -999.9990 -999.9990 -999.9990 9.2500 8.5000
33.2500 33.5000 32.2500 33.0000 34.7500 31.0000 26.2500 27.5000 34.7500 -999.9990 -999.9990 -999.9990 -999.9990 -999.9990 15.2500 16.5000 14.7500 14.5000 -999.9990 13.5000 13.2500 -999.9990 -999.9990 14.0000 -999.9990 -999.9990 15.0000 15.5000 16.5000 17.2500 -999.9990 -999.9990 -999.9990 -999.9990 -999.9990 -999.9990 -999.9990 -999.9990 -999.9990 -999.9990 -999.9990 -999.9990 -999.9990 -999.9990 -999.9990 -999.9990 -999.9990 -999.9990 -999.9990 -999.9990 -999.9990 -999.9990 -999.9990 -999.9990 -999.9990 -999.9990 -999.9990 -999.9990 -999.9990 8.7500
36.0000 34.0000 33.0000 35.0000 -999.9990 31.2500 26.0000 27.7500 -999.9990 -999.9990 -999.9990 -999.9990 -999.9990 -999.9990 -999.9990 -999.9990 15.0000 14.2500 13.7500 -999.9990 13.0000 -999.9990 13.2500 13.5000 -999.9990 14.0000 14.5000 15.0000 -999.9990 17.5000 -999.9990 -999.9990 -999.9990 -999.9990 -999.9990 -999.9990 -999.9990 -999.9990 -999.9990 -999.9990 -999.9990 -999.9990 -999.9990 -999.9990 -999.9990 -999.9990 -999.9990 -999.9990 -999.9990 -999.9990 -999.9990 -999.9990 -999.9990 -999.9990 -999.9990 -999.9990 -999.9990 -999.9990 10.7500 8.7500
35.0000 36.0000 33.0000 33.5000 -999.9990 23.5000 22.0000 27.5000 28.5000 29.2500 34.5000 35.0000 37.7500 -999.9990 -999.9990 -999.9990 -999.9990 13.7500 13.0000 -999.9990 12.7500 12.5000 13.0000 13.2500 13.5000 14.0000 -999.9990 -999.9990 -999.9990 -999.9990 -999.9990 -999.9990 -999.9990 -999.9990 -999.9990 -999.9990 -999.9990 -999.9990 -999.9990 -999.9990 -999.9990 -999.9990 -999.9990 -999.9990 -999.9990 -999.9990 -999.9990 -999.9990 -999.9990 -999.9990 -999.9990 -999.9990 -999.9990 -999.9990 -999.9990 -999.9990 -999.9990 -999.9990 -999.9990 -999.9990
34.2500 34.0000 33.7500 35.5000 -999.9990 24.7500 21.0000 21.0000 26.7500 30.0000 31.5000 17.2500 35.5000 -999.9990 -999.9990 -999.9990 -999.9990 13.0000 13.5000 12.2500 12.2500 12.2500 -999.9990 -999.9990 -999.9990 -999.9990 -999.9990 -999.9990 -999.9990 -999.9990 -999.9990 -999.9990 -999.9990 -999.9990 -999.9990 -999.9990 -999.9990 -999.9990 -999.9990 -999.9990 -999.9990 -999.9990 -999.9990 -999.9990 -999.9990 -999.9990 -999.9990 -999.9990 -999.9990 -999.9990 -999.9990 -999.9990 -999.9990 -999.9990 -999.9990 -999.9990 -999.9990 7.5000 7.2500 7.0000
35.2500 34.2500 38.2500 36.5000 -999.9990 24.7500 24.7500 25.0000 27.0000 19.0000 30.5000 16.7500 16.7500 16.5000 -999.9990 -999.9990 -999.9990 12.7500 12.7500 12.5000 12.0000 12.5000 -999.9990 -999.9990 -999.9990 -999.9990 -999.9990 -999.9990 -999.9990 -999.9990 -999.9990 -999.9990 -999.9990 -999.9990 -999.9990 -999.9990 -999.9990 -999.9990 -999.9990 -999.9990 -999.9990 -999.9990 10.0000 10.2500 10.7500 11.2500 11.5000 11.7500 -999.9990 -999.9990 -999.9990 11.2500 9.2500 9.0000 8.5000 8.0000 8.0000 7.5000 7.2500 7.2500
-999.9990 -999.9990 -999.9990 -999.9990 -999.9990 24.0000 26.2500 28.7500 33.7500 35.0000 -999.9990 38.2500 -999.9990 -999.9990 -999.9990 -999.9990 -999.9990 -999.9990 12.2500 12.0000 12.0000 11.7500 11.7500 -999.9990 -999.9990 -999.9990 -999.9990 -999.9990 -999.9990 -999.9990 -999.9990 -999.9990 -999.9990 -999.9990 -999.9990 -999.9990 -999.9990 -999.9990 -999.9990 -999.9990 -999.9990 -999.9990 9.7500 10.0000 11.2500 11.5000 11.5000 11.7500 12.0000 12.2500 -999.9990 13.0000 9.2500 9.0000 8.2500 8.2500 8.0000 7.7500 7.0000 7.0000
15.5000 20.2500 20.5000 21.5000 22.0000 23.7500 25.5000 26.7500 -999.9990 -999.9990 -999.9990 -999.9990 -999.9990 -999.9990 14.5000 14.0000 -999.9990 11.7500 11.5000 11.2500 11.0000 11.2500 11.5000 -999.9990 -999.9990 -999.9990 -999.9990 -999.9990 -999.9990 -999.9990 -999.9990 -999.9990 -999.9990 -999.9990 -999.9990 -999.9990 -999.9990 -999.9990 -999.9990 -999.9990 9.5000 9.5000 9.5000 11.5000 -999.9990 -999.9990 12.2500 12.2500 12.5000 12.7500 -999.9990 10.2500 10.0000 9.7500 8.5000 8.5000 8.0000 7.7500 7.2500 7.7500
13.0000 20.2500 21.0000 21.2500 22.0000 22.5000 24.5000 27.7500 -999.9990 -999.9990 -999.9990 -999.9990 -999.9990 -999.9990 -999.9990 12.5000 -999.9990 11.5000 11.5000 11.0000 10.7500 11.2500 11.2500 -999.9990 -999.9990 -999.9990 -999.9990 -999.9990 43.7500 -999.9990 -999.9990 -999.9990 -999.9990 -999.9990 -999.9990 -999.9990 -999.9990 -999.9990 -999.9990 -999.9990 3.7500 -999.9990 9.2500 10.2500 11.0000 11.7500 -999.9990 12.5000 -999.9990 14.0000 11.5000 10.7500 10.7500 9.2500 8.7500 8.5000 8.2500 8.5000 7.7500 7.7500
12.7500 20.2500 20.5000 21.0000 22.2500 22.5000 23.7500 25.5000 -999.9990 -999.9990 -999.9990 -999.9990 -999.9990 -999.9990 -999.9990 13.2500 -999.9990 12.0000 11.0000 10.7500 10.5000 11.2500 11.2500 -999.9990 -999.9990 -999.9990 -999.9990 -999.9990 32.0000 35.5000 -999.9990 -999.9990 14.2500 12.5000 -999.9990 -999.9990 -999.9990 5.2500 -999.9990 4.2500 3.7500 9.0000 9.0000 9.5000 -999.9990 -999.9990 -999.9990 12.0000 11.7500 11.5000 11.0000 10.7500 38.2500 9.7500 8.7500 9.0000 8.7500 8.5000 8.2500 7.5000
12.2500 18.2500 20.7500 20.7500 21.5000 23.2500 28.7500 29.5000 -999.9990 -999.9990 -999.9990 -999.9990 -999.9990 -999.9990 13.7500 -999.9990 -999.9990 11.0000 10.7500 10.2500 10.5000 10.7500 11.5000 -999.9990 -999.9990 -999.9990 -999.9990 38.0000 31.5000 47.7500 -999.9990 14.2500 14.2500 12.2500 -999.9990 -999.9990 -999.9990 5.2500 1.0000 1.0000 1.2500 -999.9990 9.2500 9.5000 11.0000 11.0000 11.2500 11.2500 11.2500 11.2500 11.0000 10.2500 10.2500 10.0000 9.7500 8.7500 8.5000 8.0000 7.7500 7.5000
12.0000 21.5000 24.2500 24.0000 24.2500 26.0000 26.2500 32.5000 -999.9990 -999.9990 -999.9990 -999.9990 -999.9990 -999.9990 -999.9990 -999.9990 -999.9990 11.2500 11.0000 10.0000 10.2500 10.5000 10.7500 -999.9990 -999.9990 -999.9990 -999.9990 37.0000 -999.9990 -999.9990 -999.9990 -999.9990 11.5000 11.7500 25.5000 -999.9990 -999.9990 1.0000 2.5000 2.7500 3.5000 -999.9990 9.5000 10.0000 -999.9990 -999.9990 14.0000 11.5000 11.7500 15.5000 -999.9990 -999.9990 10.2500 10.0000 10.0000 8.5000 8.2500 8.0000 7.7500 7.7500
11.7500 21.0000 20.5000 21.7500 25.0000 28.0000 28.0000 29.0000 -999.9990 -999.9990 -999.9990 -999.9990 -999.9990 -999.9990 -999.9990 -999.9990 -999.9990 10.5000 11.0000 10.0000 10.0000 10.2500 10.7500 -999.9990 -999.9990 -999.9990 -999.9990 -999.9990 -999.9990 23.7500 -999.9990 18.2500 9.2500 -999.9990 -999.9990 -999.9990 -999.9990 10.2500 5.0000 7.5000 6.7500 -999.9990 9.7500 12.2500 -999.9990 -999.9990 -999.9990 12.0000 11.7500 12.5000 12.5000 38.5000 11.7500 10.0000 9.7500 9.5000 9.2500 9.2500 8.2500 8.2500
11.5000 12.0000 13.0000 12.7500 23.0000 16.7500 23.5000 25.7500 -999.9990 -999.9990 -999.9990 14.0000 -999.9990 12.2500 12.5000 10.7500 10.7500 10.2500 10.0000 9.7500 9.7500 10.0000 10.7500 -999.9990 -999.9990 -999.9990 -999.9990 -999.9990 -999.9990 10.7500 9.5000 7.7500 9.0000 17.2500 16.2500 -999.9990 -999.9990 11.0000 9.5000 7.5000 6.7500 -999.9990 10.5000 -999.9990 -999.9990 -999.9990 39.0000 12.2500 11.5000 11.2500 11.2500 11.0000 11.0000 10.2500 10.0000 10.5000 9.5000 9.2500 8.7500 10.2500
11.2500 11.7500 12.5000 12.0000 20.7500 15.5000 24.0000 26.0000 36.2500 -999.9990 13.0000 12.2500 12.0000 11.7500 11.2500 11.0000 11.0000 10.2500 10.2500 9.2500 9.7500 9.7500 9.5000 9.5000 -999.9990 -999.9990 -999.9990 -999.9990 -999.9990 -999.9990 10.2500 10.5000 26.7500 -999.9990 -999.9990 -999.9990 9.5000 11.0000 10.0000 8.7500 7.0000 -999.9990 10.7500 -999.9990 -999.9990 -999.9990 39.0000 13.5000 12.7500 11.0000 11.0000 10.7500 10.5000 10.2500 9.7500 9.5000 9.2500 9.0000 9.0000 10.5000
11.0000 11.2500 21.5000 12.2500 12.5000 16.5000 17.2500 26.2500 -999.9990 -999.9990 -999.9990 12.5000 12.5000 12.2500 11.7500 11.2500 -999.9990 -999.9990 9.7500 9.0000 10.0000 -999.9990 -999.9990 7.7500 -999.9990 -999.9990 -999.9990 -999.9990 -999.9990 -999.9990 6.5000 8.0000 -999.9990 -999.9990 11.5000 11.2500 50.0000 10.5000 8.5000 8.2500 7.2500 -999.9990 -999.9990 14.5000 13.7500 14.7500 12.7500 12.5000 12.2500 11.5000 11.7500 11.5000 10.7500 10.0000 10.0000 10.0000 10.5000 9.2500 9.7500 13.2500
10.7500 11.0000 21.7500 11.2500 21.0000 22.2500 23.5000 25.7500 -999.9990 -999.9990 13.0000 12.7500 12.7500 -999.9990 -999.9990 -999.9990 -999.9990 -999.9990 9.0000 8.7500 8.5000 8.5000 7.5000 7.0000 7.5000 -999.9990 -999.9990 -999.9990 -999.9990 10.2500 -999.9990 9.0000 -999.9990 11.0000 9.5000 11.2500 10.5000 9.0000 8.7500 -999.9990 11.2500 -999.9990 13.7500 11.5000 11.7500 12.2500 12.2500 12.0000 12.0000 11.7500 12.2500 11.5000 11.0000 10.2500 10.2500 10.2500 10.0000 9.5000 9.7500 10.2500
10.5000 10.7500 10.7500 11.0000 12.2500 24.2500 25.2500 26.0000 -999.9990 14.0000 14.0000 14.2500 -999.9990 -999.9990 -999.9990 -999.9990 -999.9990 -999.9990 9.0000 8.7500 8.5000 8.5000 8.5000 10.0000 5.5000 4.7500 -999.9990 -999.9990 -999.9990 -999.9990 -999.9990 6.2500 8.0000 8.7500 7.5000 8.7500 9.7500 9.5000 10.7500 30.2500 11.5000 -999.9990 -999.9990 12.7500 12.5000 12.2500 12.2500 12.0000 12.0000 11.7500 11.2500 11.0000 10.5000 10.5000 10.2500 10.2500 10.0000 9.7500 10.7500 -999.9990
0.2500 11.0000 11.0000 21.0000 22.2500 25.5000 26.5000 28.0000 -999.9990 -999.9990 14.0000 14.5000 -999.9990 -999.9990 -999.9990 -999.9990 -999.9990 -999.9990 9.2500 9.5000 9.0000 10.7500 -999.9990 10.2500 -999.9990 4.7500 -999.9990 9.7500 10.0000 10.2500 -999.9990 21.5000 10.7500 7.7500 8.0000 -999.9990 49.2500 10.5000 9.7500 9.5000 9.5000 9.2500 -999.9990 -999.9990 12.5000 12.2500 12.0000 11.7500 11.5000 11.2500 11.0000 11.0000 10.7500 10.7500 10.7500 10.5000 10.5000 10.5000 11.0000 -999.9990
0.0000 10.5000 10.7500 11.0000 26.0000 24.2500 32.7500 31.7500 15.7500 14.5000 14.0000 -999.9990 -999.9990 -999.9990 -999.9990 -999.9990 10.7500 -999.9990 10.0000 -999.9990 9.7500 10.5000 11.5000 10.2500 -999.9990 5.0000 -999.9990 -999.9990 -999.9990 -999.9990 -999.9990 -999.9990 15.7500 19.5000 9.5000 11.0000 10.5000 10.5000 10.0000 9.7500 9.5000 -999.9990 -999.9990 -999.9990 12.7500 12.5000 12.2500 12.0000 11.7500 11.5000 11.5000 11.2500 11.0000 11.0000 11.0000 10.7500 10.7500 10.5000 11.7500 -999.9990
0.2500 10.5000 19.0000 11.7500 25.7500 12.7500 24.5000 16.0000 -999.9990 15.5000 -999.9990 -999.9990 -999.9990 -999.9990 12.2500 11.7500 11.2500 -999.9990 -999.9990 -999.9990 -999.9990 -999.9990 -999.9990 -999.9990 5.5000 5.5000 -999.9990 -999.9990 -999.9990 -999.9990 -999.9990 32.7500 15.7500 12.0000 10.7500 13.5000 10.7500 10.5000 10.0000 10.0000 9.7500 -999.9990 -999.9990 15.0000 12.7500 12.5000 12.5000 12.2500 12.0000 11.5000 11.5000 11.2500 11.0000 11.2500 11.2500 11.0000 10.7500 11.2500 12.0000 -999.9990
10.5000 10.5000 11.0000 11.5000 11.7500 12.0000 19.5000 -999.9990 -999.9990 -999.9990 -999.9990 16.2500 -999.9990 -999.9990 -999.9990 -999.9990 -999.9990 -999.9990 -999.9990 -999.9990 -999.9990 -999.9990 8.5000 6.7500 6.2500 5.5000 6.5000 -999.9990 -999.9990 -999.9990 -999.9990 -999.9990 -999.9990 -999.9990 11.2500 11.2500 10.7500 10.5000 10.2500 10.2500 10.0000 -999.9990 -999.9990 15.5000 12.7500 12.7500 13.0000 12.5000 12.0000 11.7500 11.7500 11.5000 11.5000 11.5000 11.2500 11.2500 11.0000 11.2500 11.7500 16.2500
10.5000 10.7500 11.2500 18.7500 27.5000 25.0000 26.0000 -999.9990 -999.9990 -999.9990 -999.9990 -999.9990 14.0000 14.5000 -999.9990 -999.9990 -999.9990 -999.9990 -999.9990 -999.9990 -999.9990 -999.9990 7.0000 7.0000 6.5000 8.0000 6.7500 -999.9990 -999.9990 -999.9990 -999.9990 -999.9990 -999.9990 -999.9990 40.7500 11.5000 11.2500 11.2500 10.5000 10.5000 10.7500 -999.9990 14.7500 14.0000 13.7500 13.5000 13.5000 13.5000 12.0000 12.0000 12.5000 12.5000 12.0000 11.7500 11.5000 12.0000 12.2500 11.7500 11.7500 -999.9990
