1d2d/test/DeltaShell.Plugins.ImportExport.Sobek.Tests/test-data/FHM2011F.lit/FIXED/GIS/Ciliwung50x50-1cell border.asc
ncols 62
nrows 252
xllcorner 238034.859
yllcorner 801489.977
cellsize 50
nodata_value -9999
[rows 96 to 127 of 252, columns 0 to 61 of 62]
22.13752 22.35529 19.13732 18.32308 19.15525 23.33058 24.61278 25 25 24.28796 24 24.59718 19.02373 22.6792 22.69283 22.33431 21.7502 23.093 26.32464 25.83062 22.97096 22.59672 22.29202 19.98052 19.01382 21.10576 19.17858 21.48202 21.78669 21.11134 21.19959 21.02073 20.87612 20.25636 20 20 18.25598 17.75095 16.97993 16.35573 15.42272 12.18414 12.56167 13.27544 14.41507 16.43966 19.77532 20.56823 21 21 21 21 21 21 19.34542 20.64502 20.90834 20.13116 19 19 19.32723 19.94402
23.09855 22.89304 19 19 19 22.82744 24.60613 25 25 24 22.89535 23 23.23841 23.04648 23.95548 25.21767 24.01377 23.14127 25.12748 24.60086 21.92095 23.63703 22.38947 20 18.96814 18.74777 21.22925 20.42565 21 19 19 19 19 20 20.17322 21.19606 20.92844 19.6008 17.82679 17.47856 16.09112 12.90301 12.70972 15.69556 17.34175 18.15659 18.54053 19.37347 19.88317 20.4236 20.96403 21 21 21 19 21.45125 21 20.76774 19.78146 19.52627 19.65617 20.05689
23.05619 13.81051 19.67755 18.73913 19.82773 22.54461 23.9747 25 24.9095 23 20.72713 19.63607 20.11711 21.03349 22.95118 23.00301 22.21381 21.62621 22.44965 23.42863 22.68395 24 23.51298 21.83074 19.63819 19.19762 20.06723 19.3949 19.02319 19 19 19 19 20 21.8679 23 22.52572 22 19.25491 18.1174 17.99429 15.08692 12 13.77923 15.97218 16.7797 17.58722 18.18203 18.72246 19.26945 20.32843 21 21 20.79478 19.81833 20.98438 21 21 20 19.92097 19.85735 19.84738
23.13521 22.45101 20.01946 16.67045 20.70408 22.75759 24.44478 24.89135 23.68116 22.29073 19.4505 16.66302 16.64117 18.66439 21.64879 20.01207 19.29634 19.75059 20.20483 21.16957 21.85157 24 23.22194 22.82641 20.09435 19.46448 19 19 19 19 19 19 20.83731 20 21.05401 24 22.97947 19.52361 18.64887 18 18 16.45628 13.88493 12 17.29016 17.13529 16.98043 16.88825 16.96791 17.18134 17.08607 17.75527 18.84018 20.238 20.64743 20.91067 20.88114 20.50291 20.01147 19.98315 20 19.9892
20.98128 22.87184 21 19.68178 16.76896 23.3933 24.80123 25 23.99323 23 20.06519 16.606 14.79336 17.94667 21.15703 20.81994 18.74615 18.79319 18.94489 19.0966 22.7431 23.51261 22 22 20.26691 19.61739 19.16796 19.04158 19.35928 19 19 18.59167 20 20 20.91175 23.80913 24 20.81632 18.46641 18 18 16.51155 15.23465 13.29523 12.73572 14.46993 17.54287 16.31429 14.00855 14.48324 15.56582 16.6484 19.37728 19 20.85935 20.849 20.55422 20.25943 20 20.09387 20.19864 20.0787
25 15.40107 22.78965 21.37355 21.66955 23.42783 24.46011 25 24.28587 23 22.15644 20.20569 15.18916 18.978 20.66527 21.8667 19.24163 18.9977 19.08885 21.01124 23.0847 23.61311 21.34977 20.18715 19.46817 19.06236 19.01961 19.31202 20.39236 20 19 21 20 20 21.35184 22 20.56011 19.6482 18 17.2214 18 16.48997 15.09315 14.7219 12.75178 17.9761 17.23907 15.74034 16.03224 14.63049 15.71307 17.97231 20.55573 19.24302 20.89147 17.1288 16.85896 16.82996 18.30187 20.63359 20.8023 20.53111
25 23.73429 22.36844 21.76318 22.0577 24.01584 25 25 24.12604 23.81587 23.96935 23.5237 17.76078 22.75703 23.16265 23 23 22.0638 20.98546 22.67011 23.85803 21.8774 21.02126 19.96801 19.06127 19.06643 19.04618 20.3198 21 19.94099 19.13089 20.6461 20.42846 21.02798 21.27799 21.32075 21.34678 15.85464 14.74183 15.73938 18 16.252 14.68511 14.20637 12 13.58853 16.96728 16.10001 18.81595 21.52794 16.32966 18.38659 21 19.60798 20.88038 9.372892 10.91039 18.75456 15.17502 21.03894 22.05464 21.28407
25 22.44655 21.90536 19.30692 22.142 22.97404 25 25 25 19.26947 24.73104 25.095 19.83935 23.11177 23.87716 23 22.73229 22.25064 22.21514 22 21.70271 21.78834 20.37067 19.77298 18.80294 19.58871 19.15221 21 20.9993 21.007 20.76972 21 21.15337 20.42833 20.13717 20.09652 20.22423 17.38768 14.11219 14 15.91129 14.64055 12 12.58608 15.66581 18.04955 19.17447 19.3616 21.85619 23 23 21.21468 19.15992 19.31045 18.66239 8.00896 13.01418 20.64239 15.29261 20.99106 21.60297 21.04515
22 22 22 22 22.05313 23.46891 25.07203 25.49161 26 26 26 26 18.40052 17.69352 22.72442 22.39947 22.32816 21.58669 20.99468 20 20.19259 20.1833 20.30159 20.46324 20.40848 21.37926 21.12425 20.90486 21.14594 22.21207 22.60928 22.72677 22.44145 19.79307 18.86055 18.49166 19.76531 21 18 16.6554 14.57775 12.48072 16.91051 17.93313 18.94563 19.81816 21.01737 22.21659 23 23 23 19.88627 16.92168 20.2187 19.74276 18.41194 17.08112 21.38756 20.87755 21 21 20.3744
22 22 22 22 22.10905 23.75139 20.15077 23.13797 25.72339 25.38371 24.28355 20.68704 24.32333 23.83797 23.76794 23 22.06187 21.46488 20.5284 19.61233 20.51257 20.89802 21 21.7183 22.64023 21.86199 21.70271 21.47448 20.88163 23.38148 23.7502 23.27253 23.75384 18.23851 17.35254 16.99661 12 19.47854 18 17.20086 14.43481 15.27377 18 19.42169 21.52164 22.72086 23.11357 23.05988 23.00619 23 17.56202 22 17.31085 21.66458 21.18943 21.43646 21.97662 21.34293 21 16.0224 18.80305 20.33744
22 22 22 22 22.02436 23.70137 25.21949 26 24.50887 23.77029 20.51906 23.40619 26 24.81076 23.08969 22.5696 21.34851 21.59648 20.50857 20.57729 21.57121 23 20.37357 20.83982 23 22.73022 22.22593 22.51509 20.87621 21.26848 21.81826 20.94619 20.47396 17.92185 12 13.276 13.20716 12 18 17.96027 15.92855 12 17.83456 19.76912 23.19255 23.17978 23.12872 23.07503 23.02134 21.18985 22 22 22 21.96492 21.50479 21.33736 21.71815 20.98161 20.62997 8.38711 16.13511 18.45674
22 22 22 22 22 20.1206 25.36772 24.95046 23.06091 21.72085 18.46961 18.77053 17.46805 18.55009 19.89572 22.09039 22.81407 21.5288 20.49114 20.5267 21.09456 22.98427 21.15434 20.27723 22.2858 21.75446 22.27519 22.72797 23.69441 18.72676 19.05959 18.76447 18.34475 13.02825 13.82587 14.54009 14.03562 12.72578 19.51096 20.67987 18.30968 12 17.55033 17.73293 20.06035 22.38777 23.10737 23.0618 23.01402 22 22 22 22 22.03559 22.02437 21.81292 21.4291 20.82271 20.38821 20.13128 18.03221 17.33588
22 22 22 22 22.41756 24.7305 24.37541 23.02757 22 21.12225 18.74649 16.50541 17.4424 19.31037 18.63718 21.69024 22.82949 21.1491 20.15706 20.2876 22.08109 19.84298 20.72008 22.36574 23 21.75274 22.44418 22.93027 22.74853 20.09759 20.17541 19.73963 12 15.07248 15.79095 15.92988 17.22237 12.73798 15.28539 24 16.48544 13.8845 13.06205 18.03757 18.94993 19.86228 21.58299 23.03182 22.34904 22.94036 22.39907 22 22.00194 20.78268 21.92043 21.63894 21.20053 20.83705 20.62692 20.43473 19.16536 20.43411
22 22 22 22 22.32836 24.99159 24.52177 23.40532 22.34039 21.92351 19.89745 19.05819 19.28031 19.50244 20.03186 19.53703 21.02639 20.44764 20.53603 21.52564 23.1466 23.28747 22.34769 21.15826 22.27745 19.92298 21.74673 22.85783 19.17212 18.39303 19.30878 12 15.14862 16.8256 16.5517 17.04795 17.50343 13.59203 12 23.06729 15.75351 13.8674 12 19.80745 20.7198 21.5046 22.13946 22.5344 22.0052 22.79344 22.29747 18.34098 18.95949 18.00092 21.79281 21.53465 21.14982 20.94841 20.79209 20.6154 20.4792 20.95765
21.69696 22 22 22 22.83537 25 24.89091 23.82597 22.39447 20.83843 20.77461 20.69889 20.6712 20.64351 21.03341 21.46443 20.66653 20.19704 20.86901 21.70048 23.49061 24.932 24.64035 23.63636 23 20.26353 20.05153 24.97763 24.76428 22.60605 19.48865 12 17.07788 16.77461 17.53704 18 16.8834 14.635 12 21.31943 18.61834 21.82665 12 20.82663 19.06182 19.35057 19.63933 23.19271 19.74279 22.7968 21.76139 18.71322 17.19406 18.39246 21.66519 21.44679 21.02732 20.88945 20.58023 20.41307 20.32845 20.59764
19.85892 22 22 22 21.27469 25 25 24.35619 23.29196 21.63325 20.66754 20.48808 20.35293 20.32524 20.99372 20.45839 20.13549 20.5998 21 22 24.59749 25 25 22.5999 20.26803 22.53261 24.37037 26 26.12375 26.18792 22.04607 13.84627 17.34727 17.06087 16.94739 17.51525 18.84622 16.52831 12 15.56765 17.42496 12.05613 14.09682 22.82178 16.4555 20.60312 23.50557 23.10899 22 22.94949 21.31934 18.0608 18.13342 19.92108 21.41526 21.88986 21.61619 21.22394 20.46489 20.23922 20.13842 20.433
20.97119 21.91471 21.48292 22.06128 24.05179 25 25 25.51469 23.86545 21.88563 20.83103 22.1564 21.0646 20.02206 20.00596 20.64913 21.65294 22.08477 22.16985 23.28717 26 26.0105 26 25 21.86981 22.50299 18.71084 26.34941 26.57404 26.72684 19.91671 15.97211 17.13809 17.09882 16.39658 17.0496 20.96908 23.09091 18.1569 12 16.55864 18.64401 24.02954 23.90549 24 24 23.73446 23.16458 21.4036 24 24 21.1994 17.51717 18.57604 21.04875 22.08858 22.12839 21.73594 20.80156 20.60387 20.05672 20.29318
23.20421 23.13076 23.58429 24.02336 25 25 25 24.13494 23.66259 21.68277 21.12892 21.21258 22.33639 20.12679 20.91641 20.14164 22.21186 23.70647 24 25.27389 24.05204 25.82579 26.48518 25.58572 25.47194 25.53424 24.9919 26.80334 26.98289 27 20.80973 16.30409 17 17.0056 12 13.50123 12.40972 21.71171 25.80853 22.8687 24.26431 24.60394 24.77992 19.87028 18.19789 21.6522 23.26244 23.38999 24 22.10647 21.14519 22.10158 16.17213 17.231 20.68224 22.28175 22.48407 21.65541 21.0962 21.29002 20.74777 20.55852
23.60468 23.9117 24.43916 24.96662 25 25 24.81995 24.09881 22.83503 21.72342 21.64155 21.47963 20.8449 20.00197 20.31606 20.24676 23.45199 23.75099 24.32452 25.63673 26.28703 27.51046 24.90492 20.87805 26 25.77803 23.9318 27 27 27 24.86836 15.59564 12 14.43673 16.67716 18.21007 16.14684 14.07317 24.32539 25 25 17.78885 25 22.76726 18.59508 16.66919 17.72313 22 19.65895 21.0895 22.95363 20.0086 17.08596 16.80232 20.31573 22.48407 22.83974 22.01947 21 21.68782 20.25812 19.90777
22.93909 24.34226 24.55467 25 25 25 24.58773 24.16684 23.10864 22.27183 22.33849 22.17433 21.83825 20.37224 22.98168 24.05972 24.82648 25.16739 25.20124 23.88154 19.23932 26.84649 26.90881 26.27215 26.0974 26.08698 26.82117 27 27 27 23.65092 16.36599 17.20453 17.52143 19.45914 21.49853 18.82471 12.73371 21.93818 25 25 20.73082 25.05177 23.90008 20.37545 16.88858 20.15272 24 24 24 22.92572 20.52714 18.12857 18.95314 21.8836 22.93209 23 22.46077 21.0135 20.97445 20.40711 20.11003
22.51757 24.76302 24.82687 25 25 24.87061 24 23.81718 23.94098 23.08986 22 21.96088 20.15311 21.36686 24.12246 25.31196 26.36405 26.81124 26.95351 21.79052 22.45049 27.37618 25.87667 22.69071 26.64804 26.79157 25.67909 26.89275 27 25.70585 23.8432 19.95933 20 23.69125 27 25.22986 15.14052 14.01983 22.80092 25 25 23.67278 25.11682 25.57684 22.38288 18.54268 20.92507 24 24 24 24 23.36263 21.24183 22.6296 23.59967 23.22676 23 23 22.36289 20.94162 20.74059 20.67271
20.648 25.00927 21.54361 25 25 25 23.60615 22.30454 22.63934 21.16965 20.11616 20.35036 20.84659 23.31751 25 27.05307 27.84152 28 28 27.57342 27.61389 27.44423 27.16478 24.14347 24.92384 20.24763 20.06949 21.7229 24.59143 21.03663 18.68967 20.69082 20.51056 23.7276 22.41854 12.46902 13.4173 20 23.7577 25 25 25 25.18187 25.64189 24.94466 22.12759 14.55468 24 24 24 24 24 22.55225 24 23.77122 23.41072 23 22 23 21 21 23.46902
24.32431 25.1133 25.01842 25.34693 25 25 23.90056 22.58818 22 20.02359 20.41393 20.6373 20.89341 25.99535 27.75445 28 28 28 28 27.98291 27.7928 27.7361 27.55361 27.11911 27.45474 25.69992 26.25678 26.61956 22.19895 23.99323 21.6209 22.13428 21.65831 23.39618 12.94922 15.00816 17 20.17278 21.40341 20.32768 18.23822 16.02156 19 25.99625 26 26 25.03962 24 24 24 24 24 19.24365 23.1655 23.81849 23.40613 22.15051 23 21.83918 21 21 20.85707
26.48333 25.12264 25.01301 25 25 25 24.78395 24 23 20.15768 20.70524 20.92861 21 26.16144 27 28 28 28 28 28 27.72181 27.77385 27.44032 27.07993 27.61175 28.02275 28.07515 20.56365 22.34796 26 25.12551 23.52106 23.32348 22.85712 15.95998 15.25386 15 12.08532 15.23019 16.42088 17.15796 16.67995 17.86493 23.44567 26.10985 26.21006 25.23398 24 24 23.7701 24 24 22.71094 22.87128 23.92673 23.41656 23.03843 23 21.12857 21.20439 21 21
27.13657 25.80371 24.88737 25 25 24.82799 24.10753 24 23.48211 20.35265 21 21 21 27 27.80916 28.68087 28.53686 28.56021 28 28 27.79831 27.49266 27.11283 27.07764 27.64084 27.96001 28.81128 26.45288 25.94471 26.35042 26.20483 25.91542 24.46935 21.6506 17.67829 18.28082 16.30521 12.56729 15.30293 16.7883 17.57157 17.38117 18.79841 19.36089 25.65628 26 26 24.57907 25.56206 25.78734 25.65361 25.08722 24.23413 23.9379 24 23.40252 23.1478 22.10963 22 21.45951 21 21
27.40331 25.39598 25 25 25 24.96741 24.31593 25.30444 23.30386 20.42517 21 21 23.0401 26.64823 28.80708 29.16879 29 29 27.65403 26.83858 26 26 26.16448 26.99887 27.20651 28 28.49999 28.11745 27.58033 27.86129 27.57291 26.58431 24.26085 21.87101 19.81312 17.77782 15.33769 14.17445 17.70355 18.09086 18.11877 18.90215 19.86804 22 25.32728 26 26 24.37882 26.29785 26.66173 26.45806 26.06757 25.17684 24.22721 24.00724 23.95901 23.31422 22.23519 21.91816 21.64088 21.34324 21
28 25.34147 25.22268 25.23823 25.17109 24.21051 20 20 20 20.81876 21 21.88464 23.41579 26.03982 28.42605 29 29 28.22783 26 25.76572 26 26 26.02522 26.31499 26.62099 27.78043 28.1851 28.10648 28.63959 29.01489 28.32364 26.76916 24.58087 21.49786 20 18.46763 14.65821 17.06797 18.00048 17.90265 17.9745 18 18.47856 18.6293 23.90465 25.23942 26.02352 24.48219 26.16255 26.37492 26.23955 26 26 25.20185 24.08325 23.39218 23 23.00243 22.48021 21.51408 21.13535 21
28 26.5648 25.95294 25.94871 25.77458 25.39832 24 22.80113 22.73466 21 21.48009 23.30641 24.08815 27 28 28.72842 28.45421 26.98493 25.74024 25.4209 25.6988 25.97671 26 26.01324 26.44756 28.01815 28.31707 28.67928 29.3347 29 28.14126 26.71306 26.26994 22.52169 20.71027 18.36887 13.77803 17.70055 18 17.74631 17.9074 18.04104 18.72671 19 21.14838 26 26 24.3819 26.09525 26.12258 25.94234 26 26 25.13285 24.39935 23.51611 23.22568 23.24778 22.45423 21.67503 21.0091 20.675
26.73275 26 24.48518 24.25294 25.71148 23.49036 22.23022 20.94991 21 20.99042 21 24 24 24.94584 27.46873 28 27.48242 26.15346 25.67736 25.34793 25.74076 25.96132 25.66562 25.81925 26.79042 28.01574 28.30313 28.9048 29.49562 29.02698 27.43845 26.18835 26.22857 23.11852 20.91097 17.5381 12.41403 18.47268 18.29613 17.90057 18.00127 18.33129 18.17552 18.60609 19.46705 25.64074 25.62794 24.27258 26.07418 26.0952 25.64338 25.74774 25.96252 24.61284 24.75321 24.35121 23.90318 23.4903 22.74996 21.7803 20.59556 20
25.0364 23.81227 23 21.71526 22.85417 22.29026 21 20.75627 20.80453 20.91449 21 22.13512 24 25 27.56423 28.59213 27.03543 25.75804 25.33337 25.52228 25.92436 25.73215 25.20674 25.56296 26.32021 27.71907 28.41714 29 29.02644 28.99 27.13967 24.95598 23 23 22.04633 16.13955 15.60479 17.82832 18.06446 18 18.07582 18 18.24085 18.80924 18.62194 26.08362 26 24.81685 26.07137 26.16675 25.55806 25.87273 25.69949 25.23934 25 24.76711 24.2701 23.65016 34.82423 28.84289 20.29809 20.13854
22.43359 21.31757 20.98489 20.81354 20.95199 21 21.19394 20.87843 20.93562 20.88816 21 22.74821 25 26.96683 28 28.05085 27.54946 25.54725 25.50695 25.69524 26.94324 25.58934 25.14844 25.22703 25.88498 28 28.65019 29 29.00937 28.22995 26.85349 25.59719 24.078 23.82637 23.18132 14.72424 17.21564 18.43295 17.72648 17.94648 17.92122 18 17.97112 23.36478 25.17134 27 26.6714 26 26.1029 26.2 26.10838 25.85784 25.39174 25 24.93887 24.78342 24.41533 23.50774 22.50675 51.50076 27.25769 21.1563
21.96717 20.80597 20.25409 20.67769 21 21.31318 23 22.58302 22 21 21 22.35634 23.6598 25.38421 27.14864 28.1781 27.79569 26 25.86774 25.99948 26 25.63892 25.13068 25.59299 26.01396 27.80744 27.98666 29 28.82003 28.00321 25.62609 26.17502 26.94762 26.4894 22.04031 14.12735 17.5677 18 17.89839 17.69286 17.77477 22.66257 25.6955 27 26.24321 26.86158 26.56921 26 25.8903 25.88017 26.04483 26 25.6655 25 25 24.90155 24.50757 23.45717 22.40678 23.68237 21.33664 21.97134
