1d2d/test/DeltaShell.Plugins.ImportExport.Sobek.Tests/test-data/FHM2011F.lit/FIXED/GIS/Ciliwung50x50-1cell border.asc
ncols 62
nrows 252
xllcorner 238034.859
yllcorner 801489.977
cellsize 50
nodata_value -9999
[rows 192 to 223 of 252, columns 0 to 61 of 62]
36.39276 26.57541 31.7734 36.07442 37.22156 37 36.8773 37.06396 37.20679 37.00498 37 35.67882 16.9084 15.80458 19.38807 27.61293 31.68477 27.82207 26.5163 27 24.00703 15.62473 13 13 31.13924 32.82349 32.70445 32.99184 32.58049 32.6617 31.9315 32 32 32 33.17463 34 34.73984 34.46833 32.81154 30.61279 29.16327 28.93241 28.37574 28 28.12949 28.60071 28.39248 28.29412 30.44859 32 30.46185 27 27.00355 27.40206 27.4159 27.82626 29.3312 31 31 31.79288 33 34.79322
36.01228 25.17439 33.05699 36.73538 37.73494 37 37.02436 37.12476 37.06351 37 37 34.63725 13.39552 27.03835 32.33807 34.64317 32.50326 28.09749 23.77651 22.36781 13 19.30561 23.1177 20.48639 22.92628 32.87804 33.05891 32.53902 32.26294 32.38545 31.98412 32 32 32.24482 33.20844 34 35 34.67928 33.65003 33 29.88334 29.07879 28.20828 28.17844 28.3851 28.42405 28.24592 28.08304 28 30.22672 29.59709 27 27.21624 27.77855 28 28 28.1565 30 31.61042 32.39644 32.74693 35.01566
35.57603 25.92904 33.73873 37.74126 38 37.09307 37 36.98413 36.87747 37 37.09692 37 28.10249 19.25017 35.55763 35.63998 34.65141 25.46327 20.21432 24.63147 26.59643 25.12786 24.02479 15.1306 24.71576 31.89374 33 32.38335 32 32.10667 32 32 32.7464 33.19107 33.46604 34 35 34.78703 34.01523 33.09895 29.94517 29.23855 28.54079 28.55289 28.52247 28.54659 28.36802 28.20254 28.18578 28.17793 28 27.53458 27 27.90672 28 28 27.83498 29.11265 30.57552 32.83213 34.60504 33
34.61917 25.01393 35.40868 37.19499 38 37.70866 37.12151 36.99623 36.97783 37 37.35036 37.17583 30.68054 13 32.54375 30.6853 32.77167 16.66584 26.32429 27.47888 27.09684 25.74294 22.8868 13 23.49414 32.55655 32.97712 32.36076 32.37293 32.78826 32.87651 33.18931 33.68673 35.16673 35.567 35 34.78073 33.90398 33.5494 32.47074 29.38041 29.15759 30.56476 31.70444 30.95638 29.7967 28.48211 28.30103 28.13128 28 31.09436 28.61241 27 27.72635 28.11609 28.44795 28.00547 28.38983 30.92643 32.62711 35 34.90689
33.85815 23 36.08807 37.23697 38 37.63695 37.15939 37 37 37.25733 37.54562 37.42244 36.45168 26.35507 26.34541 24.29286 25.09114 13 28.18534 28 27.65165 27.0669 16.77714 21.1585 25.12144 34.42449 33.11989 32.51476 32.97323 33.78589 34.26899 34.41525 34.93293 35.87708 36 34.92885 33.92801 33.05816 32.85745 31.35253 29.29996 30.61272 32.07175 33.87534 33.51551 32.75213 28.57938 28.38841 28.19234 28 29.49775 28.64531 27 28.04682 28.64664 29.41877 28.76134 28.7863 30.31175 32.51779 34.90974 35
27.53829 32.55473 36.0204 36.57824 37.48616 37.29019 37.0776 36.82496 37.13307 37.4555 37.576 37.52934 36.4607 30.62943 13 33.21922 20.65298 17.23512 31 31.09165 28.67618 21.20215 18.97497 23.28076 24.99783 34.97623 34.23204 32.96371 33.02164 33.73055 34.29587 34.83841 35.43736 36 36 35 34.19072 33 31.75895 29.98702 29.69127 29.66253 33 33.46349 33.85596 33.49609 30.90191 28.36697 28.16794 28.03949 28 28.33358 27.47624 28.20902 28.85967 29.6984 29.44356 28.53608 29.57267 30 33.46152 35
26.16257 35.28481 35.97829 36.24221 36.99156 37.30315 37.03421 37 37.07619 37.30349 37.47673 37.47372 37 29.75493 23.60343 18.77861 14.28177 26.35296 26.95203 28.08719 24.82728 16.06702 24.60183 24.27083 24.92724 35 34.86275 33.10588 32.84219 33.23125 33.51244 34.14347 34.84405 35.22651 36 35.97957 35.66166 35.10463 33.83994 30.63678 30.64493 31.61002 33.1174 33.79531 34.24623 34 31.75711 29.62364 28.19397 28.24052 28.00244 29.19279 28.75942 28 29.16588 29.63089 29.74429 28.74609 28.94133 29.52411 30.9202 34.55821
35.45909 37.14164 36.52726 36.5105 36.91388 37.31726 37.29742 37.28656 37.2183 37.10024 37.16163 37.01149 30.37865 27.06586 26.15725 25.46281 24.95447 25.28602 27.02632 23.95285 16.39776 27.19892 26.80076 26.17362 28.38265 35.51795 35.22602 33.80272 32.80232 32.79265 32.94474 33.52165 33.58369 33.67678 35.24561 36 36.50391 36.19121 35.23056 32.53581 30.69355 32.29007 33.88486 35.11522 35.60109 34.27026 32.98232 30.85898 29.69711 28.42032 28.08562 28.06683 28 28 29.06721 29.23744 29.45531 29.15689 29.0288 29.31854 29.99941 32.13852
37.84167 38.76657 38.77116 38.66617 38.52764 37.41716 37.293 37.37958 37.36954 37.21814 37.04989 36.63196 26.02588 25.79087 26.07316 25.90788 26.02334 25 30.96557 19.31457 21.69514 18.73945 20.23001 20.53614 36.11492 37.33707 36.12211 35.07198 32.98046 32.89085 32.61319 32.48774 32.41259 32.77262 33.7219 36.4236 37.07415 37.12037 35.77749 33.51993 31.14664 31.96692 34.08102 35.56143 36.61623 34.86561 33.80257 32.70963 30.78392 28.83397 28.71508 28.43959 28.16223 28 29 29.27444 29.35883 29.36701 29.31286 29.30874 30 32.77047
39.34527 39.7058 40 39.7453 38.61253 37.47976 37.28558 37.39722 37.4 37.31947 37.11433 34.45766 29.11306 29.19266 31.34389 30.65979 35 29.44281 35 18.08707 16 22.29607 24.23119 19.76902 28.05926 34.98474 34.49739 36 33.48944 33 32.54095 32.20716 32.1521 32.47438 32.97234 35.09754 36.73856 37.72723 36.56609 34.70321 32.27523 31.50286 33.70051 36.31638 37 34.92747 35.0608 33.87358 32.35422 30.02914 28.83603 28.60199 28.32342 28 28.85415 29.06586 29.22485 29.50307 29.54622 29.58859 31 33.39054
39.72403 40.08456 40.01412 40 39.17318 38.2342 37.75117 37.4924 37.23273 37.18385 37.00171 33.26096 31 31.88017 36.90803 37.83569 36.66515 36.15416 35.01445 16 19.34865 25.82837 26.29459 20.45978 24.66836 31 31.90994 35.06097 35.79975 33.64246 32.23668 32.2 32.36029 32.78284 33.07085 34.7611 36.40632 37.32219 37.9258 36.21956 34.67217 30.85119 32.58965 37 37.19794 37.23161 36.54027 35.2933 33.44635 30.52003 28.91049 28.71553 28.5669 28.54408 28.82346 29 29.40416 29.55063 29.60021 29.64258 31.25342 34.15038
40.29695 40.2495 40.38226 40.05335 39.47134 38.35733 38 37.77676 37.33722 37 35.85261 35.1572 33.64019 36.23932 38.11432 35.27005 34.45909 35.15157 31.89062 20.47689 26.13659 30.19676 26.753 20.28342 24.47388 33 34.74985 36.51525 36.0449 33.01224 32.31362 32.88881 33.93334 35.51908 35.49339 35.53177 36.48727 37.307 38.15141 36.94631 35.10196 32 33 34.41093 36.12646 36.84543 37 37 34.46149 31.47736 29.06559 28.92814 28.84662 28.97226 29 30.47583 29.26544 29.59797 29.64961 29.78692 32 33.55493
40.87941 40.85142 40.95898 40.59638 39.65027 38.85119 38.58159 38.37056 37.58722 36.6996 35.25515 35.62159 36.26469 35.52329 36.66378 20.93097 17.5354 18.78947 18.98794 20.82254 22.65351 27.09928 25.97099 19.78974 27.35398 33.23726 35.07268 36.23248 35.73903 32.98157 32.49668 32.95164 34.42387 36 36 36 36.92611 37.54513 38.14817 37.14855 35.71485 33.62778 32 32.01232 32.4591 33.45502 35.90164 37.52211 36.10906 33.64398 30.20744 29.30694 29 29 29 29.89695 29.51277 29.96432 29.93565 30.77729 33.73892 33.31089
40.21995 40.50309 40.62004 41.21563 41 39.8506 39.41985 39.56012 38.77486 37.29569 35.60638 36 37.06843 36.37394 25.8977 21.60378 24.82919 26.85522 25.91545 25.1338 23.48207 19.05152 19.85123 18.1299 33.01443 35.57134 36.10364 36.43541 35.91039 33.07075 32.80238 32.80944 32.8991 33.59461 35.07601 35.70711 36.03366 36.8538 37.71388 37.97432 37.41202 35.2634 31.97296 31 30.84924 32.33853 35.73078 38.18732 37 34.47953 31.85312 29.3727 29.09943 29 29 29.29149 30.27198 30.21874 31.64779 32.91586 35.60619 33.07185
39.49538 39.7985 40.22897 41.96772 41.59311 41 40 40 40 37.81089 36.30007 36.4452 38 37.34373 24.98092 20.47932 26.62894 27.82537 30 31.67061 31.19387 29.54414 29.3252 34.24281 36.66192 36.77311 36.46088 37.119 36.10215 34.06116 32.95918 32.84048 32.79338 33.13017 33.5068 33.69502 35.07971 35.65096 37.72743 37.50074 36.94004 35 32 31.62102 31.61682 33.63097 36.39191 38 37.90147 35.94894 33.07432 29.5637 29.29663 29.022 29.08419 30.52759 31.32601 31 32 35.12411 37 36.55556
39 39.14377 41.48984 42.74575 42.4994 41.77569 40.95747 40.00677 40.01841 38.62177 37.69691 37.16635 38 38 29.71942 20.84618 18.00945 28 28.1998 31.14769 38.74535 38.496 38.50266 38.4665 38 37.49911 36.59086 37.36957 37.20932 35.14528 33.07262 32.76295 32.79272 32.6665 32.52668 32.55724 33.2284 34.79977 37.5837 37.17996 35 32.72702 32 32.13417 33.25658 34.73369 37.22461 38 38 35.82884 31.48276 29.76489 29.58598 29.35408 29.82982 30.46801 31.45334 32 33.86673 34.99722 36.71669 37.87597
38.22331 38.1557 41.87462 42.87586 42.48357 42.51843 41.04572 40.30916 39.80404 38.98222 38.19546 38 38 38 36.35787 28.33783 22 19.67243 24.48669 35.93219 38.61061 39 39.0645 38.92202 38.03773 37.20924 37 37.8278 37.58442 36.1482 33.96631 32.9432 32.88526 32.86125 32.73687 32.60715 32.99324 34.24179 37.13107 37.56019 34.64095 32.3611 32 33.09501 33.93607 35.1013 37 38 38 35.15647 30.43205 29.98407 29.89714 29.77032 30 30.60828 31.87541 33.05286 34.95757 37.55174 33 37.5211
38.88345 38 42 42.1886 42.73346 42.57626 41.59663 40.67092 39.83527 39 38.96887 38.67857 38.32072 38 37.97594 34.69448 28.20523 26.2216 19.77967 35.86769 39 39.21222 39.21663 39 38.26519 38 37.66766 38 37.97306 36.87706 35.39053 34.15957 33.47499 33.1991 33.59655 32.9099 32.96249 34.44869 37 37.07597 34.14434 32 32 33.39177 33.33656 34.43043 35.58968 37.91835 37.53693 32.98922 30.37554 30.0781 30.17815 30.35755 30.4481 31.32313 32.98842 35.16876 37.56128 37.18698 37.91718 38.25129
38.16861 39.3502 42.55574 42.9174 42.76643 42.42008 41.85756 41 39.95514 40.11954 39 38.48958 38.09526 34.41644 34.91188 34 33.04002 29.07583 24.02017 31.45607 39 39.27705 39.24421 38.98652 38.66385 38.47399 38.07635 38.19344 38.19957 37.76551 36 35.88943 35.69862 35 35.28374 36.01476 34.58179 36.62422 37.62299 36.07435 32 32 32 32.47849 32.54093 33.84444 34.93824 37 36.30575 31.10541 30.79001 30.38221 30.59136 31.17924 32.92118 33.14907 35.18632 37.80474 37.59935 33 39.48206 39.60334
40.17537 41.00849 42.11822 43 43.42078 42.90942 42.1105 41 39.78646 39.32783 39 38.94841 34.91557 18.84764 21.24224 19.24578 19.85099 27.28894 20.74045 36.06837 38.93842 39.02359 39.11612 39 39 38.94368 38.15377 38.40856 38.26776 38.10185 38.14959 38.82467 38.45435 38.11466 38 35.95794 38 38 37.13458 35.10145 32.69167 31.67494 31.96508 31.86373 31.95283 32.81869 35.23377 37.23187 33 31.03276 31 30.68632 30.89466 32.51046 34.4833 34.70657 36.21523 37.91698 38.2588 37.87332 39.76784 39.82036
41 41.24293 42 43.13189 43.68307 43.26678 42.30156 41.10359 39.52243 39 38.97643 39 33.79355 18.7226 26.27544 27 24.19886 19.53792 19.00517 37.00907 33.80914 27.66884 29.04844 24.80152 29.81164 36.14501 37.36131 37.97364 38 38.13591 38.56492 39.03243 39.31134 39.40755 39 36.5666 36.92499 35 34.94144 34.10773 33.38029 31.94959 31.85449 31.72354 31.78691 32.78168 36.20545 38.12026 33.55411 31 30.87717 30.99043 31 33.77046 34.85262 35.94611 37.81023 37.35912 37.59355 40.13425 40.04263 39.96898
40.03513 41.90821 42.14661 43 43.4565 43.62415 42.47298 41.36312 39.2131 38.83023 38.76998 38.88786 38.43159 18.23852 23.35069 27.46426 28.73029 30.69074 36.72117 18 18 18 18 24.82983 20.09402 34.26015 36.40867 36.94578 37.38977 37.75353 38.14761 38.69149 39.50698 39.445 39.15997 39 37.0551 34.07454 33.03173 33.0586 32.34391 31.66645 31.66174 31.67954 31.8484 33.4029 36.57542 38 35.73246 32.31413 31.30948 31.66989 33 35.19085 37.63633 37.75518 37.37926 36.14642 39.44632 40.23702 40.13912 40.03101
39 41.26759 42 42.57813 43.28141 43.57887 42.40204 41.32507 39.8839 39.00809 38.71441 38.88165 39 33.80574 21.16901 18 32.49118 34 31.19633 19.14799 23.99702 25.56169 28.1574 30 24.83696 28.0039 36.31791 36.57227 37.29229 37.32704 37.86303 38.57285 39.26411 39.43402 39.22466 39.10243 36.34747 34.30395 33 33.21925 32.33554 31.60137 31.63454 31.75627 31.941 34.84115 36.65792 39 36.95876 33.27443 32.34465 32.81398 35 37.12006 37.70733 37.33352 34.35503 39.53177 40.44656 40.35238 40.17049 40.03332
39 41.24076 41.95052 42.12085 43.13038 43.12004 42.91883 41.43029 40.43256 39.52308 39.2779 39.03271 39 40 36.43735 31.02907 18 25.94047 19.96643 21.3754 25.11892 27.68095 28.91107 30.02727 27.3549 20.47729 36.00646 36 36.74458 36.66157 37.35896 38.1144 39.00554 39.44522 39.76342 39.32773 38.38836 35.20636 33.32212 33.0168 32.53875 31.81548 31.70491 31.8615 31.9942 33.82695 38.01801 39.35921 37.60632 35.22543 34.78382 35.58786 37.32321 37.60959 39.10464 35 40.33244 40.31256 40.37008 40.20201 40.05882 39.48409
39.52174 41.21266 41.77518 42 42.80794 42.7569 42.63364 42.3558 41.43077 40.82653 40.61986 40.27119 39.59706 40.13947 40 35.77211 27.20482 18 18.19189 23.27696 26.81838 27.04351 28.85662 30.99025 27.97686 21.20328 34.73528 35.85086 36.48339 36.32869 37.1521 37.87703 38.84455 39 39 39 38.52287 35 34.1118 32.9124 32.51208 32.12051 31.8763 31.92057 31.9623 33.33444 38 38.84179 37.81192 37.94296 37.60508 38.52541 39.10305 36.61689 35 39.23361 40.27131 40.13844 40.18759 40.03934 38.636 36.88039
40.94264 41.33003 41.72282 42 42.33666 42.58531 42.53349 42.71962 42.76147 42.20929 42.90671 41.85852 40.79339 40 40 35.8073 39.01036 37.27675 30.29071 27.66015 26.49135 27.27003 29.52814 31 25.31524 26.27647 34.28846 34.9013 36.46398 36.46065 37.17978 37.7774 38.712 32.30923 32.92363 34.51795 39.11622 37.21389 34.97152 33.70181 32.90322 32.37262 32.17123 32.61852 32.18298 33.66692 36 37.04391 37.01451 37.74682 38.64598 39.06377 39.2611 39.02005 39.3714 40.72122 40.33762 40.06471 40.00511 38.97143 36.68989 34
40.83605 41.30174 41.83419 42.09308 42.60012 42.64386 42.45282 42.68382 43 43 43.06236 43 40.52307 39.92422 39.51456 39.2706 39.95815 39.79659 39 30.21677 27.52354 27.91983 30.47511 31.04905 19.48273 31.29495 34.08467 34.85819 36.27249 36.31388 36.70962 37.56886 38.90777 29.94956 28.33954 34.91446 39.87512 37.2216 35.2535 34 33.41207 33.02218 32.87159 32.88517 32.49353 33.31651 34 36.19624 37.54847 38.9007 39.4622 39.96451 39.71846 39.51028 39.96679 40.26891 40.23089 38.25974 39 35.62214 34.07746 33.73471
40 40.79116 41.74159 42.12536 42.67365 42.85835 42.80309 43 42.63026 42.32477 41.98206 41.39186 40 39.94798 39.80929 39.96855 40.10125 40.10505 39.77924 37.926 31.18491 30.38882 30.97607 20.87899 23.23062 31.40507 34.64561 37.90827 37.72532 36.1722 36.1977 37.05841 39 40.22312 39.25295 38.02719 39.10343 37 35.73748 34 34 33.86213 34.18414 34 33.5942 33.77338 35.31269 37.36521 38.70235 39.91362 40.27841 40.73272 39 41.18055 40.57211 40.08181 39.93444 37.5129 35.60299 34.25739 34.09524 34.70483
40 40 40.95993 42.14006 42.59581 43 43 43 42.34194 42 40 40.0284 40.2131 40 39.96851 39.90461 40.00034 40.10429 39.73707 38.91994 36.0861 33.58081 31.38088 28.76008 22.06572 30.45373 35.30896 37.39855 37.89351 36.00481 35 35.78368 38.61007 39.38585 40 39.91531 38.96124 36.64113 35 34.12052 34 34.76721 35.85812 35.49886 34.74419 34.68694 35.54301 37.61711 39.86489 40.72983 40.50784 39 41 41 40.82833 40.1685 39.77956 37 35.76995 35.45934 35.1991 36.03731
40.99823 41 41.06775 42.07707 42.48726 42.93936 43 43 42.35266 41.82928 40 40.27089 40.80609 40.43782 40 40 40 40.02403 39.60175 39.75036 40 38.68822 36.62578 40 20.03032 20.96632 30.62156 33.21341 32.99683 32.53819 32.45789 34.05247 36.94632 38.52974 39.66867 39 39 36.09544 36.22824 34.41433 35.42879 37.0118 37.61123 37.12511 36.90546 36.90138 37.02822 38.43851 40.5126 40.03988 39.10083 41 41 41 41 40.50147 40.12143 39.26767 38.57624 38.5498 38.68827 40
41.22828 40.99089 41 41.21574 41.70773 41.75516 42.18493 42.00824 42 40.5535 40 40.24569 40.79713 40.88711 40.57874 40.27164 40.31996 40.40127 40.24019 40.03811 40.10301 40.20402 40.22225 40.13386 33.78653 22.13912 19.42043 23.14578 30.27685 30.9771 31.1346 34.33004 36.86664 38.3613 38.79388 38.31508 38 38.09995 38 37.63883 38.02175 38.92631 39.15351 39.20917 39.23675 39.23267 39.22858 39.36951 41.03672 40.53951 41.66813 40.90554 39.54451 40.52574 41.05374 41.02369 41 41 41 40 40.25698 40
41.95946 41.54931 41.42918 41.13032 41 41 41.08801 41.01182 40.98278 40.26575 40.02221 40.39589 40.54842 41.01132 40.98377 41 40.77994 40.73437 40.64362 40.37408 40.23493 40.36167 40.49252 40.23248 38.5156 30.69475 25.63628 21.49027 19 26.36449 28.39252 33.47812 37 38.23223 38.80016 38.3774 37.67299 35.58395 35.66467 38.25916 39.32923 40.48312 40.95156 40.12753 40.37696 40.64357 40.91018 41.17678 40.1916 41 41 40.16874 37.83055 36.93192 38.07603 40.006 39.86834 39.10726 38.42463 38.57497 38.326 38.03987
