1d2d/test/DeltaShell.Plugins.ImportExport.Sobek.Tests/test-data/FHM2011F.lit/FIXED/GIS/Ciliwung50x50-1cell border.asc
ncols 62
nrows 252
xllcorner 238034.859
yllcorner 801489.977
cellsize 50
nodata_value -9999
[rows 64 to 95 of 252, columns 0 to 61 of 62]
18.30149 18.38592 15 16.95152 15.67082 14.69595 13.18468 14.40957 15.61631 15.10188 14.31385 14.52141 15.53682 16.63267 17.02749 16.91965 15.65442 15.01848 13.60734 13.62959 14.56763 17.54306 18.62783 19.38338 19.54102 19.38713 18.495 16.97209 16.21113 15.76122 15.54003 15.30923 15.05303 15.93038 15.91337 16 17.46544 18.62103 19.64224 20.25235 20.71194 20.11253 19.69074 18.22932 16.24567 13.70979 12.84557 11.0663 12.92922 19.10384 19.26384 19.73299 19.28615 19.16597 19.42878 18.87707 18.07816 17.38714 17.38541 18.19599 18.26972 18.39165
18.13671 18.04689 17.88435 17.50552 16.31596 15.33622 13.62862 15.17036 16.37904 15.72083 14.54736 14.31225 15.37493 16.74191 17 16.02245 15.18436 15 13.76017 13.70424 14.19572 16.43126 18.83587 19.91197 20.04128 19.57072 18.72262 17.58782 16.19436 15.94755 15.85604 15.63266 15.20797 16 15.9407 15.99074 16.97636 18.1173 19.273 20.0582 20.68129 19.93771 18.92948 17.90948 16.71507 14 13.56811 13 10 14.68965 18.53145 19.61745 19.10965 19.20605 19.12061 18.7634 18.16077 17.59977 17.51534 18.45772 18.30542 18.37186
16.93634 16.09122 19.0894 18.01706 17.17347 15.81446 13.80258 13.9528 15.38087 15.6106 14.40173 14.33028 15.10464 16.30264 17 15.46483 15.13233 14.88661 13.92789 13.52535 14.09865 15.40105 18.51088 19.90827 20.01022 19.11333 18.24534 17.47057 17.08614 15.6825 15.6067 15.5309 15.30085 15.86692 15.4916 15.67731 16.94299 18.04661 18.99275 19.84209 20 19.90009 18.95553 17.769 16.917 15.24748 13.97079 13.11329 12.48208 10 19.16783 19.38759 19.10914 19.10193 19.07416 18.97916 18.8495 18.27235 17.46659 18.41404 18.25935 18.35561
15.05988 18.32733 19.49838 18.71593 18.03097 16.35876 13.56135 13.6775 14.76548 15.40936 14.91187 14.91187 14.87156 15.82357 16.05674 15.60362 15.17724 14.97475 14.19315 14.01262 14.32367 16 18 19.46284 19.82734 18.95947 17.88674 17.01181 16.98591 15.53753 15.29806 15.05858 14.99759 15.89355 15.60347 15.77582 17.13548 18.27155 19.01661 19.8902 20.27733 20 19.17484 17.68733 15.64406 14.06752 13.47124 13.43637 13.41065 12.20476 18.06191 19.36688 19.29073 19.33476 19.17683 18.92329 18.98889 18.40276 17.39081 18.36762 18.60465 18.81257
16.63546 18.24509 19.45559 19.17822 18.72569 16.72261 13.96588 14 15.1447 15.89282 15.95932 15.7012 15.56224 15.87388 15.72741 15.34341 15.0101 15 14.79733 14.41256 14.02708 16.18881 18.32316 19.35062 19 18.61817 17.75334 16.2564 15.75794 15.71176 15.37142 14.99627 14.89143 16 15.87362 15.97545 16.77857 18.30209 18.97363 19.64539 20.09572 20.44539 19.38096 14.0227 13.56529 13.80597 13.59479 13.03654 13.35545 13.0214 11 19.12587 19.47255 19.69255 19.43057 19.26426 19.16517 18.68189 17.38441 18.27136 18.96575 18.93789
17.29163 18.17262 19.42816 19.31829 19.20842 16.95122 15.10997 15.17576 16.31021 18.16747 17.54913 17.55128 16.5526 21.70977 19.16452 19.13534 22.59991 15 16.95189 16.8327 14.90003 15.32323 18 19 19 18.3937 17.46043 16.60935 16.17595 16.55219 17.78379 17.26706 15 16 16 16.38717 16.75008 17.53135 18.62007 19.61794 20.68143 21 19.5521 13.86969 13.21514 13.65502 13.89428 13.09925 13.0132 13 11 19.1995 19.59163 19.98612 19.78157 19.64427 19.46787 19.11525 17.39493 18.70777 18.80484 18.81611
18 17.94104 19.45364 19.48424 19.19981 16.92085 15 15.69424 17.76316 17.28892 18.43318 17.82405 18.37027 20.41035 20.18971 21.91274 23.82565 16.58993 17.41428 20.81709 15.24983 14.92334 19.25467 19.39752 18.07294 18 18.48837 17.01363 16.52533 16 20.32737 18.27205 15.55117 16 15.6161 15.35981 15.71207 17.46514 18.40309 19.65273 20.55914 21 19.13312 15.18941 14 14.05062 13.82038 13.03746 12 12.57403 16.45389 19.35264 19.66317 20 19.92398 20 19.62575 19.19753 17.34664 18.66083 18.67152 18.77711
17 16.77806 18.85143 19.68822 18.269 17 15.79877 16.27205 18.94489 18.9373 19.43211 18.63089 18.32029 18.13435 19 21.10288 20.61267 20.5492 16.94384 14.98366 14.2786 14.71615 16.61937 19 18.30312 18 18 17.51565 16.56485 16 16.38025 15 15.26029 15.77335 15.23835 14.70334 14.67406 16.86959 18.15374 18.83524 20.3083 21 21 15.98612 14.84659 14.60738 14 13.5317 11 15.39156 19.2915 19.61923 19.9852 19.7067 19.53701 19.88468 19.5634 20 17.40721 18.54446 19.08984 19.24899
17 16.3629 18.5909 19.81741 19.013 17.78236 16.40763 16.17335 19.66014 20 19.91821 19.25966 19.39176 20 20.04272 22.93287 24.10298 21.12152 19.03094 16.11269 14.95944 15 16.58014 19 18 17.32086 17 17 16.54308 15.90807 15.31153 16.13377 18.17938 15.71874 15.0382 14.35616 13.79058 15.85609 17.05937 15.87659 19.9681 21 21 18.45228 15.7267 15.95545 14.78413 14 12.51788 11.97914 16.47174 20 19.91273 19.71481 19.43661 19.47227 19.03783 19 17.29602 19.14005 19.69271 19.71033
17 16.53837 18.3079 19.07752 19.84713 18.65351 16.9985 16.26223 19.40029 20 20 18.82165 17.10662 16.84534 21.67617 24.9202 22.53099 20.62607 21.92671 18.52135 22.35046 14.50199 16.15314 18 18.2368 17.69412 17.40578 17 18.35494 15.8775 15.2885 15.08212 15 15.71743 16.10863 15.50683 14.66467 15.59458 17.42029 18.79215 19.57306 20.72435 20.72999 20.14565 18.40694 16.68398 15.02408 14 14 12.75683 15.52331 20 19.91665 19.7204 19.52733 19.3363 19.18146 19.04839 17.39418 19.93258 19.88243 19.84899
17 17.89399 19.30758 19.70591 19.95518 19.17115 17.54116 17 17.94631 20.02578 20.51578 16.77826 14.39338 22.53783 23 21.92398 21.40282 20.37341 20.06021 17.14934 15.54282 14.65471 17.28341 18.95169 19 18.30359 17.94113 17.75775 17 16 15.80077 15.58422 15.28557 16.10617 16.6289 17.34565 16.5035 17.01152 18.01402 18.87632 19.78441 20.56395 19.79852 18.58558 17.54298 11 11.61448 13 11 13.12783 11.24103 20 20 19.84693 19.65544 19.45815 19.30087 19.12634 19.99037 20.01167 19.87014 19.81201
16.88909 17.26086 19.22041 20.7984 20.70169 20.13575 18.39848 17.51659 18 18.99961 20.77952 17.23111 18.5735 23.89496 23.13512 21.82652 21.16665 20.62568 19.94997 16.93136 15.03851 15.86735 17.72153 18.95305 18.80742 18.88869 19 19 17.69297 17 16.73037 16.3718 16.04458 16.10604 16.38709 16.66815 16.92093 17.78982 18 19.20619 20 20.67437 21.05011 18.23823 11 13.04463 13.37354 13.17898 11 13 11.35548 16.03516 19.03091 19.99777 19.81543 19.73743 19.7483 19.16917 20.00774 20.21179 20.21832 20.3453
17.00027 18 19 21.23605 22 21.81964 20 18.22703 18 18.62227 20.33914 18.65843 14.79121 24 23.76783 22.5323 21.55399 20.50976 18.70012 16.37561 14 16.29415 18.19597 19.21396 19.71634 20 19.80035 19.07056 18.30205 17.97031 17.80713 17.78853 17.15302 16.14985 16.573 16.84917 17 14.82332 19.76542 20.61164 21.16175 21.53153 20.03691 14.4155 13.07096 13.46583 13.79599 13.53565 12.9772 13 12.41463 12 18.512 20 20 20 19.99885 19.99437 20.0038 20.27253 20.57494 20.68132
17 17.85088 19 20.64227 22 22.11735 20.7158 19.3745 18.66317 17.77669 16.84383 19.72618 15.51043 22.21763 23.69064 22.65515 21.52319 19.73165 18 15.80898 16.12302 17.51042 19.76998 20.58391 20.50251 20.43925 20.28474 19.60105 20 19.00909 19 18.69955 17.98317 17.42501 17.45128 17 17.56256 18.67198 20.59167 21.94512 18.98692 16.5286 17.06064 11 13.25627 13.96912 14.16362 13.73202 13.08304 11 12 11.42417 18.95597 20 19.99571 19.9559 19.95142 19.36975 20.01181 20.46153 20.79566 20.83282
17 18.59047 19 19.6563 20.91672 21.06935 21.22004 20.29825 19.76521 20.47342 20.86999 21.70559 16.68355 24 23.46354 22.81254 21.92327 19.88382 17.72122 15 16.66272 18.61681 20.25224 20.86866 20.91627 20.97158 20.19003 19.34321 19.91764 20 19.84803 19.54321 18.82147 17.92164 17.45107 17 17.83664 19.41299 21 21.71348 19.1468 17.52744 16.90849 12.45435 14.51359 15.28841 14.77701 15.55677 13.48303 11 14.47447 11.4523 17.4987 19.7394 19.99112 19.94248 19.83178 19.32757 20.01388 20.54865 20.99752 20.94511
17 17 17.76789 18 19.82749 20.64318 21.00766 20.59691 19.65307 20.26399 20.99526 22.3077 24 24 23.66979 23 22.25093 19.74342 21.95276 15 17.07442 19.02014 19.7187 20.68005 20.95319 20.99336 18.6197 19.34081 20 19.67487 20.51318 20 19.24845 17 17.15487 17.12893 17.90621 18.64294 21 21.77436 20.20202 18.64688 17.09854 12.93507 15.56214 16.37488 15.2302 14.64139 14.25829 14.19954 11 11.35649 18.05518 19.22097 20 19.96817 23.29184 20.689 19.4868 20.86442 21 21
19.21443 17.15805 16.20127 14.71271 19.38032 20.44291 20.98213 20.535 18.99408 15.77471 20.79183 22.2429 24 23.90393 23.08076 22.04817 22.4571 19.00833 16.86707 15 17.60826 18.89709 19.80128 20.42102 20.99817 20.8196 18.5157 19.1542 18.53986 18.70793 21.16979 20.37852 19.75557 17.62909 17.21135 17.55181 16.94657 17.47035 20.40525 21.77182 20.15034 18.3776 11.08212 11.89097 14.31846 15.1261 15.78542 15.4047 15.89437 16 16.34296 17 17.30815 18.18376 19.41215 20 26.45625 23.72949 19.56134 21 21 21
20 19.78904 19.33775 18.77036 20.30047 20.81509 20.80362 20.24669 19.61596 18.1055 21.48253 23.45464 24 24 24 22.74589 22 18 17.43698 15.19305 16.91582 18.52879 19.54443 20.55856 18.77529 20.88759 20.7113 19.0314 18.74396 18.30231 21.78824 21.06884 19.18683 18 17.59675 17.93689 18.23947 19.56062 20.75635 22 20.53252 19 11.64505 11.59791 11.11707 12.82966 13.47338 14.29345 14.52225 15.81847 16.73984 17 16.57732 16.91012 18.95436 21.48531 26.32176 24.65739 19.45099 20.55237 21 21
18.89481 17.17072 20 21 20.99424 20.95383 20.66522 20.15988 20.48016 20.98046 22.04012 24 24 24 24 21.49243 18 18.14306 18.80941 16.81071 16.77659 19.67397 19.57261 20.81177 21.29066 21.17315 22 21.87218 21.33496 19.9647 22 21.62748 20.49884 18 18 18 18 19.37968 20.89541 22.93183 22.35348 18.58058 16 14.70828 13.02765 11.79765 11.44057 11.15797 11.45427 11.14273 11.20223 11.12663 11 17.02029 18.16691 20 24.30936 25.15062 21.04175 19.67999 20.89033 21
18.86879 18.62446 20.11067 21.15158 21.22605 20.44689 20.21058 20 20.49323 21.37142 17.91822 24 24 23.45185 21.65679 18.83063 18.84518 20.11114 23.51045 17.619 16.02281 20.01342 21.08834 20.63261 20.00976 22 22 22 21.23676 18.82428 22 22 20.86799 18.91451 18.43693 17.21381 18.71619 19.87866 20.72339 22.19344 22.21004 19 19.42247 16.84051 18.74375 17.02814 15.05592 14.47508 13.20855 13.37332 13.24173 13.87895 13.47147 11 17.12314 18.47652 21.25817 23.56491 21.06464 18.67484 20.47768 21
20.60352 20.43978 20.72993 21.23204 21.87836 20 19.60472 18.64399 20.6961 21.55917 22.78166 23.28284 23.11457 22.3954 19.66032 19.17543 18.56547 19.11488 21.12337 18.11508 16.33651 17.26208 18.56915 19.89171 21.07716 22 22 22 19.9893 19.73392 21.03888 22 22 19 18.97285 18.92957 19.1695 19.33704 19.03479 22.30291 23 18.42737 22 19.75278 20.63778 20.95071 21 19.15185 17.4837 16.56278 15.88488 14.9979 14.69784 11.18738 13.83853 17.47353 19.92111 19.67362 19.38501 18.60042 20.02721 20.63824
20.10843 20 20.16933 20.2142 20.02743 19.22273 17.67577 16.05499 19.37803 21.76999 21.24653 20.97629 23 21.64216 20.52441 19.35176 18.17508 18 17.81525 17.37814 16.75573 17 17.49365 19.42443 20.9045 20.9592 22 21.32094 20.65585 20.64357 21.15232 22 22 20 19.67776 19.65545 19.75302 20.36534 21.24731 21.95053 22.43512 17.30293 22 22 15.75478 21 21 20.93551 19.81356 20.0829 19.56932 17.23917 16.15051 12 13.26198 17 19.97985 19.78681 19.68514 18.69509 19.72942 20.16979
21.77197 20 19.58052 19.37049 18.96583 18.59774 16.79274 15.35205 21 21.24604 17.31264 17.9562 21.77379 21.16245 21.18393 20.10133 20.36189 19.43282 18.85428 18 18.74628 19.51275 18.32297 18.72772 20 20.59552 21.11319 21.98749 21.3224 21.55321 22.07006 22.25944 22.36692 20.76568 20.47615 20.42778 20.4266 20.67921 21.40781 21.52866 20.71282 16.19066 21 20.83327 20.86449 21 21 21 20.16453 21 20.8244 20 17.33787 12 13.80345 18.00779 19.99675 19.95667 19.9166 19.25701 20.15083 20.19854
21.89247 19.88078 19.07071 19 19 19.63051 18.61856 21 20.51702 22 19.63473 21.20947 22 21.94783 21.89591 21.70989 21.23832 21.04966 20.99706 19.63314 21.15591 23.69803 17.79346 18.81343 20 20 20.66696 21.61455 21.98895 22.52339 22.93668 22.98498 23.22826 21.39417 28 27 25 23.40727 22 20.93149 19.84799 15.28718 19.24219 20.06671 20.5627 20.96841 21 21 20.75257 19.60992 17.15309 18.75596 15 15 15.54344 18.7798 20.17117 20.37263 20.24619 20.11975 20.21449 20.40716
21.86948 20 19 22.44925 21.10292 20.45495 20.82574 21.097 20.03818 22 22 22 22 22 22 22 22 22.54699 23.05304 20.93961 21.26508 20.94621 18 18.88299 20 20.80692 21.12919 21.424 20.20113 23.15052 24.1399 25.57941 26.91715 21.83932 25.34474 26.55682 25.35074 23.74616 22.10929 20.40982 19.75366 14.71585 19 19.30016 20.27213 20.61974 20.97016 21 20.97669 20 17.4665 15.38053 15.42465 18.13044 19.34867 20 20.21124 20.52765 20.76374 20.97709 21.02062 20.7401
21.46851 19.98533 18.99004 20 20.93599 22 21.58859 21.14242 19.08059 23.28671 23.60566 22.73773 19.20656 21.8428 22.87391 23 23 23 24.9152 21.7274 21.4034 19.83447 18.63988 18 18.49441 19.2118 20.17705 22.34792 20.45203 23 23 19.85039 20.95241 21.55823 20.21709 19.95429 21.35177 21.17099 20.17599 15.04437 15 15.31502 14.59411 18.90263 19.9238 18.68417 18.5848 18.78736 20.35533 21 22.36038 23.54004 24.11228 21.41965 20.87971 20.89647 20.59186 20.73114 20.94745 21.79682 22 20.85091
20.84782 20.00685 19.8393 20.50856 17.66975 17.29392 20.85458 23.77077 25 25 24.06568 24.22369 21.42181 21.87781 22.68195 23.4869 23.47914 23.76174 23.35085 23.27066 21.89875 20.50283 18.97836 18 19.03791 19.54019 20.22686 21.779 22.55416 23 22.65034 20.15249 20.73184 22 19.91967 19.98987 20.18411 20.1299 18.22791 15 15 13.91036 13 15.51475 17.03019 15.77339 15.75506 15.90128 18.64691 19.77039 19.46779 24 25.09974 26.68796 27 21.75978 20.97496 21 21.56253 22 22 20.55129
20.20925 21.52516 22 21.72278 19 20.49924 22.02342 24.51324 25 25 25 25 24 24 23.05221 24 24.81362 24.59202 24.70427 23.95055 21.7181 22.26272 19.33228 18 19.4884 20.67596 21.56544 22.37662 23 23 23 21.62732 21.07692 22 20.74841 17.65772 18.77812 17.64149 16.28264 14.09778 17 11.32741 12.74342 13.3788 14.17852 14.80365 13.6925 13.0152 17 17.74588 16.78869 14.16687 14.11812 23.77883 23.63683 22 28 23 25.91735 22.10032 21 19.78632
21.51318 22 22 19.59846 18.80577 20.98828 22.62251 24.17475 25 25 25 24.71761 24 24 23.63491 23.41822 23.90611 25 24.43003 22.36139 20.06348 22.5084 18.84904 18.88828 18.02491 19.55654 20.51928 21.45313 19.40113 23 23 22.39505 21.55635 22 20.11448 19.22274 16.86747 15.97386 16.15749 15.27765 14 12.04839 13.10307 14 13.09289 14 12.83777 11 14.37872 15.45148 15.17706 13.16371 13.53537 20.21498 20.56331 21.76596 21 26.72573 28 26.04894 21 20.17129
22.14297 22 22 18 18.60894 21.28172 22 23.17058 24.85667 24.19023 25 25 24 22.98752 21.59572 21.46891 24.02525 24.90767 24.61303 21.81471 20.82894 20.94638 21 20 18.13848 19.17005 19.53587 21.1053 22.95777 23 21.02006 22 21.36736 22 19.57061 17.37903 15.74008 15.8482 15.95632 15.67924 13.0771 13.53656 14.27019 14.01302 14 14 14.57807 12.43935 12 12.36787 12.46854 12 15.27286 17.89007 20.29901 20.70279 21 21 21.47237 20.78709 20.1044 20.6608
22.91588 22.46196 19.96539 18.48763 18 22.37068 22.29586 23.95801 23.09315 19.334 19.09694 25 23.90064 22.71113 21.37088 21.50052 21.57686 22.50621 23.79749 23 23.506 24 21.99133 19.76335 18.14594 19.68089 20.28914 18.98012 21.16643 22.80466 21.44753 21.75359 21.31314 22 20.44697 17.13007 16.32667 16.36196 16.42642 15.70677 12.84933 14.19487 18.14566 14 14 14 15.96726 20.82784 21 14.27061 13.97345 16.21193 17.41566 18.80959 19.52114 19.33225 21 20.45425 19.22391 19 19.76702 19.99929
22.99317 22.43962 19.56964 18.2629 18.95 22.44295 23.37305 24.06663 24.46363 24.08256 25 20.67648 22.98857 22.22358 21.15059 21.6098 21.64774 21.78339 23.3014 23.05254 23.94732 22.94014 22.34866 20 19.17423 20.76192 20.6932 19.13586 20.09168 22 21.90305 21.44544 21.07323 20.73668 20.18635 18 17.00153 17.12124 16.96023 15.72647 13 13.30689 14.47512 14 14 14 16.57848 20.66218 21 21 21 18.89091 19.8139 20.35172 19.54638 20 20.17758 19.80779 19 19 19.40157 20.08814
