1d2d/test/DeltaShell.Plugins.ImportExport.Sobek.Tests/test-data/FHM2011F.lit/FIXED/GIS/Ciliwung50x50-1cell border.asc
ncols 62
nrows 252
xllcorner 238034.859
yllcorner 801489.977
cellsize 50
nodata_value -9999
[rows 0 to 31 of 252, columns 0 to 61 of 62]
6.698528 6.993985 7.481087 8.36688 8.728079 9.186925 10.07671 11.03603 11.16307 11.14608 11.12491 11.09943 11 10.32471 10 10.00624 9.880697 9.484405 8.995204 9.24263 9.470941 9.675 9.420701 9.057461 8.556938 7.92034 7.878855 9.014204 10.72718 11.75509 11.97079 12.24633 12.69132 12.32133 8.777176 11.93834 12.34622 13.00758 13.32227 13.35565 12.35721 12.52545 11.94619 11.63639 11.20565 9.971516 9.989583 8.924695 9.923608 9.387639 8.879312 8.872217 8.85607 8.387748 7.916851 7.707417 7.029969 7.806378 7.734553 7.733934 8.024981 8.380347
7 7.09727 7.440522 8.25557 9.133916 9.614818 10.27158 11.09712 11.16872 11.21494 11.23576 11.15952 10.56442 10.42707 10.40641 10.35916 10.14996 9.369592 9.271417 9.352014 9.529218 9.579832 9.448988 9.216473 8.355412 8.262222 7.861014 8.403207 10.105 11.45294 12.27263 12 12.5653 12.46157 11.16572 11.94924 13.2149 13.55023 13.18484 12.85033 12.90925 11.98428 11.83724 11.49834 11.23 10.20695 10.00935 8.17631 10.10693 10.00393 9.64865 9.67803 9.504328 6.491081 4.816191 7.892378 6.876482 7.905235 7.531665 7.619374 8.002111 8.748731
7 7.047022 7.386405 8.908636 10.1091 9.486456 10.31023 10.68901 11.04211 11.07446 11.18396 11.14506 10.82508 10.42406 10.36812 10.6449 10.30594 9.662997 9.613515 9.631583 9.479109 9.429233 9.406152 9.381183 9.04773 8.73899 8.137911 8.632881 10.3453 11.34188 11.77246 8.972434 12.44273 12.62763 12.28836 12.19064 12.80158 13.55642 12.56505 12.22656 12.24419 11.9588 11.72505 11.33305 10.95052 10.49834 9 9.789977 9.653884 10.46116 10.15696 9.862826 9.423186 6.939832 6.041043 8.042253 7.295185 7.980405 7.874485 7.749851 8.614015 10.13382
6.884189 7 7.509715 8.809425 9.666222 10.11675 9.649798 10.00283 10.91368 11 11.05851 11.04717 10.86282 10.26842 10.50818 11 11 10.34808 9.992418 10.06204 10.04354 9.520622 9.569736 9.3405 9.112818 8.910414 7.851839 9.05502 10.67943 11.26241 11.72401 12.27343 12.04038 12.24748 12.45458 13.10596 11.86199 13.3083 13.03052 12.47908 12.03967 11.91989 11.58328 11.24508 10.76103 10.6748 10.07209 1.783559 3.061022 10.41753 10.29264 9.878164 9.318529 8.629536 8.271904 7.745929 7.63278 6.943742 7.56037 8 9.575946 10.92705
6.897013 6.96943 7.630538 9.332781 10.08454 11 10.80865 10.67113 11.47642 11.40612 11.06918 11 9.926658 8.855242 9.855454 11 11 11 11 10.48172 9.967581 9.648876 9.550728 9.18406 8.857705 8.485273 8.105822 9.378218 10.78786 11.49145 11.69049 12.38456 12.55563 12.79881 12.65116 13.80298 13.55525 13.36208 13.22632 12.67602 12.27007 12.13456 11.80615 11.24156 10.99005 10.65952 10.34346 3.322439 .3850532 10.17933 10.40059 9.902267 9.324598 8.832989 8.631239 8.321914 7.64147 8 7.573252 9.15526 10.37012 10.68977
7 8.12528 9.876026 11 11.11272 11.80015 11.42785 12.76822 12.3125 12 11.28035 11.07396 11 7 8.01537 7.324097 7.58436 10.17651 9.165587 8.811017 8.236458 9.34205 9.440239 9.065879 8.326808 7.643545 8.823325 9.990946 10.8963 11.91584 12.27753 12.78241 12.78498 13 14 14 13.43319 13.50887 13.41436 12.21436 12.54577 12.06848 11.93353 11.31133 11.04499 10.66952 10.41765 9 1.209747 0 1.712644 9.249506 9.223368 8.978342 8.600251 8.343547 8.011252 8 7.840353 8.588747 9.603669 9.928117
7.349685 8.585272 9.029331 9.920033 11.13152 12.13107 12.83733 13 12.91625 12.17277 11.60143 11.25285 9.085373 8.052529 8.235865 8.786608 8.572599 8.319169 8.562785 9.135784 8.300735 8.182317 8.553673 8.271643 7.339156 10.14781 10.57968 11.16203 11.87607 12.49483 12.88659 12.85615 12.8924 13.12426 13.62192 14.71321 13.19421 13.36018 13.53266 12.57281 12.13136 12.11257 12.00426 11.60717 11.35285 11.23925 10.80379 10.21184 5.289468 11.12936 .9152796 9.086355 9.024667 8.906457 8.458401 8.126731 7.616778 8 7.931353 7.9291 8.313215 8.949392
9 8.157758 8.947166 9.684766 10.91086 11.56744 12.20125 12.92555 14.15534 12.67497 11.51777 11.21407 7 8.015475 8.41961 9.18851 9.952609 10 10.21091 9.980083 9.417521 9.506126 7 9.169681 4.518845 11.43567 12.63747 13 13.10202 13.49506 13.53817 13.18697 13.1008 13.71859 15 15 14.28512 13.24267 13.7579 11.35156 10.77972 12.24754 12.05554 11.94021 11.80896 11.88795 11.76456 11.68793 1.163154 11.43217 6.123167 5.008631 8.765802 8.902146 8.437641 8 8 7.869089 7.817513 8.749958 8.342275 8.285229
9 9 9 9.76182 10.39973 10.7643 11.23666 12.01452 12.86155 12.86217 11.47793 11 7 8 7.208909 9.221581 9.522379 10.05142 10.42461 10.52873 10.27654 10.47851 9.626574 10.08789 9.042272 11.22978 12.56194 13 13.23138 13.7827 13 14 13.96522 13.983 14.95324 15 14.51489 13.13175 13.76002 12.95152 12.33444 12.38245 12.25308 12.10019 12.0785 12.13092 12.71403 12.41526 10.1989 2.197728 5.459273 5.230447 9.520263 9.003046 8.417221 8 8 7.979821 8.754602 10.14563 9.807325 8.753923
7.268005 9 9.244865 8 9.3883 9.672098 10.00443 11.18136 11.98831 12.02466 10.42695 8.144989 8.273503 8 8.168446 8 8.874549 9.416311 10.28851 10.62438 10.59019 10.51231 10.65327 10.92721 10.95517 11.02133 11.57491 11.95718 12.29821 12.32629 12.4876 14 14 14.58033 14.79277 14.79899 14.37743 11.36934 13.5349 13.59408 13.06191 12.74137 12.5407 12.41357 12.08453 12.12482 11.90733 11.60479 10.71395 1.752121 9.244833 8.719849 9.18938 9 8.278238 8 8.532892 8.949216 9.509296 11.34548 9.931177 9.703123
7 7 6.455461 8.324323 9 9.023894 8 8.719873 10.20422 10.91562 10.05123 10.38787 10.20199 8.985027 8 8 8.505321 9.532892 9.958684 10.49967 10.48031 10.41731 10.50653 10.84676 11.12521 10.68731 10.91377 10.9759 10.97752 11.13014 11.59489 12.35843 14.03386 14.2988 14.51252 14.65446 14.81461 14.08419 13.30309 13.59829 13.51189 13.25778 13.02263 12.55209 12.14779 11.99159 11.93966 11.30029 10.75865 9.236623 9 8.971829 8.684315 8.210453 8.95604 10.20643 10.34251 10.17231 10.32008 10.3766 9.317645 9.008282
7 7 7.322044 7.294314 6.204831 6.439213 9 8.774247 6 8 13.33731 13.23634 11.23516 10.16824 8.940626 8.002099 8.571739 9.355138 9.824651 10.15784 10.34629 10.26877 10.19156 10.40708 10.53405 10.3424 10.5862 10.66556 10.95174 11.14739 11.36629 11.86863 13.32499 14.00776 14.23228 14.46679 14.6168 14.29119 13.192 13.76763 13.86896 13.80099 12.76096 12.45654 12.15009 12.06176 11.94734 11.53482 11.11294 10.51885 9 8.673947 8.266043 9.449481 11.07712 11.89748 12.10692 11.67828 10.21885 9.506351 8.764839 8.940479
10.96635 9.986813 9 7.133891 7.73152 7.979327 8.806951 8.648568 10.45354 10.98752 11.02282 13.45086 13.16696 12.12055 10.4149 9.010469 8.331056 9.059273 9.327718 9.87909 10.1852 10 9.955997 9.987779 10.06963 10 10.1689 10.45058 11 11.20345 11.6796 11.61559 12.63411 14 14.18005 14.27388 14.37213 14.28637 11.40088 13.69031 13 12.92715 12.67846 12.46083 12.33907 12.29702 11.89669 11.49473 10.79296 10.11204 9 8.303967 8.470127 10.2922 11.77275 12.56082 12.12973 10.91265 9.532434 8.749756 9.039283 9.113746
11.71462 10.69151 8.510278 7 7.403926 8.43819 9.354391 10.30915 10.55627 11.28383 11.45973 11.86044 13.27503 13.10863 13.11531 11.4262 10.17734 8.886452 8.507282 8.049886 9.852445 9.584265 9.845846 9.825371 9.891534 10 10.32382 10.67703 10.9811 11.13128 11.64563 11.44909 12.27922 13 14.06374 14.26552 14.50907 14.62482 14.06167 13.39275 13.02058 12.99356 12.80615 12.58977 12.555 12.33705 11.97089 11.31569 10.45555 9.813607 9 8.554997 9.160468 10.06759 10.88604 11.28948 11.48207 10.81161 9.571203 8.84358 9.417532 9.747006
10.91383 9.570417 8.162391 7.064631 8.276878 9.177951 9.723301 10.37351 11.2887 12.35881 13 10.94994 13.20345 13.42611 13.52246 13.28551 12.08516 11.27112 10.38136 9.755229 8.940054 8.629036 9.716779 9.994823 10.02149 10.22683 10.53705 11.05659 11.29582 11.21299 11.63577 11.94726 11.98633 12.90339 14.10459 14.408 14.63455 14.82324 14.31654 12 12.47543 13 12.88681 12.72059 12.60323 12.40704 11.88043 11.16069 10.77761 10.23896 9.681676 9 10.0049 11.12683 11.83969 10.99514 10.7771 10.19709 9.780893 9.388892 9.828691 9.934196
9.667747 8.941785 8.038218 7.550256 8.521004 8.648067 9.750311 11.08703 12.27698 13.17058 13 13 12.62542 12.87605 13.12667 13.38062 12.6072 11.53217 11.46118 11.4172 11.47304 10.53148 8.265183 10.00291 10.2601 10.06254 10.60266 11.13496 11.48881 11.67908 11.72535 12.34046 12.4289 12.72911 13.95032 14.35876 14.63501 14.75271 14.72831 10.01235 12.04622 13 12.88097 12.68435 12.676 12.38621 11.93814 11.63644 11.44694 11.36623 10.02393 9.462616 11.22246 12.05536 11.80097 10.8564 9.975378 9.202087 9.148436 9.688793 9.976672 10.06107
9 8.543024 7.657143 8.481393 9.158893 9.569059 10.2806 11.42517 12.67032 13.00733 13.01912 11.36657 12.52683 12.79268 13.09883 13.42198 12.79169 11.79169 11.43392 11.4195 11.49526 10.36302 9.594803 8.514382 9.910592 10.09657 11 11.12505 11.44306 11.61234 11.7296 12.26986 12.98747 12.91047 13.86684 14.4348 14.70402 14.76695 14.8453 14.2422 12 12.12771 12.99878 12.84056 12.75832 12.56352 12.59661 12.33021 12.07914 11.92978 11.02214 9.516322 12.03025 12.22768 11.5357 9.884742 8.954436 8.993549 9.89852 10.06405 11.06803 11.48277
9.200198 8.60141 7 8.26944 9.502367 10.35775 11.13729 12.06265 13.05644 13.02123 12.16561 10.22621 12.54255 12.84023 13.16338 13.48653 12.61738 12 11.44477 11.42604 11.48276 11.30538 11.0029 9 8.187126 10.04911 10.65049 11.0788 11.1894 11.17201 11.66181 13.07418 13.31736 13.52035 13.9022 14.50059 14.81752 14.69914 14.62423 14.1754 11.90129 13 13.84052 12.96576 12.36992 12.27629 12.78805 11.30674 12.70265 12.53742 12.76523 12.06006 12 12.02657 11.3844 10.52107 10.14885 9.743976 10.86388 11.44843 12.09153 12.34623
9.676424 8.064921 7.346782 8.543289 9.661658 10.68797 11.8492 12.89743 13 12.90924 11.95832 10.17723 12.54685 13.07934 13.28229 13.36219 12.8335 12.30921 12.07864 12.06779 12.0058 11.71419 9 10.78282 11.00871 9.583824 9.114223 9 9 11.04256 11.36275 12.38 12.66218 12.72266 13.97534 14.70365 14.84608 14.24786 12.96266 12.20636 13.43214 14.05658 15.64115 15.92744 13.16833 14.17102 12.93235 9.69981 11.45545 12.80201 12.87314 12.34132 12.08006 12 12 12 12 11.05129 11.77292 12.49037 12.67132 9.08858
9.092899 7.594263 7.710894 8.802247 9.77917 11.07942 12.5216 13 13 12.88106 12.12354 10.33575 12.51304 13.11125 13.61613 13.63612 13.35057 12.99232 12.54652 12.34004 12.16866 11.0286 9.640294 10.95442 11 11 10.92352 10.68984 10.7524 9.790998 9 11.50636 11.63841 12.77338 14.04847 14.94916 14.97757 16.71188 13.67404 13.55158 14.37072 14.52829 15.19701 14.39948 13.66297 15.51503 11.47805 8.092885 9.167501 12.0795 12.01875 13.00206 12.75345 12.22532 12.11474 12.41992 12 12.07354 12.38421 12.40818 7.349752 5.070541
9 7.29055 8.274255 9.318693 10.35417 11.36973 12.51902 13.12272 13.07495 12.96715 11.90633 10.4098 12.44875 13.1142 13.64092 13.55379 13.60321 13.18173 12.90468 12.7057 12.20709 11.44853 9.985295 10.97635 10.77091 10.84516 10.46994 10.35163 10.45771 10.31693 10.69548 9 12.52026 14.09706 14.7368 17 13.74942 11.09859 13.66583 14.71168 14.62307 14.576 14.69834 14.05534 13.74438 14.76843 12.68792 11.00541 13.35675 11.77145 8.460827 13.80573 13.41591 12.82203 12.56976 12.88878 12.05068 12.39328 12.54154 12.53823 10.99861 13
8.964968 8.506639 9.081576 10.1583 11.59763 12.19118 13 13.20996 13.55494 13.04835 11.98159 10.4833 12.46996 13.03203 13.56755 13.42203 13.47687 13.6544 13.52747 13.18025 12.32223 11.42554 9.979329 11.0319 10.96152 11.10214 12.39911 10.90533 10.8763 11.42074 11.11147 9 13.57545 15.02504 12.29013 12.20325 12.9964 13.69183 14.21864 14.86535 14.78766 14.57518 14.59642 14.76791 14.47883 14.10472 14.45888 14.51823 14.70354 13.44989 13.43022 14.54293 14.01941 13.72651 13.63128 13.25191 12.91147 12.98054 12.94081 12.91463 12.52707 13.26731
8.862677 9.452461 10.69724 11.45978 12.91779 13.42602 13.52107 13.46385 13.44551 13.04311 12.35931 10.52469 12.23331 13.15689 13.54377 13.47976 13.54337 13.87272 14.16737 13.63825 12.74124 11.47695 11.00053 11.06205 11.18629 16.77639 17.55274 11.62802 12.34662 12.86156 17 11.84205 9.294991 12 13.17207 13.91155 14.83234 15.08631 14.8807 14.9622 15.91204 16.46461 14.86279 14.88392 14.91722 15.5768 15.10031 14.2034 14.46309 9.986216 12.1759 14.7366 14.3836 14.56925 14.63542 13.93318 12.04745 13.85994 13.38273 13.00893 13 13.96243
9 10.96326 11.63482 12.93795 13.47937 14.04169 14.03967 13.74603 13.34696 13 11.93447 10.62006 12.76115 13.18034 13.47498 13.54916 13.64836 13.99709 14.33575 14.44374 14.39635 11.40783 11.04254 11.17326 11.81147 12.60087 15.05292 13.77203 16 13.27233 10.69116 9.704189 10.27677 12.85919 14.38851 15.39686 15.80763 15.25725 14.90957 15 17.39747 18.65072 15.45489 15.45181 15.28346 17.08523 20.48732 14.2616 13.76553 10.70636 14.37547 14.69907 13.99184 13.28462 14.61795 14.27068 10.29921 14.32046 13.70271 13.20554 13.68433 14.08098
9.570627 11 12.94812 13.55506 14.01217 14.34177 14.14327 13.6752 13.29036 12.8488 11.92291 10.40387 12.48345 13.22007 13.6232 13.63174 13.65173 13.90104 14.11444 14.38 14.14071 11.35301 15.09274 14.97199 14.40389 15.54945 13.58787 13.47086 12.07927 10.94032 11.37533 10.07024 11.51475 13.10311 15.1557 16 16 15.45078 14.88302 14.35407 14.21509 15.82255 15.29236 15.45567 15.83318 15.84991 16.97289 14.9924 14.22115 14.26235 14.61496 14.62763 14.13026 13.88706 14.33073 14.50751 11.82781 14.5204 14.02532 13.85286 14.19226 14.10297
11 12.6588 13.37379 13.90394 14.54375 14.43902 14.11437 13.56783 13.06157 12.73067 11.87324 10.64996 12.85251 13.36609 13.84264 13.86613 13.89209 13.90338 14.09761 14.3407 14.17828 12.26668 12 12.80126 13.06781 13.18258 12.82312 13.01864 12.1397 10.27914 11.63148 11.02039 10.20027 12.01016 16 16 15.15879 14.87359 13.8592 13.3808 13.27248 13.71006 14.56284 13.98147 15 15.32126 15.73726 15.51409 14.84548 14.41815 14.70108 14.71416 14.4921 14.24074 14.29063 14.46279 14.4651 14.44198 14.34182 14.44324 14.58476 14.44082
11.84513 13.27618 14.10569 14.30697 14.63664 14.45474 14.01058 13.30809 13.42109 13.02265 11.86841 10.4644 12.69744 13.14745 13.99198 14.22604 14.25723 14.27522 14.25869 13.53663 12.57517 12.94109 12.36638 12.03644 12.25063 12.66131 14 14 11.8324 11.79418 10.8 10.62728 10.94352 15.50298 16 16 15.63662 14.34306 12.88387 12.88417 12.95573 12.71955 12.67045 12.47913 12.9137 13.97823 14.68973 17.2035 14.47777 14.43003 15.45989 15.22059 14.82419 14.51239 14.55522 14.60618 14.59924 14.04591 11.42399 14.63597 14.33302 10.5346
12.84235 14.172 14.68082 14.72892 14.76998 14.31018 13.88242 13.52158 13.44648 13.40595 12.10566 10.66308 12.44272 12.95632 13.96362 14.14782 14.19005 14.27349 14.36185 13.88946 12.85046 12.87401 14.21784 13.74138 13.38369 13.72225 13.62354 14.9951 9.837161 11.14681 11.10002 11.81815 14.88358 16 14.17345 13.79954 13.84813 12.4275 12.84515 12.99139 12.87225 12.5707 12.23739 12.19291 12.60918 13.33822 14.38023 15 15.24339 15.94303 15.99264 14.87892 14.69978 14.49183 14.88486 14.8596 14.77526 14.86544 14.70734 14.83952 14.07375 6.592132
12.93974 15 15.21811 15.24963 15.17962 14.27094 13.75029 13.59064 13.5229 13.45139 13.21445 10.76399 12.56563 12.98094 13.96533 14.07487 14.1064 14.21038 14.18984 13.31126 13 13.539 14.4472 14.29285 14.18138 14.457 14.96824 15.81136 11.88086 10.52472 12.07811 13.1854 13.98808 12.14794 11.99973 12.26476 12.66797 12.41594 12.86919 12.83748 10.88854 12.08761 11.32309 10.57209 12.10194 13.13017 14.20358 14.96169 15.18548 15.83897 15.74254 13.6086 12.41199 14.5856 14.7899 14.75562 14.65368 14.74868 14.66621 14.99922 15.34471 5.636239
12.6372 14.56945 15.38204 15.7608 15.49029 14.5816 13.67292 13.46711 13.40471 12.53407 11.83335 14.09219 13.78473 13.91508 13.96705 14.01235 14.02392 13.82952 13.40913 13.02561 13.21058 14.25986 14.67655 14.59943 14.54739 14.85065 15.91212 16.04358 10.23817 10.58101 10.61321 11.54339 10.51761 10.21778 10.00407 12 12.16271 12.83127 12.73425 12.65402 10.57005 10.59684 12.15101 10.20993 10.08227 13.67331 14.5074 15.45437 15.97808 16.02754 15.7598 14.74405 12.36631 14.41586 14.6339 14.54344 14.51076 14.61135 14.86204 15.32175 15.51346 15.2495
12.09003 13.55733 15.26447 16 15.87716 14.67079 13.80649 13.38192 13.27988 12.05441 11.83725 14 14.39187 14.08801 14.07327 14.03956 14.11464 13.64627 13.27861 13 13.27608 14.55557 14.93326 14.85073 14.76942 15.12562 16.01671 16.15714 16 12.05588 12.52692 12.20683 10.61558 10.69421 10.45146 10.10765 12.30983 12.94857 10.8051 10.29377 11.337 11.17225 10.96932 10.23171 12.43555 15.00656 15.41 16.06409 16.23401 16.59931 16.12906 15.81515 13.40631 13.35287 14.47781 14.42622 14.53351 14.6 14.77313 15.3891 15.30377 15.25889
10.22676 12.7031 14.64277 16 16 15.02431 13.91715 13.34997 13.15415 11.87147 12.10593 13.68614 13.88984 14.34738 14.21222 14.20383 14.39999 14.08599 13.5362 13 13.19515 14.14609 15.06204 14.99732 15.38677 15.3947 15.5014 15.89402 16 15.19828 12.04176 10.14093 11.05532 11.29342 11.29463 11.20361 10.368 10.50064 11.29903 11.99004 12.66 10.26451 10.88575 10.56061 12.8219 15.45074 16.88489 16.96343 16.99364 16.79821 16.86467 16.41282 15.22738 12.33841 14.23204 14.36017 14.54287 14.53135 14.77876 14.95415 14.8628 15.27145
