test/DeltaShell.Plugins.DelftModels.HydroModel.Tests/test-data/AcceptanceModels/SOBEK2/Jakarta/InputData/FIXED/gis/aSC/Ciliwung_LIDAR_ADJUSTED_TM3_50M.asc
NCOLS 62
NROWS 252
XLLCORNER 238034.859000
YLLCORNER 801489.977000
CELLSIZE 50.000000
NODATA_VALUE       -9999
[rows 192 to 223 of 252, columns 0 to 61 of 62]
32.7364 24.536 34.3944 36.6447 36.916 36.9351 36.8309 36.6654 36.7211 36.4861 36.0702 29.3094 18.5069 21.0012 24.2377 33.2863 31.401 24.2369 22.8602 22.9879 21.5569 19.5385 19.9801 19.3249 29.6428 33.1413 33.3537 32.5004 32.0507 31.9188 31.8555 32.1297 32.2917 32.3456 33.0341 34.4686 35.337 34.9258 33.4782 31.6564 29.9844 29.8049 29.7886 29.8919 29.791 29.564 29.6761 29.6628 31.4998 31.6416 28.9503 27.9813 27.8364 27.9255 28.2786 28.6345 29.9813 31.5766 32.6785 33.5561 34.0517 35.7318
32.4568 25.2137 35.3261 37.6673 37.4017 36.9493 36.8553 36.7527 36.685 36.6291 36.5099 31.9298 18.7947 23.6423 33.677 35.1879 32.6223 21.2263 19.5247 19.1605 20.0736 21.8634 22.8337 19.3679 28.2433 33.4114 33.2806 33.0076 32.4629 32.2498 32.1043 32.1297 32.3837 32.4665 32.5898 33.9605 35.4525 35.2797 35.063 33.3465 30.3754 29.8382 29.7103 29.6211 29.783 29.4909 29.3117 29.4351 30.0122 32.1601 30.4753 28.3006 28.0623 28.1036 28.3144 28.5525 28.9639 30.6425 32.6074 33.8294 34.649 35.247
32.117 25.9094 35.2652 37.9372 38.0131 37.3309 36.7866 36.6044 36.6758 36.9344 36.9182 35.1989 21.7719 20.7944 32.1154 32.6426 30.6269 20.0425 23.5973 25.1754 25.3401 24.7957 22.8212 19.1076 30.6592 33.4846 32.8264 33.0509 32.8768 32.8585 32.7369 32.4578 32.8748 33.9216 34.1504 34.8244 35.277 34.7402 34.799 32.8807 30.1481 29.9589 30.2758 29.8137 29.4281 29.2749 29.3276 29.3468 29.4269 30.9521 31.32 28.4424 28.1012 28.2075 28.3508 28.5068 28.7344 29.9034 31.814 33.7886 35.243 34.9461
31.66 28.4484 36.0893 37.9196 37.9392 37.5323 36.6859 36.4619 36.6705 36.9587 37.0706 36.1183 26.5029 18.9545 23.5007 23.6981 24.9366 19.4796 25.5042 26.9566 26.5231 25.1852 20.1296 21.3069 29.7743 33.7777 32.8311 32.7967 32.7502 33.4194 33.8574 33.5836 34.2191 35.3853 35.6509 34.9522 33.8085 33.6368 33.6318 31.922 30.0949 30.2145 32.0379 32.2538 30.4001 29.5428 29.487 29.7698 29.5523 30.4525 31.9914 29.6079 28.2296 28.5359 29.1871 29.5667 29.0157 29.4125 31.7272 33.8172 35.442 34.7494
28.058 32.5782 36.408 37.5436 37.6531 37.3385 36.699 36.3966 36.6508 36.9885 37.1841 36.7743 32.2367 20.1407 20.4979 22.4627 23.1304 19.3273 28.8796 28.0647 27.2346 22.3702 19.5364 23.4978 28.0862 33.9681 32.9241 32.9632 33.1652 33.8584 34.521 34.7917 35.1342 35.7759 35.9989 34.5972 33.4186 33.408 32.3873 30.7579 30.3318 30.6214 33.825 35.2772 33.1335 31.3057 29.7002 29.5218 29.5507 29.9086 31.8305 30.8355 28.6717 28.673 30.0242 31.0368 29.4557 29.2339 31.4742 33.3078 35.0577 35.3711
27.2047 34.6381 35.8366 37.0552 37.2671 36.9976 36.9207 36.8733 37.0733 37.2372 37.4172 37.1249 32.2378 22.4625 19.0498 20.2329 19.7696 23.5127 31.7365 28.497 24.963 19.2032 22.6271 24.0488 26.7383 34.8603 33.1371 32.7099 33.1401 33.4822 34.0663 34.3373 34.5845 35.202 35.9366 35.2153 34.0299 33.8224 32.2177 30.5566 30.3431 30.9466 33.8192 36.0127 34.9999 32.9964 30.1268 29.6175 29.4152 29.4153 30.4652 31.3774 29.1675 28.8123 30.5037 31.7774 29.9644 29.1246 29.6522 30.8268 33.8997 35.2214
30.9153 35.9306 36.0319 36.9495 37.2363 36.9241 37.2736 37.1216 37.09 37.0616 37.5234 36.4886 26.8493 23.706 24.0134 19.6402 20.6642 25.7908 26.3962 24.2806 19.4099 24.061 24.9933 24.9053 26.9985 35.0853 33.7701 32.7921 33.2006 33.3896 33.5355 33.8791 34.1574 34.3778 35.6757 36.3059 35.9264 35.4656 34.1347 31.1267 30.2302 32.3761 34.8528 35.9797 35.8938 34.2338 31.6063 29.8762 29.3989 29.1585 29.3551 29.7266 29.1075 29.4272 31.5451 33.2238 31.0065 29.5557 28.9883 29.2525 31.6135 34.2904
37.0801 37.0764 36.9425 37.5743 37.3144 37.1225 37.4363 37.1868 36.877 36.8606 37.0908 33.6478 24.4371 24.2453 25.0909 24.4317 24.0001 25.2978 25.8189 20.2996 22.0107 23.5618 20.9837 25.2484 32.0605 35.6451 34.8954 33.5769 33.0954 33.4948 33.3699 33.2524 33.4567 33.9182 35.2774 36.7666 37.0819 37.0766 35.5999 32.0465 30.4418 33.0257 35.9091 36.3042 36.2314 35.075 33.2198 30.6493 29.2543 29.6004 29.3487 29.116 29.324 29.9334 31.3825 32.328 31.4661 30.8779 31.0691 31.3005 32.6417 34.2918
38.8922 38.6105 38.388 38.5478 37.6439 36.8985 37.3885 37.249 36.9111 36.9249 36.8003 31.9396 24.7741 24.479 24.2871 23.9797 24.2523 27.4306 27.6911 20.1386 19.5943 20.7008 21.2748 21.2273 34.4297 36.1433 35.6083 34.4807 33.3004 33.2349 32.8517 32.9107 32.9053 32.9903 34.0926 36.6231 37.6777 38.0092 36.8631 33.3645 31.546 32.1692 35.5692 36.6178 36.679 35.8467 34.7326 32.4275 29.8421 29.3685 29.385 29.1817 29.2806 30.569 31.5437 31.5171 31.5163 32.1883 32.9848 33.2472 34.3401 34.871
39.7835 39.5882 39.4156 39.1209 38.0488 37.2139 37.4415 37.1176 37.0681 37.0722 36.7825 31.4237 27.4489 29.4964 31.8926 31.2021 32.216 35.6867 25.4993 19.0236 20.648 24.2496 23.4607 20.0086 28.2571 33.0163 34.9964 35.462 33.7324 32.7572 32.5457 32.6843 32.6844 32.7945 33.3009 35.4658 37.9588 38.5353 38.0106 35.0713 32.1188 31.1739 34.8376 37.0703 37.4473 37.0312 36.2693 34.6764 32.2717 30.0865 29.4129 29.1759 29.2547 30.6 31.6622 31.4268 31.3783 31.9729 33.0951 33.5145 34.4191 34.7001
40.2595 40.0283 39.9682 39.5717 38.4228 37.3535 37.5445 37.2644 37.0445 36.7116 35.0416 30.9145 31.6689 35.3387 37.3401 37.4071 37.2078 37.2485 25.7388 19.7313 22.7969 27.2595 24.3494 19.897 26.5232 32.2077 33.966 36.4566 34.9184 32.8021 32.6439 32.9412 33.9849 34.6944 34.3601 35.4162 37.5476 38.4719 38.2744 36.6215 34.3039 31.2255 34.0791 36.7418 37.8446 37.6437 37.1571 35.9339 33.4901 30.68 29.2276 28.8647 28.9185 30.5486 31.5913 31.4696 31.5836 32.4238 33.7545 34.5287 35.2637 35.1704
40.6323 40.5836 40.6103 39.8171 38.6018 37.5389 37.7438 37.6721 37.1592 35.5514 33.3574 32.2097 34.7349 36.7672 36.7583 29.7438 24.8869 24.5425 23.5936 22.5345 28.2317 28.1383 23.5171 20.3082 27.6389 33.0454 34.3819 36.4166 34.87 32.7556 32.6457 33.0085 34.7421 36.4943 36.2902 35.9641 37.1832 38.2751 38.4497 37.9903 35.1331 31.8114 32.5825 33.3353 35.4482 36.2556 37.4269 37.0977 35.116 32.3253 29.6342 29.1306 29.085 30.6915 31.5964 31.4694 31.4369 32.3682 33.7462 34.5807 35.5146 35.4208
41.3418 41.366 41.3218 40.4522 38.9835 38.1212 38.6711 38.8136 37.8182 35.6808 34.0225 34.9282 36.7106 36.8855 27.749 20.7313 21.044 22.1588 21.6163 20.4822 20.124 21.1789 21.7844 21.2417 30.7383 34.188 35.1296 36.1733 34.5619 32.7131 32.4826 32.5068 33.5491 35.3807 36.4698 36.8672 37.6305 38.304 38.3842 38.7359 37.0086 33.4204 31.7442 31.7185 32.0449 34.1126 37.3098 38.2465 36.72 34.281 30.8199 29.4957 29.3074 30.7766 31.6174 31.5236 31.6142 32.6068 33.543 34.7734 35.8648 36.0746
41.721 42.0367 41.8691 41.6212 40.5784 39.4151 39.3198 39.5242 38.4541 36.4455 35.1587 36.1023 37.2307 34.4463 20.6966 24.0596 25.8274 26.7396 26.8589 26.295 24.8996 22.162 21.556 28.2982 35.32 35.4514 35.7805 36.4077 34.8367 32.8671 32.5461 32.5359 32.7028 33.3056 34.5338 35.7276 37.1724 38.1743 38.6609 38.5719 37.5442 35.0418 32.3015 31.453 31.7081 33.9071 37.2249 38.6932 37.7938 35.5309 31.3971 29.5391 29.4414 30.7239 31.5922 31.7039 31.7175 32.8284 33.9751 35.5788 36.1761 37.7195
40.987 41.7417 41.8185 41.9513 41.9241 41.0505 40.4047 39.9782 39.1272 37.3845 36.0049 36.8385 37.6795 35.8349 22.2206 21.7609 26.1147 26.9821 28.7174 32.7849 34.683 34.3508 35.3801 36.9182 37.1517 36.3567 36.5674 37.1415 35.8128 33.4241 32.7348 32.5238 32.5281 33.0063 33.6614 34.3399 34.9647 37.1945 38.5218 37.5663 35.6065 33.3507 32.2608 32.0396 32.4527 34.9894 37.6827 38.9061 38.285 35.3791 31.5804 29.7517 29.6164 29.7611 30.4175 32.163 31.9552 32.1864 33.8618 36.2472 37.0818 38.9088
38.9353 40.2256 41.3159 41.8588 42.3398 41.8279 41.0341 39.9798 39.3293 38.0698 37.4577 37.1884 38.3141 37.8507 29.6641 21.3764 20.826 25.0629 27.8494 35.6844 38.6367 38.7376 38.4574 38.0543 37.4716 36.6719 36.7101 37.8676 37.0077 34.4507 32.9778 32.8544 32.8073 33.0715 33.6285 34.1222 34.1869 36.6142 38.6472 37.1056 34.0288 32.284 31.8986 33.2551 34.2094 35.8677 37.9463 39.1947 38.3417 34.7092 31.1655 29.8325 29.8178 29.6523 29.8976 31.9178 31.953 32.9056 34.9818 37.3589 37.2648 39.4074
38.551 39.1866 41.3276 42.1649 42.5993 42.2347 41.2075 40.2681 39.4732 38.6054 38.2686 38.086 38.4759 38.3974 35.7782 28.6232 24.3786 21.4626 23.6494 37.1319 38.7308 38.7881 38.6463 38.0589 37.3428 36.7442 36.6448 37.4997 37.3237 35.326 33.4779 32.9073 33.0096 33.0147 33.1008 33.6559 33.8445 35.0818 38.1316 37.1002 33.9549 31.7664 32.6701 34.8094 34.8087 35.7604 37.6789 38.8952 37.7094 33.7611 30.4653 30.0049 30.137 30.2345 30.3894 32.2062 32.718 34.2875 36.6564 37.2309 38.2703 39.7174
38.8505 39.3015 41.4837 42.6809 43.2493 42.8142 41.4066 40.5013 39.8443 39.1231 38.6247 38.4971 38.5607 37.9148 37.1722 34.5392 28.4663 25.5263 20.6938 32.3389 38.8997 38.8485 38.8621 38.3191 37.9817 37.6021 37.3898 37.6448 37.5541 36.093 34.5092 33.7354 33.6401 33.7592 33.8607 33.9763 34.9793 36.7657 38.2223 36.7924 33.1523 31.9965 32.9972 33.8834 33.8913 34.6537 36.6009 38.2561 36.4721 32.3808 30.495 30.5527 30.621 30.9368 31.3748 32.6332 34.2545 36.4981 38.001 37.3466 40.037 40.2402
39.27 40.4527 42.1193 43.1751 43.5322 42.779 41.4733 40.4536 39.7806 39.1112 38.7461 38.6 33.4008 24.8104 24.8703 26.2765 29.4178 26.7583 21.1371 34.34 38.9171 38.8308 38.9018 38.49 38.2921 37.976 37.8748 38.1514 38.2205 37.2206 36.6456 36.1556 36.1121 36.3809 36.8009 37.1297 37.8064 38.2651 38.0519 35.8885 33.203 32.2757 32.3937 32.6564 32.813 34.0998 36.612 38.0505 34.849 31.3802 30.8521 30.6262 31.1621 32.8233 34.5272 34.1485 36.0765 38.6474 38.265 39.1675 40.1861 40.5205
40.7169 41.4909 42.6643 43.5442 43.7841 42.8646 41.6871 40.7275 39.3768 38.7438 38.6399 38.5106 26.0205 21.8792 23.5876 22.4275 21.8623 23.7115 22.512 38.2826 36.3628 33.734 36.0154 36.6158 37.1171 37.5727 37.5938 37.864 38.0878 38.2722 38.6653 38.7204 38.7078 38.9587 39.2231 38.749 38.2305 37.3933 36.4813 35.2182 33.431 33.1391 32.5197 32.5759 32.7138 34.1844 37.5455 38.1311 33.5168 30.9987 30.8027 30.973 32.0223 35.0716 35.3658 35.9923 37.3794 39.2833 38.2753 40.7219 40.5391 40.6107
41.1273 42.2028 43.1712 43.7729 43.9079 43.4283 42.4599 40.8496 38.9707 38.4528 38.6239 38.608 27.524 21.1587 25.4954 26.515 23.6149 21.0129 28.8062 28.309 23.1739 22.3209 21.2535 21.4928 23.5518 35.8365 36.869 37.2049 37.6116 37.963 38.5438 39.0335 39.7337 39.9851 39.8738 38.8066 36.7909 35.417 34.6249 34.0557 33.2032 33.0994 32.6376 32.4965 32.6781 34.8658 38.199 38.5607 34.3164 31.4285 31.0053 30.9249 32.5027 35.8351 36.3122 37.0668 38.8526 38.2068 40.6779 44.1526 43.9159 40.747
40.8417 42.2121 42.8562 43.306 43.9499 43.8446 42.2521 41.0252 38.8824 38.7432 38.6292 38.7734 35.7953 22.1058 21.8636 26.7409 29.8596 31.992 28.5964 21.1871 22.6467 23.0582 23.6033 24.402 21.763 32.5491 36.2711 36.5837 36.9062 37.0648 38.0582 38.3956 39.4463 40.1214 40.5119 38.7491 36.7543 35.3408 34.5303 33.1626 32.6524 32.5169 32.3904 32.5411 32.914 35.935 38.7511 39.0936 35.6109 32.3023 31.7101 31.5692 34.2546 37.3495 39.0465 39.3176 38.1175 40.5262 41.4823 46.2272 43.7881 40.8981
40.3874 41.8384 42.5583 42.7461 43.7544 43.7031 41.7701 40.3348 39.0593 38.7021 38.7817 39.4772 39.1697 33.6127 23.2467 21.0689 25.946 28.451 23.4458 24.4966 26.8661 27.9903 29.037 28.7936 22.562 29.4043 35.625 36.0483 36.458 36.1866 37.2446 38.2225 38.9356 39.9867 40.3242 39.316 36.6766 34.6112 33.6069 32.7796 32.5415 32.5722 32.4599 32.3149 32.9439 36.0666 39.1728 39.5462 36.4375 33.7089 33.4657 34.7902 37.4102 39.1606 40.2262 38.4804 40.0839 41.3214 41.5051 41.6467 41.2864 40.662
40.6181 42.3571 42.3175 42.4694 43.7378 43.8254 42.6393 40.8166 40.0131 39.5131 39.1447 39.1315 39.6334 39.8988 36.5153 28.4191 20.93 23.1869 20.855 24.3301 26.4662 27.6494 29.5324 30.1433 23.5811 27.1653 34.7803 35.4778 35.9038 35.82 36.2018 37.2866 38.8806 40.0314 40.6387 40.0966 37.3267 35.2769 33.6783 32.8503 32.653 32.5462 32.3214 32.3798 32.7802 35.6789 39.0646 39.9457 37.8255 36.2235 36.0457 37.9138 39.5209 40.243 39.0745 39.8386 41.5113 41.5758 41.4044 41.1934 40.3646 39.0458
41.4803 42.5771 42.225 42.555 43.5557 43.8897 43.3934 42.3527 41.7515 41.2888 40.8015 40.7095 40.3668 40.2139 38.5463 34.3115 31.8965 25.0539 23.7722 25.5623 26.0372 26.7872 29.4614 30.1373 23.0986 26.7984 33.9575 35.1791 35.7395 35.6314 36.3438 37.6074 39.1642 40.3284 40.882 40.7165 38.2907 36.2413 34.1866 33.1845 32.8714 32.6091 32.4778 32.6483 32.8501 35.0646 37.9938 40.1303 39.8054 38.9477 38.4664 39.7307 40.5784 39.2178 39.1993 41.6536 41.6916 41.5297 41.1136 39.8731 37.6007 36.0421
41.7296 43.1154 42.5441 42.5441 43.0676 43.3547 43.2014 42.8637 42.7226 42.8194 42.8326 42.0791 40.6624 39.9707 37.9894 36.9601 39.2929 37.8516 32.1108 26.8377 25.9728 26.6531 30.1756 29.7435 21.4762 29.2674 33.8598 34.9595 35.6971 36.2742 37.1907 37.645 38.8548 40.798 41.2605 41.3207 39.5781 37.3991 34.5674 33.5671 33.0684 32.7618 32.804 32.7844 32.7908 33.7789 36.3745 39.2157 40.4847 40.2479 39.9364 40.6873 40.8172 40.8739 41.8899 41.709 41.1119 40.1393 39.5988 37.4561 34.7559 33.6007
40.9062 42.2911 42.7955 42.5557 42.9882 42.819 42.6747 42.6289 42.7713 42.6624 42.6975 41.7013 39.9065 39.7151 39.5446 39.6111 39.686 39.6968 38.0849 30.645 28.4082 28.9548 30.6294 24.688 25.8108 32.1922 33.9397 35.1288 35.579 35.8659 36.8291 37.4558 38.6463 40.8224 41.0279 41.1964 40.2486 38.1371 34.9484 33.8092 33.3792 33.0121 33.2072 33.1941 33.1145 33.4523 35.4399 37.5678 40.2885 40.5991 40.764 40.8971 40.8509 42.1497 42.009 41.1959 40.1153 37.7806 36.556 35.0476 33.6368 33.2449
40.9975 41.0647 42.0281 42.6157 42.9817 42.911 42.9392 42.6439 42.492 41.9826 41.3179 40.4339 39.8736 39.6245 39.7029 39.8618 39.8813 39.9988 39.8224 37.2895 33.7394 31.1637 29.3926 22.1087 28.0906 31.8671 34.7894 36.7248 35.936 36.0502 35.8813 36.5071 39.3475 40.1622 40.4492 40.3627 39.5858 37.9821 35.1762 34.1599 34.1163 34.4409 34.9673 34.3832 34.0659 34.1872 35.7145 37.4209 40.4654 41.0096 41.0087 40.8731 41.7762 42.2558 41.844 40.1131 38.0784 36.4949 35.5525 35.1927 34.5278 34.9378
42.5903 41.3706 41.5371 42.8459 43.0648 43.2919 43.4041 43.0146 42.416 41.3129 40.6902 40.4907 40.5328 40.2288 39.8271 39.8174 39.92 39.914 39.4483 38.4378 37.1651 33.0938 32.5365 25.2113 22.9313 30.0545 34.3795 35.9041 34.7925 33.4512 33.313 35.164 37.1757 39.1332 39.8643 39.4906 38.443 36.4899 35.4334 35.877 35.3334 36.3437 37.784 36.5445 35.2625 35.2036 36.3127 38.2519 40.9085 41.3343 40.9905 41.5068 42.073 42.509 42.2864 40.9056 38.072 37.4262 37.6219 38.0302 37.8875 37.5172
42.7894 42.7219 42.537 42.8333 42.8867 42.8564 43.2749 43.0693 42.2329 40.8396 40.3643 40.8774 41.1741 40.9787 40.0077 40.0628 40.0068 39.9564 39.8209 39.3541 39.9214 39.0839 38.2721 35.4003 22.4719 21.769 26.8725 31.1565 31.933 31.8958 32.1862 34.7038 36.6295 38.1535 38.7884 38.5444 38.425 36.3961 36.4794 36.8053 36.7131 38.1887 39.063 38.1452 37.7084 37.3193 38.2004 39.5859 41.7703 41.4029 41.2855 41.7937 41.6294 41.859 41.708 41.1622 40.5664 39.9585 40.4747 40.6909 40.4044 38.6676
42.424 42.7182 42.8605 42.7747 42.6429 42.5002 42.4812 42.3847 42.0662 41.4761 40.7433 40.3298 39.9226 39.5226 39.6383 40.5483 39.5852 38.7894 39.2672 39.4872 40.2359 40.7142 40.548 40.0299 32.6488 24.4031 21.6376 23.3238 27.5818 29.9876 30.7089 34.846 36.8175 38.4732 38.8987 38.6632 37.4152 36.5908 38.1138 39.42 40.0372 39.279 40.3162 38.8055 37.9018 38.8563 41.0353 41.6545 42.1181 42.0696 42.277 40.7192 39.0184 39.8473 40.9407 41.4708 41.1888 41.17 41.1842 41.038 40.2638 38.9751
41.6698 42.0013 42.3089 41.8725 41.7307 41.1155 41.0479 41.0941 41.2236 41.3319 41.2447 40.8093 39.9853 39.167 39.5202 41.0066 38.0206 35.7427 34.9236 33.4737 33.3208 35.3482 38.2094 40.5677 39.82 32.327 27.1763 23.8204 21.6126 22.7729 25.4564 34.1748 38.5162 39.4614 39.2086 38.8358 37.0524 36.0721 36.7988 39.5152 40.8732 41.9009 41.6264 40.5869 40.2819 40.74 41.5054 41.708 41.6486 43.1395 41.9709 39.4166 36.7965 36.2659 37.7407 39.1796 39.2763 38.1152 37.4308 37.9333 38.6285 36.7967
