test/DeltaShell.Plugins.DelftModels.HydroModel.Tests/test-data/AcceptanceModels/SOBEK2/Jakarta/InputData/FIXED/gis/aSC/Ciliwung_LIDAR_ADJUSTED_TM3_50M.asc
NCOLS 62
NROWS 252
XLLCORNER 238034.859000
YLLCORNER 801489.977000
CELLSIZE 50.000000
NODATA_VALUE       -9999
[rows 64 to 95 of 252, columns 0 to 61 of 62]
19.4545 19.0373 18.705 18.597 16.525 14.8775 14.4337 14.9505 14.8723 15.032 15.0548 14.7186 15.2877 16.8087 17.0254 15.8436 14.1364 12.9018 12.6823 12.7749 14.4619 16.8847 18.1455 19.1071 19.278 18.6559 18.0451 16.7372 15.9256 15.7273 15.5652 15.4771 15.2232 15.2327 16.2841 16.3709 17.9768 19.1628 19.7251 20.3466 20.7334 19.7807 18.9036 18.0802 15.7119 13.5539 12.8108 11.57 13.7902 18.2405 20.1235 20.3476 19.4931 19.2856 19.2799 19.5893 18.7843 17.954 18.2623 18.6162 18.438 18.3606
19.2017 19.064 19.908 18.7222 17.3277 15.4797 14.3737 14.8977 14.7738 14.8305 14.5536 14.5164 15.3437 16.794 16.5297 14.8283 13.7009 12.8708 12.6715 12.6545 14.2592 17.023 18.5313 19.3094 19.0758 18.0338 17.4045 16.8911 15.981 16.0372 16.087 15.5787 15.3375 15.3585 15.6215 16.1814 17.6738 18.7482 19.4377 20.5176 20.5828 19.3164 18.6338 17.9275 16.0746 14.5099 13.9151 13.1726 11.149 16.0498 20.0912 20.1748 19.4758 19.3081 19.1434 18.8057 18.7297 18.1542 18.3084 18.3577 18.2901 18.232
18.384 19.8328 20.3676 19.7029 18.4817 16.2888 14.5253 14.9468 14.9695 15.3241 14.7441 14.6622 15.1756 16.7848 15.955 14.2854 13.6358 13.4147 13.3696 13.0253 14.2241 17.1035 18.5685 19.2294 19.1411 17.7104 16.4436 16.668 16.1642 16.187 16.0959 15.5953 15.4732 15.523 15.4789 15.9973 17.4768 18.437 19.2229 20.4774 20.6037 19.5363 18.4062 17.768 16.3379 14.8798 13.9632 13.6153 12.703 12.8856 19.6356 20.0508 19.4595 19.3108 19.0784 18.9265 18.5864 18.071 18.1346 18.2429 18.447 18.4631
19.0207 20.221 20.7348 20.2726 19.2735 16.8373 14.6362 14.7487 15.2072 15.438 14.9081 14.66 14.9932 16.2238 16.3119 14.7734 13.8871 14.8439 13.7278 13.3485 13.9238 16.6327 18.0467 19.267 19.1983 18.1187 16.5786 15.9651 16.0382 15.7135 15.6367 15.6049 15.4634 15.628 15.6884 15.7639 17.2836 18.6492 19.6589 20.3989 20.6349 19.69 18.5245 16.3814 13.734 13.5287 13.5146 13.5048 13.6217 11.8058 17.21 19.3951 19.3315 19.4444 19.1399 19.1657 18.8235 18.3308 18.4978 18.3997 18.485 18.5761
18.9428 19.831 20.8027 20.3773 19.3822 17.088 14.5123 14.9147 16.0269 16.8063 15.7082 15.2317 15.587 16.7916 17.24 15.291 14.3342 14.0388 13.9236 13.7515 13.388 16.3796 17.8122 18.9884 18.8946 18.5278 17.4543 16.3497 16.7044 15.9453 15.8656 15.9656 15.6539 15.5843 15.5911 15.8799 17.0074 18.2266 19.0023 19.9277 20.9765 20.4131 17.3742 13.6343 13.4795 13.7558 13.6452 13.3438 13.947 12.9541 15.188 19.5197 19.3336 19.6206 19.3262 19.2796 19.2013 18.5157 18.829 18.7411 18.6628 19.0024
17.9116 18.7238 20.2583 20.3109 19.3647 16.9748 14.8846 15.4138 17.2115 18.2928 17.5055 16.6473 16.4426 17.0064 16.9185 16.1653 14.7526 14.1009 14.0862 14.1544 13.5549 15.5306 17.261 18.5485 18.2169 18.0049 18.2743 17.2476 17.5247 16.2588 16.5828 16.6571 16.3181 15.7976 15.7309 16.0024 16.8881 17.7905 18.4973 19.6903 20.906 20.8228 17.1345 13.7472 13.6598 13.545 13.568 12.6914 12.0146 11.6145 15.6686 19.6366 19.6636 19.6674 19.4673 19.2094 19.1482 18.6568 18.9999 19.0879 18.9252 19.0845
17.7024 18.5225 20.1015 20.3897 19.0135 16.5305 15.0654 16.4112 18.562 19.1328 18.8562 17.952 17.6988 17.2499 17.0374 17.4357 17.0055 16.0239 14.5003 14.02 14.2562 15.475 16.8147 17.9811 17.5751 17.2231 17.9394 17.8101 16.9809 16.2896 16.4389 16.8695 16.3323 15.8559 15.7446 16.1503 16.4979 17.2403 18.2745 19.6666 20.9568 20.9182 18.0545 14.5081 13.8726 13.7646 13.6608 12.2472 13.5572 14.6109 19.0037 19.9502 20.0083 19.855 19.9821 19.7654 19.6283 19.1587 19.0324 19.2006 19.0577 19.1241
17.3149 18.3656 19.947 20.3863 18.7683 16.5098 15.2863 17.5023 19.3395 19.7013 19.4383 18.4924 18.5932 18.1334 17.7953 18.009 18.9187 18.9905 16.8972 14.5343 13.9637 15.5608 16.873 17.6217 17.2527 17.0775 17.2288 16.9176 16.6372 16.3806 15.982 16.0363 15.8966 15.8594 15.7463 15.9568 16.0164 16.8063 17.8768 19.2269 20.9051 21.2843 19.8699 15.5303 14.535 14.4514 14.2109 13.7502 12.6048 17.2944 19.8506 20.2975 20.312 20.1513 20.0568 19.8168 19.5738 19.2398 18.9111 19.076 19.0442 19.2078
18.0862 18.5571 20.0934 20.8143 19.4878 17.3033 16.0395 17.7304 19.6972 19.9731 19.586 19.1714 19.4895 19.8732 19.5077 19.3008 20.6119 20.9988 19.703 16.3408 14.3476 15.9317 17.3762 18.3036 17.5634 17.196 17.3132 16.938 16.5339 16.2948 15.9056 15.7974 15.745 15.8987 15.7858 15.8151 15.907 16.5001 17.4122 18.3955 19.883 21.0838 21.004 18.6647 15.7368 15.0679 14.7548 14.5654 12.9228 13.7644 19.1197 20.172 20.1658 20.1112 19.9575 19.8504 19.5687 19.1909 18.7798 19.0564 19.368 19.6644
18.7126 18.8809 19.953 21.0673 20.0777 18.376 16.6852 17.0817 19.4432 20.0098 19.8313 20.1484 20.8945 21.9451 21.7973 21.1504 21.2157 21.2335 20.3239 17.3253 14.6554 15.3802 17.2138 18.5567 17.9888 17.5791 17.5649 17.2787 16.6739 16.1215 16.0232 15.8649 15.8474 15.8869 15.8969 15.9702 15.9617 16.3069 17.0558 17.689 18.7605 20.2585 21.5408 21.3127 18.6487 15.4041 13.5621 13.1564 14.0647 12.6044 16.2381 20.0456 20.2071 20.1659 19.9373 19.9157 19.9427 19.3724 19.4347 19.6372 19.5126 19.6272
18.6323 18.6285 20.3902 21.433 20.7005 19.0839 16.9922 16.733 18.4977 18.9444 20.2646 21.1329 21.9879 22.7739 22.5135 21.7387 21.2375 20.8013 19.7349 16.6927 14.4143 15.3306 17.5697 18.8794 18.8821 18.0105 17.6677 17.256 16.7383 16.3895 16.2468 15.8121 15.8446 16.186 16.2648 16.0831 16.2475 16.3617 17.279 17.7469 18.6151 19.9927 21.7876 21.4499 14.8458 12.6061 13.2739 13.0623 14.7259 13.8551 13.2571 19.6814 20.6153 20.2809 20.0766 19.9722 20.1146 19.5937 19.7338 20.3687 20.1494 20.0388
18.7847 18.4952 20.7417 21.6298 21.3662 20.0064 18.5049 17.361 18.05 18.7462 19.7943 21.3616 22.844 23.1461 22.7126 21.6055 20.6934 19.6306 18.0269 15.6698 14.2202 15.7284 18.0672 19.3294 19.7626 19.0675 18.6932 18.2189 16.9892 16.517 16.376 16.0188 15.9445 16.2532 16.517 16.4339 16.5339 17.2264 18.0476 18.5825 19.1908 20.5436 21.9848 17.0648 12.619 13.339 13.5554 13.2123 12.8253 14.4978 12.2177 16.1005 20.3099 20.1916 19.9995 19.9964 20.2841 19.9636 19.953 20.5046 20.3448 20.5308
17.5472 18.3507 20.2403 21.9344 22.0762 20.9034 19.335 18.0905 17.6634 18.622 20.0105 21.5216 22.9486 23.294 22.1754 21.0045 19.6246 17.9711 15.7571 14.1634 13.8982 16.0281 18.3275 19.5897 19.8337 19.5875 19.6894 19.3215 17.8284 17.8224 17.5697 16.8622 16.2042 16.2558 16.5578 16.6688 17.0165 18.5208 19.6257 20.3196 20.5414 21.6791 21.6968 13.3174 13.8569 14.3164 14.0842 13.6901 12.1075 13.4165 12.5608 13.5353 20.1952 20.6614 20.2992 20.2504 20.4489 20.1711 19.9434 20.4971 20.6907 21.0819
18.1262 19.1329 19.602 21.5362 22.0751 21.4128 20.1261 18.8357 18.1199 18.8033 20.5008 22.082 23.1157 22.9723 21.7727 20.7109 19.3542 16.7051 14.538 13.538 14.3958 16.9852 18.9453 19.488 19.7086 19.5876 20.0594 20.3961 18.9762 18.7178 18.9684 18.3775 17.2285 16.2811 16.8398 16.9562 17.4844 19.094 20.3495 21.1574 21.606 22.2088 18.7983 12.7924 14.4555 14.6868 14.4817 14.2846 13.1031 12.5057 13.0368 13.4252 20.2466 20.6628 20.4265 20.2905 20.4673 19.8539 20.2346 20.923 20.8359 20.8924
17.6555 19.3915 19.7268 19.8541 20.9003 21.1134 20.8842 19.7863 18.4445 18.762 20.1329 22.5181 23.2633 22.8186 22.0302 21.3079 19.9303 16.6425 13.8959 13.5249 15.3192 18.2755 19.1312 19.2351 19.3082 19.9373 20.7204 20.6045 19.262 19.1214 19.3692 18.755 17.2858 16.5468 16.7144 17.1215 17.6203 18.7129 20.3037 21.5272 22.1558 22.9115 16.2575 13.702 14.6449 14.7753 14.7896 14.4856 14.2717 12.4363 12.8959 14.265 19.289 20.1326 20.2582 20.385 20.4886 20.0069 20.5718 21.4069 21.4484 20.8931
17.4809 17.6192 17.7761 19.1445 19.7428 20.293 20.962 20.073 18.5714 18.7717 19.1708 22.5257 23.6447 23.0953 22.277 21.5472 19.9475 15.8876 13.7935 14.4434 16.3623 18.8056 19.139 18.9544 19.2535 20.2389 21.2629 20.339 19.0236 19.1259 19.8192 19.3276 17.7032 16.5677 16.6364 17.1145 17.636 18.8363 20.2225 21.6282 22.4262 22.7797 13.4635 14.0043 14.6743 14.8392 14.8332 14.8844 14.8434 14.4431 13.756 17.2773 19.4108 20.1931 20.4673 20.7584 20.38 19.861 20.3753 21.666 21.7881 21.4713
19.663 19.1271 18.8156 18.9892 19.5751 19.8735 20.6773 20.0226 18.6326 18.7332 20.8839 22.8494 23.6096 23.2712 22.4708 21.4811 18.749 14.7552 13.4088 13.9534 15.5431 18.0666 19.1129 19.3161 19.6958 20.537 21.174 19.8468 19.1867 19.2045 19.9492 19.7429 18.1719 16.811 16.8131 16.9496 17.6985 18.8944 20.2877 21.563 22.1914 19.4859 12.3352 13.1006 14.2573 14.8325 15.0902 15.173 15.5117 15.8797 17.1204 18.8973 19.7472 20.2202 20.2128 20.7108 20.3569 20.0306 19.8969 21.406 21.8845 22.0305
20.5577 20.5899 20.1687 20.6115 20.3961 20.4585 21.0071 20.0755 18.6715 19.5127 21.4506 23.1217 23.5061 23.3932 21.9641 19.9706 16.3865 14.4648 13.9116 13.6769 14.7599 17.267 18.8374 19.6471 20.1783 20.2509 20.6104 20.2693 19.6581 19.8475 20.774 20.2741 18.789 17.3664 17.2957 17.264 17.5901 18.9811 20.6693 21.4727 19.711 15.4475 15.3363 12.7689 12.3741 12.9751 13.7327 14.369 15.1635 15.944 17.3794 18.2477 19.0218 20.7599 20.7636 21.0066 20.4996 20.146 19.6264 20.7916 21.4519 21.6735
21.766 21.8078 20.9881 22.05 21.1968 21.3483 20.9187 19.5765 18.7861 20.4487 22.3588 23.4126 23.4024 22.3799 20.0295 16.4889 15.324 16.3766 16.0729 14.2435 14.7078 17.37 18.7735 19.5949 20.1576 20.3793 20.8772 20.965 20.4786 20.8778 21.6888 20.9471 19.321 18.0493 17.5499 17.4705 17.6119 18.6143 20.6821 21.9818 20.1529 15.0079 17.6989 15.6931 14.4694 13.2321 12.5271 12.9291 12.7953 12.4173 12.7169 12.7252 12.7521 14.9885 20.1508 20.688 20.4985 20.6297 19.8991 20.44 21.1991 21.6114
22.2977 21.3998 22.388 22.5685 21.6829 21.1214 19.7418 19.1861 19.337 21.1069 22.6756 23.1564 22.4745 20.3099 17.1654 16.6697 17.3734 17.2794 16.9797 14.0632 14.0402 16.6779 18.1116 18.9088 20.1628 20.7835 21.0213 21.4831 21.0694 21.3639 22.011 21.7225 19.789 18.3643 18.0571 17.7031 17.8799 18.8642 20.7335 22.5681 22.2962 14.8207 19.6076 18.4325 19.1435 18.8349 17.7995 15.9521 14.9324 14.7026 14.7524 14.8173 14.2856 14.5281 17.3375 20.0156 20.405 20.7983 20.1497 20.4874 20.8195 21.0336
21.6474 21.5858 22.809 21.5503 19.9408 19.2557 18.9746 18.8914 19.7625 21.7377 22.4131 22.6986 21.2362 18.2641 16.9979 17.9988 16.6077 15.4093 15.3944 14.2512 13.733 15.0539 16.6348 18.3291 19.9702 20.8116 21.027 21.5596 21.5113 21.5225 22.221 22.3693 20.9301 19.4736 18.9257 18.6408 18.5637 19.5041 20.8869 22.5945 23.2917 15.2825 22.0882 21.3681 21.7178 21.7547 21.6915 20.3487 19.299 17.9022 17.4192 16.6418 15.5567 15.5837 15.3951 18.2195 20.458 20.6842 20.1539 20.2901 20.6117 20.8543
20.9758 21.4538 21.4257 19.5055 19.059 18.9351 18.9403 19.2634 20.5134 21.8108 22.3348 21.8407 20.1155 17.9821 18.1352 17.3646 15.7902 15.0516 14.9812 14.9828 14.5293 14.5912 15.5693 17.7514 19.5004 20.7458 20.6811 19.9218 20.52 21.2751 21.2923 21.4667 20.8216 20.1136 20.0127 19.9161 19.8524 20.3697 20.5265 21.196 21.304 14.9345 21.8437 21.5778 21.6677 21.8106 22.1528 21.914 21.9079 21.3504 21.0395 19.6283 17.212 16.4203 15.7669 17.9853 20.4384 20.4841 19.771 20.394 20.6033 20.9096
21.0373 21.4 20.2422 18.9601 19.4029 19.5502 19.7517 20.2357 21.0554 22.1587 22.1798 21.4299 20.3869 19.7913 18.6203 18.1366 17.0853 16.8494 16.3221 18.6459 16.4473 15.3922 15.3209 14.8235 15.0974 20.1796 20.0265 18.2293 19.6668 21.2983 20.8573 20.7345 20.1296 20.3253 20.5874 20.7135 20.7763 20.8587 20.0824 19.5484 18.4902 14.0523 19.6349 20.0368 20.4708 20.6963 21.3752 21.4772 21.6827 21.766 21.984 20.2076 17.5193 17.3562 16.4654 19.3561 20.7115 20.4287 19.9481 20.3772 20.8826 20.8863
21.0925 20.627 19.7904 19.1915 19.6537 19.9511 19.9369 20.3861 20.8529 21.5897 21.2924 20.6445 20.0748 19.7928 19.2932 19.1811 19.0326 18.8486 18.7851 18.8758 18.2023 17.453 17.0418 17.66 18.1815 19.527 20.1238 20.6243 21.2182 22.1001 23.2842 23.1774 20.2769 25.3733 25.9373 24.6587 23.372 22.0298 20.6652 19.5787 18.9166 16.3004 19.1264 20.026 20.6984 21.0144 21.2743 21.3366 21.3534 19.4654 18.0381 17.1453 16.4686 17.7534 18.8197 20.7175 20.838 20.5091 20.1942 20.9238 21.7044 21.1289
20.9377 20.4679 20.2974 20.2824 20.5091 20.2561 20.1504 20.2544 20.3371 20.4714 20.5056 20.4781 20.3169 19.9665 19.7663 19.7378 19.7045 19.4557 19.1365 18.9033 18.3671 17.5811 17.0253 17.7164 18.2912 19.1989 20.1908 20.5163 21.2104 22.0616 22.932 22.28 20.0168 24.5174 26.2822 23.8694 22.5352 22.0735 20.2691 18.6918 18.3424 14.7096 17.518 19.668 20.1718 20.9593 21.4322 21.7674 22.0183 20.7165 19.3942 17.3892 18.9424 19.1524 20.6565 21.1286 21.1192 20.5859 21.1292 21.8886 22.2674 21.0737
21.2691 21.138 19.9966 20.0811 20.1307 20.2852 20.7754 21.54 22.5307 22.8891 22.177 22.0035 21.1585 20.3258 20.4918 20.9517 21.3941 20.5337 19.5676 19.4165 19.1123 17.3398 15.8882 17.3236 17.7283 19.3751 20.9742 21.142 21.4845 22.3258 21.325 20.4851 20.3354 20.752 21.6819 20.5302 20.6591 21.4181 18.6752 17.4396 17.4329 13.5571 14.9451 16.6385 18.4158 20.8327 21.4343 21.5603 21.8552 22.6053 24.0391 24.8963 25.0108 23.7294 22.2359 21.5874 22.2151 21.2379 22.0426 22.5639 22.4847 20.7277
20.5735 21.8944 21.461 20.7054 19.9838 20.6091 21.3894 23.5141 24.1207 24.041 23.3553 22.762 21.4585 20.735 21.1794 22.0429 22.3477 22.1649 21.9661 21.6922 20.0938 16.857 16.4084 18.1241 18.6302 19.4317 20.4267 21.3917 21.91 22.2938 21.9373 21.0767 20.7666 20.4107 20.0262 19.2058 18.9665 18.294 17.6527 17.9329 17.2464 12.9334 13.7723 14.368 16.8981 17.0689 17.0856 19.2855 20.1389 18.4673 18.5813 22.115 25.977 27.3927 24.2729 23.4961 23.9686 22.3391 22.4297 22.5395 21.5131 20.1409
21.6058 23.0604 23.3046 20.7063 19.4476 20.824 21.6357 23.4623 24.2856 24.4793 24.3162 23.3068 21.4622 20.834 21.3387 22.2256 23.4629 23.4367 22.5664 21.3174 18.4372 16.1438 16.4791 17.5514 18.4092 19.3563 20.2224 21.7677 22.199 22.7463 22.3867 21.6312 21.1131 20.3375 19.2425 17.8603 16.7225 16.2395 16.6204 16.4635 15.3931 13.0435 13.1 13.2275 13.9621 15.4227 14.686 14.7596 17.7551 16.8472 16.5694 15.766 18.2358 22.9729 22.1261 26.191 27.6088 25.8163 23.131 21.3007 20.2956 19.6109
22.8515 22.8187 22.5654 19.6933 20.1793 21.3055 21.8997 23.4729 24.2953 24.5385 24.4235 23.7634 22.0774 21.2732 21.756 22.1609 23.1542 22.9784 21.8674 20.7228 18.6217 17.7847 18.1327 17.8445 17.0152 18.6333 20.6239 21.7983 22.2954 22.7113 21.8035 21.0753 20.8014 20.0357 18.2139 16.6587 15.5285 15.3742 15.3173 14.8083 13.5074 13.539 13.5618 13.3202 13.4725 13.4044 13.8418 13.2592 14.637 16.0258 15.6356 15.4996 16.9149 20.1034 21.6532 21.6272 23.2944 24.7816 26.0537 24.9098 22.0714 20.0949
23.1778 22.8389 21.1325 19.3047 20.7758 21.7481 22.2027 23.5009 23.7592 23.9077 24.2781 23.9092 22.545 21.3933 21.6375 22.049 22.754 22.5353 21.3712 20.9193 20.7623 20.4569 19.6384 18.8902 17.5177 19.1814 20.4507 21.445 22.0273 21.908 21.162 20.8752 20.6738 19.8094 17.508 15.9101 15.5662 15.525 15.5298 15.0705 12.9575 13.949 13.7515 13.4713 14.9754 13.4048 17.1308 14.6153 13.1081 13.4073 14.544 16.9811 19.8138 20.9949 21.2831 20.8196 21.4313 21.4286 20.9834 20.4762 21.6388 21.5755
23.475 22.2858 20.0882 19.4983 21.4442 22.7495 23.0689 23.7073 23.7313 24.0154 24.378 23.523 22.4187 21.5911 21.6212 22.2025 22.5326 22.3444 21.6954 21.6889 22.2558 21.8871 19.9709 18.7917 18.8236 20.4399 21.0451 21.6215 21.8279 21.4535 20.7725 20.4574 20.249 19.7321 18.1977 16.0171 15.5227 15.5253 15.6922 15.3181 12.8926 13.8927 13.6398 13.8521 14.7524 13.2938 19.0515 20.1674 19.0702 18.5197 20.6364 21.7913 21.7278 21.4356 20.6753 21.3105 21.7522 20.8197 19.6853 19.8038 20.4602 20.2712
24.1268 22.0544 19.824 19.9983 21.0332 23.3998 23.8609 24.1131 24.1002 24.0562 23.9439 22.7078 22.0935 21.5594 22.0394 22.1644 22.2567 22.6068 22.2012 22.1236 22.4297 22.0957 20.3275 18.8934 19.1325 20.946 21.5662 22.0633 21.6954 21.254 20.7054 20.3848 20.1822 19.9379 19.3543 17.0086 15.7154 15.9816 17.0196 16.0035 13.3823 14.0072 13.8808 13.6325 13.374 15.2524 20.992 21.3277 21.5715 22.1188 22.4374 22.3698 22.0351 22.1291 21.1024 21.9711 21.5733 20.2229 19.4834 19.5998 20.1678 20.474
