test/DeltaShell.Plugins.DelftModels.HydroModel.Tests/test-data/AcceptanceModels/SOBEK2/Jakarta/InputData/FIXED/gis/aSC/Ciliwung_LIDAR_ADJUSTED_TM3_50M.asc
NCOLS 62
NROWS 252
XLLCORNER 238034.859000
YLLCORNER 801489.977000
CELLSIZE 50.000000
NODATA_VALUE       -9999
[rows 32 to 63 of 252, columns 0 to 61 of 62]
10.4133 11.0612 13.1166 15.6632 16.6241 15.9619 14.325 13.2409 12.6261 12.4459 12.4377 11.7394 11.4259 12.0315 12.7513 13.7737 13.7695 13.9775 13.5884 12.4146 12.4236 13.7757 14.1254 14.6381 14.8057 15.2954 14.8357 14.5344 13.6394 13.7638 14.2264 13.4999 11.2451 10.455 10.7323 10.5571 11.0794 11.4433 11.7021 11.4694 9.54384 10.2191 10.4164 11.3024 14.8042 15.7168 16.776 16.9473 17.1891 17.1448 16.9783 16.3544 15.637 15.264 15.0667 15.2292 15.1924 15.0557 15.6786 15.4211 15.7877 16.0462
10.1668 10.4393 11.5504 13.9265 16.0115 16.2637 15.3346 14.1165 12.9746 12.6348 12.5554 12.5777 12.4949 12.5658 12.3985 12.7289 12.9015 12.4579 12.2749 11.1657 12.2482 13.5655 14.3719 14.3963 14.4106 14.6021 14.6365 14.5148 14.6763 14.5157 13.9673 13.7239 13.1932 12.8874 11.9439 11.9678 12.9775 13.3972 12.2586 9.91335 10.1085 10.8972 10.9918 12.2651 15.9398 15.8914 16.3736 16.6925 17.1666 17.2587 17.2949 16.4392 15.5888 15.515 15.3365 15.8819 15.6116 15.6449 15.8149 15.7966 15.9489 15.9655
10.0808 10.2503 10.9821 12.4012 15.4067 16.5375 16.1355 15.406 14.6267 14.0465 13.5135 12.7427 12.7303 12.8509 13.1657 14.0451 14.8886 14.6201 13.4074 11.6401 12.3468 13.2908 14.0513 14.1976 14.3451 14.2259 14.2039 14.279 14.1893 14.5282 14.9163 15.3417 15.6333 16.0121 14.7695 14.686 15.2628 15.6265 11.4909 9.46476 10.7444 11.1576 11.3437 12.41 16.2889 16.2895 16.4407 16.8047 17.3251 17.3219 16.7701 16.0006 15.586 15.6296 15.3608 16.3393 16.2171 16.0619 15.98 15.9732 15.9806 16.0554
10.1286 10.1946 10.6325 11.3423 14.0839 16.1119 16.6848 16.3455 16.0803 15.9564 15.4764 13.7302 12.8871 13.1319 13.5824 14.7035 15.669 14.7582 12.5966 11.2303 11.9674 13.4848 13.9185 14.0699 14.2867 14.3289 14.2089 14.2214 14.1037 14.3515 14.5675 15.1585 15.4193 15.746 15.6557 15.5184 16.0155 14.6966 9.41223 10.4304 10.7586 10.694 11.2033 12.4193 15.68 16.7518 16.4036 16.7301 17.1267 17.3834 17.0828 16.5345 16.3053 15.7453 16.0895 15.8602 16.0256 15.9782 15.861 16.0459 15.9984 15.8049
10.083 10.127 10.3404 10.867 12.5718 14.961 16.4126 16.6866 16.8151 17.3034 16.6776 15.1489 13.9633 13.8061 14.7854 16.0798 15.7156 14.3382 12.0816 11.0395 12.0404 13.8375 14.0909 14.1042 14.502 14.2243 14.0938 14.1576 14.1334 14.1507 14.3335 14.9154 15.3616 15.1162 15.0889 15.5405 15.9636 10.7016 10.1332 10.0568 10.0772 10.3039 10.3071 11.8635 15.1994 16.856 16.6011 16.6767 16.9644 17.2511 17.4387 17.0129 17.0169 16.4352 16.7268 16.2996 16.301 15.9233 16.0119 16.1814 16.1427 15.4253
10.0539 10.1191 10.3771 10.7076 11.8598 14.2235 15.772 16.5628 17.0129 17.6274 17.262 16.0997 14.8794 15.2254 15.6507 15.6463 15.4116 14.2558 12.2875 11.0379 11.7439 12.6402 13.9973 13.9879 14.3913 14.238 14.1802 14.1331 14.191 14.0715 14.4031 15.0937 14.9375 14.5278 14.3816 14.6011 13.6625 9.55486 10.4588 9.81175 10.724 11.0001 10.967 11.0687 14.8169 16.4658 16.7621 16.9141 17.2381 17.3725 17.3576 17.292 17.224 17.0384 17.2618 16.5143 16.7782 16.5361 16.3277 16.2828 16.0035 15.2991
10.0195 10.192 10.3476 10.7457 11.5827 13.235 15.082 16.3003 16.8083 17.2643 17.5056 16.3692 15.664 15.8202 16.0419 15.7615 15.0553 14.0265 12.6948 11.1795 11.5857 11.7639 13.0257 13.5219 13.7648 14.1136 14.274 14.4058 14.2507 14.1885 14.5139 15.1214 15.1351 14.5163 13.8682 13.3048 10.2663 10.4254 11.266 10.2597 11.0029 11.444 11.5465 10.6232 11.3802 13.3164 16.6133 17.0088 17.8706 18.0141 17.9963 17.7192 17.5191 17.2719 17.6482 17.637 16.4045 16.7327 16.4601 16.4414 16.2311 15.5698
10.5183 10.4726 10.5622 10.9124 11.1485 12.1893 14.0659 15.4219 16.0779 16.6375 17.7176 17.1979 16.1563 16.0169 16.0353 15.7542 14.5603 13.2543 12.1049 11.2389 11.5114 11.5627 12.0729 12.6016 12.4878 13.2341 13.7815 14.2909 14.3559 14.255 14.6769 15.1302 15.3958 14.7833 14.202 12.1463 9.49708 10.3537 10.4225 10.1162 11.0674 11.9411 12.1624 11.2446 10.4153 11.871 16.0352 17.2237 17.7612 18.3794 18.1366 17.5341 17.6 17.4602 17.9518 17.7631 16.2693 16.581 16.6055 16.4472 16.1344 15.5929
10.4736 10.5681 10.5517 11.9122 10.7608 12.2395 13.2749 14.6548 15.7989 16.5837 17.6177 18.0283 17.028 16.2261 16.1805 15.8271 14.6188 13.1523 11.8825 11.5565 12.9204 13.1785 12.3819 12.1874 11.9635 12.2722 12.6461 13.4186 13.4863 13.6632 14.1818 14.8865 15.2356 15.3803 14.8416 13.2608 10.4543 9.85136 9.8446 10.4987 12.0371 12.2178 12.3906 12.1974 10.9652 11.8981 14.5959 17.5428 17.7423 18.064 17.7916 17.4364 17.6306 17.4446 17.7434 17.9244 16.5213 16.8752 16.5748 16.3893 16.23 15.6987
10.4428 10.4841 10.84 14.7902 11.7424 12.482 13.2234 14.5683 15.9644 16.6181 17.6799 18.2086 17.776 16.8242 16.5574 16.182 14.7568 13.2385 11.871 12.1181 13.3921 13.8786 13.8877 13.8167 13.669 12.9414 12.5507 12.375 12.3375 12.8347 13.4376 14.0025 14.1976 15.0654 15.0915 12.7825 11.5498 11.1639 11.2638 11.8942 12.2512 12.3922 12.493 12.5777 12.3472 10.7296 14.3376 17.4503 17.6656 17.8104 17.2974 17.1377 17.6287 17.4623 17.4906 17.3649 16.9217 16.4181 16.8352 16.6786 16.52 16.1873
10.7305 10.6783 11.1562 14.9843 12.2942 13.0775 14.0331 14.3445 15.5682 16.5939 17.687 18.0869 18.1393 17.8394 17.0959 15.6272 13.8974 12.1551 11.2938 12.2041 13.4771 14.3293 14.6744 14.509 14.5264 13.7798 13.218 13.0127 13.1127 12.6526 12.9943 13.3011 13.7997 14.6247 14.4615 11.9712 11.6815 11.3816 11.5676 12.1915 13.0881 12.8828 12.5342 12.6695 12.7495 11.7437 11.5177 17.0417 17.5022 17.4534 17.1436 17.1687 17.6261 17.6152 17.7101 17.577 17.5692 16.2992 17.2264 16.9683 16.9213 16.7628
11.034 10.8914 11.5002 15.0824 12.8957 15.0256 14.2504 13.3919 14.6129 16.7544 17.6362 18.2887 18.3992 18.2364 16.6165 14.2305 12.1138 11.9583 11.9393 12.5976 13.6667 14.5959 14.9935 14.7581 14.6466 13.8983 13.496 13.3812 13.3689 12.7737 12.9775 13.0196 13.4941 14.105 15.1528 11.979 11.4301 11.6924 12.017 15.1661 16.4732 14.7494 12.8708 12.7118 12.8056 12.3854 11.4196 12.2485 17.0585 17.2865 17.3664 17.3838 17.5158 17.7311 17.8184 17.7687 17.7245 16.0855 17.1975 17.0944 17.0023 17.1293
11.6759 11.8374 12.8386 15.0373 14.0656 13.6107 13.1644 13.4966 14.4764 15.9768 18.0942 18.6872 18.2955 17.8846 16.1791 13.2455 12.8192 12.618 11.9703 13.2889 14.0854 14.8581 14.9241 14.5928 14.5742 14.3601 13.7205 13.4186 13.3385 12.8606 12.9306 12.8699 13.6608 14.5337 15.8752 15.5903 15.6136 17.1043 16.8864 17.8272 17.5696 16.2194 13.5573 13.0648 13.1132 12.8014 12.305 11.2638 14.2915 17.3074 17.5584 17.8438 18.0765 18.1329 18.5813 18.2222 17.6935 16.6813 17.1445 17.1636 17.1601 17.3516
13.5709 14.0658 14.388 14.2147 14.1799 13.1342 12.349 12.6886 14.4925 16.4905 18.0588 18.1814 17.8682 17.3724 15.5354 13.5199 13.4217 13.0433 12.6479 13.5782 14.3748 14.9596 14.6306 14.4892 14.7228 14.6535 13.9617 13.7267 13.4095 12.8466 12.8903 13.0253 13.8515 15.1954 15.8542 16.6055 17.3372 18.1168 18.1273 17.3707 17.2196 17.1291 15.3788 13.3857 12.8338 13.0674 12.5904 12.2777 13.6145 17.4835 18.0207 18.1801 18.3621 18.5266 18.6062 18.468 18.2565 17.9705 16.7781 17.5251 17.3713 17.8242
15.3874 15.47 15.448 15.1095 14.8356 13.6367 13.0329 13.656 15.2889 17.1841 18.1782 18.4366 17.8823 16.7247 15.0564 12.7458 11.405 12.794 13.1516 13.7674 14.6276 14.9586 14.8465 14.5954 14.8634 14.8163 14.4017 14.3294 13.8192 13.1559 12.9742 13.3229 14.4429 15.8049 16.0342 16.4493 16.8921 17.0759 16.7413 16.1888 15.5139 15.8746 15.5385 13.124 11.2182 11.4719 11.4556 12.001 16.1785 17.5464 17.9565 18.2954 18.6223 18.7364 18.6617 18.6133 18.6269 18.7895 17.7721 18.2653 18.2363 18.2055
16.2742 16.1526 15.7015 15.4025 15.1861 14.6451 15.1094 15.0817 16.3349 17.9914 18.2941 18.5246 18.091 16.2839 14.7991 13.2757 10.0195 12.3949 12.5226 14.056 14.5887 14.8653 15.0149 14.8229 14.8256 15.1164 15.2239 15.0268 14.4877 13.431 13.5993 14.3182 15.0025 16.1756 16.0956 16.4887 17.0158 16.2627 15.0012 14.1904 13.6014 13.7319 13.7828 13.1999 12.7948 13.4316 13.7497 15.338 17.0703 17.9294 18.0026 18.3842 18.6358 18.67 18.7265 18.7658 18.9436 18.9932 18.2527 18.4285 18.3491 18.3243
16.4647 16.4179 16.1014 16.1388 15.7519 15.6016 16.3611 16.0663 17.2638 18.3577 18.2557 18.2365 17.8463 15.9867 14.0656 13.6149 14.3438 12.8394 12.4258 14.1504 15.0387 15.1583 15.0278 14.9411 14.8309 15.0384 15.2103 15.2297 14.9377 14.2363 13.9328 14.0723 14.9045 15.9415 16.1206 16.3407 15.7508 14.9262 13.9951 13.6403 13.1363 13.1288 13.0521 13.0355 11.3058 13.1145 14.6599 16.6341 17.7498 18.2538 18.1531 18.0741 18.375 18.1898 18.4429 18.5297 18.7471 18.6801 18.3395 17.7917 18.3239 17.9332
16.9825 17.0065 16.9156 16.9919 16.501 16.287 17.8774 17.3137 18.117 18.6281 18.3134 18.0111 17.0373 15.4377 13.6145 14.3182 15.1284 13.5183 12.1106 13.7257 15.1467 15.5254 15.2702 15.0673 15.1924 15.3614 15.3538 15.1524 14.6069 14.15 14.2 13.8576 14.5544 15.4112 15.8667 16.398 15.9514 15.0201 14.1199 13.5924 13.3033 13.3511 12.8361 12.6406 11.0966 11.547 15.4001 17.9205 18.176 18.3474 18.2864 17.6094 18.3252 18.2052 18.412 18.8932 19.0573 18.9359 18.6465 17.614 18.4185 17.8914
17.2259 17.6754 17.8011 17.9018 17.4577 17.3356 18.7357 17.7963 18.7753 19.1999 18.5716 17.8522 16.431 14.7523 13.7024 15.9414 16.8156 14.9848 11.9051 12.8287 14.3022 15.4347 15.3297 15.3253 15.4317 15.5145 14.7493 14.2674 14.0982 14.064 13.9943 14.0323 14.1379 15.3936 15.8088 15.8282 15.6943 14.8008 14.0427 13.5484 13.5599 13.6089 13.2633 12.9104 12.6852 10.9043 15.4334 18.0255 17.9182 17.7559 17.4808 16.8448 17.7131 18.231 18.3936 19.0111 19.115 18.9306 18.6239 17.7568 18.2211 18.1473
17.8742 18.4258 18.4102 18.2973 18.4788 18.5932 19.8648 18.3632 19.3703 19.4205 18.6302 17.4852 15.8757 14.3089 13.8776 17.0276 17.9272 15.9421 12.0021 12.2481 13.4029 15.2096 15.5356 15.7184 15.6334 15.4241 14.556 14.1333 14.1036 14.1833 14.0985 14.2025 14.066 15.4373 15.936 15.9475 15.7134 15.566 15.004 14.3124 13.9412 13.4675 13.2708 13.2473 13.0443 12.4032 11.3503 15.3149 14.5273 14.3555 14.385 15.5951 16.6971 18.0951 18.5651 19.1167 18.9822 18.8088 18.4551 17.9492 18.2616 18.138
18.3124 18.9113 18.9958 18.98 19.2376 19.6529 20.2684 18.6024 19.5453 19.567 18.5468 17.2217 15.772 14.368 14.47 17.7006 18.0334 15.7695 11.9685 12.2712 13.9191 15.4068 15.6805 15.8836 15.8814 15.7559 14.8204 14.1715 14.4139 15.0825 14.7314 14.3932 14.54 15.975 15.7442 16.2582 16.048 16.2532 16.539 16.073 14.6881 13.5534 13.1974 13.2938 12.9618 12.7098 10.78 13.2751 12.9276 13.1455 13.1508 14.0973 14.9317 16.1998 17.6923 18.5249 18.8965 18.9214 18.2447 18.0428 18.4279 18.2818
17.945 18.9562 19.4971 19.6942 20.1889 20.0638 20.3062 18.7516 19.5594 19.6156 17.9174 17.0748 15.545 13.6238 15.5614 18.0216 18.1998 16.2364 12.4024 12.7753 14.9311 15.9966 16.3364 15.8447 15.7345 15.498 15.1505 14.6269 14.8238 15.0583 14.9368 14.7997 14.2972 14.8844 15.4045 15.9313 16.1273 16.4819 17.4853 17.5629 15.981 14.6 13.1313 12.9413 12.9682 12.5838 10.9799 12.8214 12.7368 12.8492 12.712 13.3653 14.0844 14.5494 17.227 18.5976 19.1276 19.1193 18.0564 18.3525 18.4053 18.3642
18.1377 19.2578 19.9184 20.3568 20.5176 20.2053 20.0406 18.5111 19.143 18.02 17.1942 16.5264 15.5221 14.1024 16.2266 17.8016 18.1151 16.6433 12.789 12.9054 15.8908 16.8121 16.5767 15.6536 15.5005 15.3752 15.4581 15.355 15.3971 15.3049 14.787 14.5768 14.3781 14.774 15.1292 15.5808 16.2429 16.7916 18.1319 19.0032 17.0386 13.9242 12.9824 12.7598 12.9335 12.7843 11.216 13.1843 13.2646 13.2167 12.9552 13.4945 13.764 14.0972 16.9042 18.4649 19.2086 19.3305 18.2426 18.5074 18.5396 18.5441
18.8348 19.8398 20.3649 20.9479 20.7624 20.0394 19.739 18.0088 18.5364 18.4285 16.8167 16.0004 15.7178 14.731 16.5527 17.4876 17.7182 16.0749 12.4897 12.9082 15.7265 17.0628 16.6478 15.8484 15.4658 15.3243 15.332 15.2986 15.8734 15.3425 14.7807 14.7254 14.406 14.8125 14.9151 15.474 16.1307 17.1854 18.4968 19.2503 17.0767 13.8024 12.9268 12.9016 13.1442 12.6296 10.9347 14.2736 14.633 14.2262 13.7617 13.5449 13.6112 13.5836 16.0662 18.5291 19.0895 19.2171 18.2432 18.6725 18.6566 18.7272
19.5652 20.4784 20.716 21.182 21.1774 20.3129 19.5363 17.6665 17.8412 17.6545 16.8638 15.9075 15.1394 14.9763 16.5567 17.3206 17.5972 15.2166 12.2419 13.1765 15.7046 17.1986 17.036 16.0568 15.6082 15.5871 15.3723 15.4725 15.8161 15.6115 14.9372 14.9453 14.5948 15.1954 15.6786 16.0524 16.3335 17.6538 19.0044 19.4447 17.7424 14.745 13.0817 13.3265 13.2961 12.1263 10.9407 13.2818 13.3579 13.3485 13.2842 13.6462 13.6271 13.5137 15.0215 18.1227 18.767 18.5493 17.8765 18.2091 18.6467 19.2286
20.2344 20.8641 20.9303 21.0054 20.9418 20.3195 18.4565 17.6661 17.3528 16.7707 16.3429 15.4435 14.8571 15.348 16.4431 17.2557 17.2134 14.71 12.3007 14.315 16.0702 17.1325 17.8683 17.4061 16.0745 15.4819 15.3986 15.3291 15.357 15.2428 14.9798 14.9174 14.7658 15.608 16.742 16.8884 16.8912 18.1422 19.4192 19.5577 18.0784 15.0985 13.5385 13.6502 13.358 11.3074 13.0377 13.7485 13.6108 13.0036 13.1547 13.6235 13.5283 13.4532 15.2743 18.1826 18.7917 17.9345 17.8081 17.5875 17.9141 19.0755
21.1649 21.5986 21.5489 21.3227 20.7484 19.427 18.1082 16.7812 16.3348 16.0765 15.6179 15.104 14.652 15.395 16.2702 17.0801 16.6465 14.3587 12.6241 14.5494 16.2765 18.1302 18.6176 18.1549 16.9096 15.5041 15.2377 15.5311 15.3645 15.2913 15.1927 15.3387 15.0986 15.9803 17.1753 17.7092 17.7267 18.7224 19.6148 19.418 17.1105 14.8763 13.8602 13.8824 11.4109 12.4961 15.2479 17.6851 17.3291 15.3421 13.7706 13.8811 14.5634 14.7395 15.5757 18.6813 18.926 17.9319 17.6833 17.0658 17.1266 18.085
20.9814 21.2996 21.1884 21.2665 20.6192 18.2615 17.0218 16.1892 15.0104 14.4394 14.7822 14.7787 14.8793 15.9373 16.9876 17.7052 16.0737 14.1684 13.4712 14.5114 17.2307 18.6635 18.6668 18.1301 16.9807 15.4437 15.2789 15.3863 15.3491 15.174 15.2962 15.4319 15.1555 16.2459 17.7332 18.6652 18.8914 19.5401 20.0528 18.7779 16.8776 15.4142 15.4462 12.9192 12.2983 12.8604 14.3333 18.1114 18.6901 17.3622 15.9499 15.6296 15.1669 14.5486 15.9748 18.6898 18.7483 17.8796 17.5268 17.1608 16.8991 17.1388
20.2003 20.5768 20.6037 20.6755 20.45 17.48 16.5803 15.5714 14.5321 14.6901 14.8207 14.8936 14.8048 16.1228 17.4559 18.4339 17.0404 14.5434 13.6088 14.2628 17.0799 18.7532 18.9521 18.2256 16.7641 15.4314 15.5434 15.4997 15.4711 15.5102 15.4278 15.2943 15.1523 16.1072 17.7382 18.6813 19.0917 20.0804 20.199 18.6743 17.2647 16.6307 16.1388 11.5682 13.1845 13.6381 14.7696 18.012 18.6714 18.2494 18.5612 17.4827 17.2638 17.7249 17.7941 18.8329 18.5141 17.8514 17.6394 17.4283 16.8775 16.7944
19.8382 20.152 20.0886 20.2827 18.1656 16.1128 16.3084 16.1163 14.6623 14.7898 14.8786 14.9026 14.7075 16.1405 17.5131 18.1778 16.6644 13.7624 12.5578 13.9676 16.8059 18.2841 18.9231 18.5307 16.9113 15.7124 15.6197 15.9917 16.0479 15.9706 15.7284 15.4996 15.1204 15.6162 17.0181 18.1888 19.1699 20.1632 20.3133 19.3851 18.455 18.1048 17.6559 12.8081 12.7795 13.7229 15.0858 18.0242 18.8927 19.246 19.4958 18.654 18.0217 18.6465 18.7427 18.8578 18.7745 17.9755 17.8892 17.7614 17.6112 17.2931
19.4028 19.9356 19.8228 17.9508 16.3524 14.951 14.5524 14.5919 14.7736 14.668 14.7067 14.667 14.9511 16.3959 17.4303 17.0226 15.7435 13.5249 12.7437 13.7276 16.3262 17.7784 18.3958 18.3157 17.7595 17.2737 16.523 16.1958 16.1685 16.0834 15.6785 15.4883 15.0702 15.1868 15.9521 17.3884 18.7026 19.9004 20.3866 20.2886 20.1485 19.4888 18.7904 15.9485 12.283 11.817 14.2452 17.7122 19.6333 20.249 19.8872 19.3469 18.9053 19.0691 19.2567 19.4477 19.0562 18.1933 18.1171 18.1166 17.8954 17.8208
19.3453 20.0387 18.2963 18.0209 16.3233 14.6626 14.4102 14.7011 14.7045 14.595 14.5928 14.4039 15.1127 16.5637 17.1947 16.8333 14.8661 12.9888 12.6424 13.2434 15.2952 16.9841 17.8648 18.605 18.7955 18.3506 17.4286 16.3029 15.9609 15.8175 15.5212 15.5009 15.0366 15.1365 15.8915 16.5159 18.3178 19.6063 20.1063 20.625 20.7268 20.1945 19.2206 17.1761 13.9292 12.6308 11.5584 14.9758 18.9416 20.263 20.8158 20.2749 19.381 19.3122 19.5635 19.4832 18.9886 18.0366 18.129 18.2789 18.1726 18.2171
