test/DeltaShell.Plugins.DelftModels.HydroModel.Tests/test-data/AcceptanceModels/SOBEK2/Jakarta/InputData/FIXED/gis/aSC/Ciliwung_LIDAR_ADJUSTED_TM3_50M.asc
NCOLS 62
NROWS 252
XLLCORNER 238034.859000
YLLCORNER 801489.977000
CELLSIZE 50.000000
NODATA_VALUE       -9999
[rows 160 to 191 of 252, columns 0 to 61 of 62]
30.7051 31.2535 32.0509 32.8845 33.8852 34.1203 30.5776 23.4989 21.6904 20.9427 21.386 23.5576 25.9688 28.138 27.758 23.0844 20.3688 18.0357 24.9933 25.9299 25.0934 25.0817 28.8155 31.2248 31.5436 31.6889 30.9253 30.7155 30.3999 30.663 31.2652 30.7507 30.3004 30.0456 29.9476 30.2028 30.9693 30.3373 30.1754 29.7 29.0187 28.448 28.2988 27.7756 28.6797 29.6724 28.9813 28.5514 26.5865 24.8785 29.1368 31.5118 31.9538 31.8554 31.9174 31.2197 30.8042 29.7064 28.8021 26.3022 25.0377 24.9984
30.7616 31.22 31.8496 33.1838 34.0567 34.3506 29.5097 22.8407 21.7237 21.3294 20.6605 20.766 20.6471 21.1309 22.0007 18.2887 17.4227 22.1871 30.8902 31.341 30.6818 30.2773 31.0359 31.344 31.52 31.5266 31.0745 30.635 30.5791 31.0658 31.112 30.4097 29.8582 29.6382 29.6651 29.6587 29.8798 29.5492 29.1998 29.4066 28.4676 28.0448 27.8516 27.8383 28.3342 29.3773 29.5613 29.5125 28.097 24.9643 26.8919 29.9044 31.426 31.3482 32.3781 31.9245 31.3014 30.9056 29.7891 27.7167 26.7695 25.6298
30.6249 31.1112 31.6928 33.0574 34.1887 34.2054 31.4652 25.0155 22.155 21.5122 19.479 16.7088 18.8572 18.5064 17.4702 18.1427 26.1064 31.6692 32.0994 32.0235 31.8446 31.5718 31.3808 31.2455 31.4324 31.3351 31.1667 30.8229 30.8694 31.2754 30.7178 30.2293 29.912 30.0469 30.3298 30.4008 30.8738 30.6053 29.7946 29.1557 28.8942 28.6136 28.1493 27.8181 27.9733 28.9219 29.8414 30.1482 28.1421 25.1693 24.8854 26.3957 28.5127 30.538 31.235 32.3999 32.0753 31.6598 30.9288 28.719 27.5953 25.9234
30.2426 30.8522 31.7508 33.735 34.4931 34.1979 33.912 29.8466 23.537 20.4886 17.7 19.5064 21.8583 22.0714 25.1624 27.567 32.0922 32.1842 32.0988 32.0903 32.0141 31.5399 31.4638 31.3918 31.356 31.2605 30.9345 30.7558 31.094 31.2789 30.4824 29.8271 29.9925 30.5904 30.725 31.4052 31.6102 31.4883 31.0427 30.4196 30.0252 29.4766 28.2828 27.776 27.758 28.7863 29.6257 29.7602 28.0743 26.2404 25.2914 24.9401 24.8146 28.1607 30.6756 31.4594 32.6571 31.9786 31.3628 30.3997 28.7444 27.2615
31.2114 31.3208 31.9378 34.5498 34.6777 34.5369 33.8843 31.4694 24.3081 17.3444 18.3624 27.8617 28.2858 29.4517 32.5045 31.9082 32.4545 32.2846 31.9584 32.1091 32.0607 31.7549 31.6147 31.4725 31.3941 31.3265 31.0488 30.8668 31.4441 30.7237 30.7337 29.997 30.3964 30.6911 30.8758 30.8646 30.753 30.9383 31.3815 31.1287 30.8978 30.3552 28.8495 27.7334 27.5599 27.4861 28.0073 28.1764 27.9816 27.4536 26.3055 26.174 25.6504 25.6706 28.63 30.7992 32.7319 32.7551 31.9227 31.7247 30.3993 28.4735
31.8803 31.736 32.8433 34.4733 35.0997 34.7824 32.3912 23.4695 17.1755 18.8905 22.0866 29.8303 32.5955 32.8622 33.0708 32.4014 32.5303 32.4829 32.2283 32.2179 32.2728 32.0579 31.8885 31.7133 31.5048 31.404 30.9596 31.1558 31.109 30.5184 30.8253 30.3762 30.618 30.897 31.052 30.9266 30.7395 30.173 30.5565 31.0177 31.3494 31.3328 30.1306 28.8799 28.2364 27.4539 26.928 27.0549 27.2228 27.3785 27.1246 27.6178 27.7255 25.1227 26.7928 29.9659 32.4642 33.227 32.4981 32.283 31.8715 30.2649
32.5665 33.1021 34.3319 34.9565 35.241 34.3129 23.1343 17.5592 19.9927 22.1197 24.6575 31.3107 33.1242 33.089 33.0488 32.7536 32.9999 32.4981 32.263 32.3246 32.5905 32.1575 32.1261 31.8936 31.5448 31.3944 31.1186 31.3535 30.8376 30.2902 30.3641 31.2062 31.2608 30.9939 31.0913 31.0704 31.0055 30.3138 30.0656 30.1814 30.5227 31.3911 31.968 31.5169 30.4741 29.2684 27.1707 26.5792 26.2267 26.1581 26.5255 26.3668 27.6686 26.3428 26.1767 29.0593 31.2314 32.9637 33.0956 32.8174 32.6141 31.2952
33.3104 33.7429 34.5408 35.3564 35.2406 34.498 20.659 19.5859 21.6558 23.0657 25.9378 29.3398 31.034 30.9068 30.9889 32.9559 33.1917 32.777 32.6061 32.5238 32.7499 32.4771 32.3395 32.2992 31.9685 31.7831 31.633 31.7591 30.8284 30.2938 30.2766 31.4479 31.5069 31.2667 31.3485 31.2368 31.1107 30.6026 29.9721 29.8614 29.8201 30.5675 32.1423 32.9236 32.3542 29.9153 27.5548 26.594 26.2179 25.7707 25.6856 25.5119 25.8422 27.5003 25.6068 27.1501 29.7975 31.3242 32.6256 33.5164 32.4274 30.9929
34.0178 34.481 34.7327 35.3965 34.9638 34.5511 25.6547 17.7815 19.0472 19.6332 18.7365 18.2778 17.9281 17.948 17.7165 28.7518 33.1154 32.697 32.5315 32.6836 32.682 32.3268 32.3333 31.955 32.0943 32.2071 32.2196 31.9247 30.8114 30.2348 30.3887 30.6704 31.0254 31.2797 31.5678 31.5902 31.3346 30.9065 30.2329 29.7584 29.8692 30.2877 31.7536 32.8093 32.3857 29.7672 27.3716 26.5731 26.4199 26.0025 25.6553 25.5714 25.5197 25.4239 25.4869 25.7121 26.8599 29.0795 31.1024 32.8222 32.9152 31.5309
34.3282 34.5835 34.8336 35.2378 34.9308 34.841 34.2833 31.1338 21.9108 18.1843 18.7174 20.1509 21.2651 18.8113 17.6698 26.0512 33.3196 32.9586 32.8343 32.9332 32.801 32.6001 32.3646 32.1475 31.963 31.9978 31.9443 31.6063 30.8436 30.2958 30.3013 30.633 30.8139 31.0924 31.5702 31.9405 31.6919 31.1147 30.3 29.9222 29.7721 30.0812 31.1491 32.6203 32.3153 29.579 27.4057 26.5589 26.2763 25.8156 25.7449 25.8711 25.6874 25.2871 25.33 25.4661 25.3523 26.7151 29.6336 31.4249 32.8407 32.8497
34.5216 34.7598 35.0412 35.1726 34.8175 34.8825 34.9728 35.2285 33.8021 30.8402 27.3753 21.9713 17.559 18.4623 21.0622 28.341 33.1781 33.0836 33.0166 32.7834 32.562 32.8953 32.4657 32.3259 32.0998 31.9704 31.9108 31.5092 30.8666 30.4754 30.3713 30.4564 30.8121 31.3156 31.3405 32.2178 32.188 31.5489 30.4261 29.7824 29.9159 29.8188 30.2772 31.8939 32.4622 30.1498 27.449 26.5484 26.3608 26.3673 26.3844 26.5657 26.5446 25.8494 25.6752 25.9375 25.5425 25.963 27.8147 30.4142 32.2907 33.6224
35.0359 34.9293 35.3395 35.2749 34.956 35.01 35.2271 35.326 34.2152 33.061 27.5663 18.1512 19.1452 26.3239 27.7342 32.5841 32.7848 32.7033 32.5023 32.3754 32.5033 32.8062 32.5749 32.4254 32.3105 32.0855 32.061 31.5973 30.8925 30.6401 30.4698 30.3478 30.5563 30.8904 31.2954 32.3869 32.5053 32.0119 30.4061 29.7693 29.5823 29.7028 29.932 31.2764 32.4578 31.0453 28.3813 26.7052 26.5633 26.6791 27.0584 28.374 28.5912 27.225 26.0476 26.2519 25.8102 25.8091 27.094 29.7908 31.2825 33.0824
35.1017 35.2357 35.4516 35.3462 34.9909 34.8416 35.1392 34.8909 33.9842 31.5036 21.0503 18.1424 25.6212 32.9031 33.5321 33.2651 32.7311 32.5637 32.4296 32.4696 32.5249 32.6443 32.7328 32.8194 32.6088 32.1984 32.0641 31.7585 31.204 30.7408 30.454 30.5277 30.6001 30.6233 31.2016 32.2722 32.6411 31.809 29.8878 29.767 29.5156 29.5127 29.6005 29.7588 31.2571 31.4822 29.5454 28.0777 27.0627 27.1128 28.7221 30.397 30.3675 28.5663 26.1178 26.0587 25.8983 25.9689 26.907 28.5374 30.5933 31.7534
35.2798 35.3032 35.3645 35.2939 35.0205 34.7235 34.7027 34.755 33.5641 23.7344 17.8017 20.5324 31.8929 34.07 34.1435 33.723 32.9262 32.7724 32.7184 32.6534 32.7542 32.9214 33.2053 33.2718 32.8717 32.4988 32.0936 31.3612 31.0601 30.7606 30.6256 30.763 30.7618 30.8221 31.5756 32.2729 32.542 31.6463 29.7085 29.489 29.5238 29.4793 29.5197 29.6858 30.6282 31.9023 31.156 28.8857 28.1162 28.3628 29.9636 31.2939 30.7312 28.3535 26.2909 26.0237 25.9858 26.0036 26.5318 27.7971 29.87 31.4
35.6931 35.3942 35.2727 35.0975 34.9443 34.6519 34.5343 33.9412 29.2323 18.4064 19.7213 27.3485 34.1215 34.3178 34.2376 34.0889 33.5127 33.1912 33.3191 33.2021 33.1122 33.4278 33.586 33.4873 33.3578 32.8058 32.624 31.3856 31.1351 30.7905 30.7361 31.0239 31.1985 31.2802 31.579 31.9921 32.4274 31.8204 29.823 29.428 29.4763 29.687 29.967 29.5593 30.4239 32.7579 33.0845 31.0154 29.6873 30.0253 31.6606 31.3946 28.7821 26.6191 26.2494 26.2637 26.2166 26.181 26.5345 27.3279 29.6912 31.6507
36.2661 35.5431 35.2262 35.0335 34.8411 34.6852 34.4089 32.2471 20.0664 19.2751 23.7958 31.7875 34.3579 34.4538 34.2669 34.2114 34.0738 33.756 33.5479 33.2109 33.3181 33.7877 33.8514 33.7768 33.5825 33.0532 32.8431 32.2092 31.6229 30.9536 31.0075 31.2372 31.2634 31.1427 31.3811 32.0907 32.534 32.2209 30.2126 29.5702 29.4864 29.7669 30.0917 30.1223 30.2901 32.1751 33.6662 33.1552 32.4516 32.2793 31.7921 29.5359 26.6495 26.4393 26.7296 26.2876 26.1508 26.2317 26.5681 27.6485 30.2581 32.4389
36.6043 35.7463 35.2152 35.0453 34.6034 33.1255 30.9139 26.3061 17.7513 18.8366 18.9126 22.4642 33.3726 34.7254 34.5555 34.6019 34.5847 34.2724 33.6894 33.6994 33.7792 34.0501 34.2551 34.0203 33.8095 33.3132 33.0703 32.4972 31.6989 31.3034 31.4712 31.8205 32.0024 31.3394 31.3885 32.0814 32.7821 32.8667 31.2308 29.8304 29.6972 29.8026 30.1449 30.149 30.047 30.9953 33.3612 34.1644 33.2522 31.7353 29.8444 27.1301 26.706 28.3491 28.0157 26.5152 26.4079 26.3705 27.0149 29.2929 31.678 33.1934
35.962 35.4557 35.3666 35.1131 34.3578 26.9074 21.386 18.9686 18.5747 18.0789 18.3692 20.0185 34.0147 34.6817 34.6422 34.8533 34.7803 34.4426 34.3226 34.7524 34.748 34.7901 34.5983 34.1051 33.7172 33.0428 32.762 32.244 31.9941 31.5451 31.5344 31.6892 31.6577 31.428 31.4643 32.2314 33.1548 33.2333 32.0849 30.3592 30.4506 30.3351 29.96 30.2749 30.0298 30.3408 32.5426 34.0654 32.4023 29.5514 27.1398 26.7573 29.6212 30.9026 28.411 26.6955 26.6341 26.4252 28.2359 30.9106 32.4766 33.8724
36.0652 34.8302 34.8123 34.6587 33.2679 24.909 22.111 19.8161 19.0748 18.5118 17.7796 22.341 34.4987 35.1569 34.9803 34.7094 34.6779 34.758 35.0386 34.9625 35.0136 34.8322 34.4288 33.7594 33.2354 32.9304 32.8799 32.6437 32.2076 31.7351 31.785 31.8272 31.6076 31.6178 31.4702 32.1999 33.1347 33.4442 31.8583 29.7187 29.7406 29.9089 29.9423 29.8023 29.8178 30.3122 32.7164 33.3806 31.502 28.6394 26.7856 27.3322 30.5508 29.6961 26.7478 26.5428 26.542 26.543 28.1729 31.1639 32.5832 34.1471
35.5498 34.112 33.3754 32.4318 31.179 25.4194 24.3551 23.2277 19.4773 18.19 20.1298 27.9617 34.9457 35.1601 35.2014 34.9159 34.6525 34.7228 34.9118 34.9146 34.5576 34.3595 33.586 33.1913 33.2078 33.2102 33.8818 33.427 32.8951 32.1102 32.1003 32.0996 31.5762 31.8422 31.5415 32.1094 32.5082 32.6162 31.4251 29.6925 29.608 29.9866 29.9006 30.2029 30.4006 31.5781 32.9189 30.6134 28.0606 27.1805 26.8117 27.1221 29.6292 27.5568 26.6072 26.6238 26.7408 26.6615 27.3634 29.7343 32.4243 34.3477
34.4574 34.1941 33.1378 31.5424 29.4527 27.2742 25.2179 22.5863 18.7669 20.351 24.0886 31.9693 35.0192 35.3101 35.5106 35.2026 34.4608 34.4875 34.5447 34.7604 34.7034 34.1375 33.1456 32.8479 32.9028 33.252 33.8576 34.0321 33.7211 33.2123 33.4407 32.7176 31.989 32.0362 31.9682 32.4308 32.3242 31.6706 30.3849 29.8618 29.7931 30.6069 30.2511 30.9892 32.0078 32.7318 31.6421 28.6201 27.227 27.254 27.7227 29.4843 29.4358 27.1831 26.7377 26.8034 27.0154 26.8201 27.2834 29.523 32.4204 34.3642
33.2303 34.7842 34.177 34.0507 34.1866 33.5096 29.6728 21.0902 19.1976 22.6698 24.6236 27.0511 31.2602 34.9588 35.446 35.4415 34.646 34.3899 34.4011 34.3451 34.3753 33.7637 33.2781 32.9976 32.9107 33.3479 33.9987 34.3284 34.1097 33.8623 34.0807 32.4933 32.0935 32.1066 32.5605 32.8349 32.5191 31.3009 30.1851 30.36 30.3353 30.186 30.2663 32.2439 33.6611 32.9548 30.5831 28.1622 27.2111 27.6056 30.7079 31.1769 29.6854 27.3371 27.223 27.1313 26.9264 26.9669 27.7615 30.3272 32.7982 32.2784
33.5274 34.9437 34.5747 35.0079 34.6725 33.5671 30.5552 19.0066 18.6993 21.4941 21.538 21.5123 22.0706 28.2799 35.1843 35.4061 34.9362 34.5042 34.4579 34.4453 34.4226 34.0957 33.7067 33.5692 33.8891 34.0199 34.7154 34.7313 34.1907 33.5501 33.3882 32.1724 32.1515 32.3352 32.5742 33.3894 32.9916 31.6894 30.1651 30.2059 30.1512 30.1676 31.0834 32.8139 33.3017 31.6467 28.7833 27.5991 27.4115 28.6619 31.7305 31.0437 29.9024 27.7131 27.2752 27.1883 27.2044 27.41 28.4129 31.1302 32.4724 30.6473
34.1827 33.3549 33.2695 32.7826 31.2132 27.7001 22.4013 18.632 18.0523 20.5669 22.2193 22.5321 22.1405 21.7546 31.8182 35.5376 35.1979 34.5062 34.5483 34.7213 34.5225 34.3022 34.416 34.7432 35.1772 35.047 35.0274 34.6232 33.7506 33.1052 32.4823 32.1045 32.1326 32.8148 33.5558 33.9463 32.9939 31.2396 30.1333 29.9567 29.8683 29.9286 30.302 31.2093 31.9849 30.1904 28.0576 27.7286 27.7407 29.1394 31.6662 31.4287 30.8908 29.4833 27.6362 27.1888 27.3738 27.97 28.9903 30.9654 30.4347 28.5658
34.3339 28.936 27.2937 24.1046 22.1702 19.7939 22.0469 21.3304 18.2691 20.0866 22.9178 24.4834 22.3688 21.8685 32.181 35.6345 35.3358 34.6264 34.642 34.7263 34.6675 34.3859 34.915 35.4527 35.2917 34.9576 34.8353 34.1898 32.8233 32.3554 32.0175 32.4037 32.2853 32.9479 34.0595 34.0042 32.4559 30.6363 30.0936 29.9058 29.9546 29.959 30.2177 31.5565 32.461 29.7257 27.8498 27.8981 27.8874 28.1958 30.2495 31.5221 31.0511 29.2721 27.8952 27.45 27.5099 28.1512 29.3105 31.0395 29.5885 27.8533
32.2678 21.8521 21.1805 25.6971 27.1174 30.3003 33.0018 30.6484 23.7994 18.8725 22.2258 22.0807 21.7937 27.0051 35.3121 35.6887 35.5137 35.0295 34.8504 34.7375 34.7745 34.6348 35.0337 35.3455 34.978 34.5841 34.306 32.9416 32.1036 31.9969 32.0211 32.2505 32.6615 33.2447 33.9019 33.022 32.2531 31.2025 31.1815 30.9719 30.5988 30.1843 30.7896 33.0249 33.0331 29.9277 28.0336 28.0014 27.6186 27.436 28.1197 29.6783 29.979 28.8731 28.1216 27.8301 27.8502 27.8217 29.2232 31.1888 28.7087 27.8825
32.0413 21.6485 28.8422 34.6668 35.436 35.3943 35.6846 35.6893 33.1923 20.5431 19.9854 23.3632 27.6669 31.4265 24.4951 25.982 34.221 35.1201 35.0261 35.1051 34.7 34.6209 35.3096 35.0865 34.6529 34.0624 33.2463 32.1451 32.0133 32.067 32.0586 32.1901 32.4291 33.5062 33.8665 32.8376 32.6895 32.1664 32.0932 31.6952 30.6919 30.0829 30.9156 32.8045 33.2982 31.2768 28.7192 27.5612 27.6351 27.4402 27.52 28.3258 29.6693 29.3199 28.4596 28.191 28.2486 27.9251 29.3628 31.423 28.6641 26.9526
34.5093 22.6806 28.3398 35.4178 36.5298 36.2758 36.0657 35.9621 35.8615 31.5925 21.2855 19.5473 22.6008 21.3904 19.8026 19.0844 20.8266 29.1369 34.5683 34.8992 34.902 35.1078 35.6145 34.9687 34.1301 33.3616 32.3438 32.2168 32.0811 31.9011 32.0889 32.3004 32.6252 34.673 34.5604 33.1693 33.1475 32.5788 31.9022 31.0764 29.9921 29.8812 30.1764 30.5879 32.052 32.6609 29.7546 27.7926 27.6259 27.5796 27.8164 27.747 28.6987 28.944 28.299 28.5901 29.5693 28.6445 29.7251 31.9208 32.1789 27.2875
36.6329 27.8966 23.6691 34.181 36.4062 36.4838 36.2495 36.1946 36.3368 36.1911 35.3882 28.2307 24.1845 23.7667 23.8296 22.0868 18.4279 24.5012 31.8555 32.8175 34.5582 35.5401 35.4412 34.6935 33.7115 33.1467 32.1393 32.0485 32.2412 32.4557 32.492 32.0715 33.0393 34.7117 34.0294 32.97 33.1086 33.2702 31.8382 30.3631 30.0726 29.8955 29.959 30.1038 30.5559 31.8361 30.6455 28.7308 27.8278 27.7805 27.6721 27.6335 27.7784 27.9081 27.7562 28.3084 30.0485 29.1834 29.8068 32.1062 33.6931 31.5038
38.4117 33.7995 22.4559 31.3063 36.208 36.6395 36.1991 36.0034 36.2509 36.4362 36.1251 35.9115 35.0708 31.6573 25.2884 21.69 18.7776 25.6583 29.9069 30.1997 31.684 33.8696 35.1237 34.6393 33.7546 33.3108 32.9602 32.5081 31.9614 32.3756 32.5077 32.0272 32.9559 33.9959 33.9391 33.0375 33.823 33.838 31.7777 30.0347 30.0715 30.3807 30.047 29.8754 29.776 30.4271 32.2244 30.9268 29.029 28.2019 27.8355 27.8483 27.763 27.6752 27.747 28.1671 29.9656 29.3904 29.8847 32.1399 34.167 33.8693
37.74 27.8798 25.1692 34.3886 36.6283 36.7714 36.4555 36.2244 36.2595 36.2241 36.1435 36.2148 35.881 30.9403 23.5602 19.0175 21.7084 27.9167 28.664 28.7042 29.315 31.3339 34.894 34.5483 33.6969 33.1016 33.173 32.7045 32.2158 32.1134 32.1003 32.3308 32.7308 32.615 33.4174 34.3752 34.8714 33.9492 31.5487 30.0069 29.7764 30.011 29.7143 29.5891 29.5658 29.6675 31.08 32.1195 30.7308 28.6781 27.9487 27.7992 27.7792 27.8769 27.9194 28.6722 30.5935 30.0377 30.1179 32.0801 34.1824 35.5493
34.0431 23.8376 31.5747 36.0517 36.9539 36.9806 36.6307 36.4562 36.507 36.3391 36.0185 34.8075 26.5241 21.9942 18.8523 22.8153 29.3812 27.9229 27.1574 26.5233 27.1179 27.8545 28.5239 30.2876 33.5291 33.1371 32.7878 32.1882 32.1415 31.8494 32.0638 32.2941 32.389 32.3608 33.1141 34.9802 35.1826 34.262 32.1028 30.2141 30.009 29.7421 29.5704 29.7606 29.7163 29.7205 29.9644 31.7478 32.063 29.5825 28.1296 27.8607 27.8504 27.9417 28.1182 28.6172 30.7677 31.3804 31.4569 32.6156 34.0346 35.7432
