test/DeltaShell.Plugins.DelftModels.HydroModel.Tests/test-data/AcceptanceModels/SOBEK2/Jakarta/InputData/FIXED/gis/aSC/DKI_LIDAR_ADJUSTED_TM3_100M.asc
NCOLS 319
NROWS 324
XLLCORNER 220584.859000
YLLCORNER 795339.977000
CELLSIZE 100.000000
NODATA_VALUE       -9999
[rows 31 to 61 of 324, columns 70 to 139 of 319]
1.24504 2.5 2.5 0.0510577 -0.0894145 -0.169824 -0.145973 -0.167606 -0.103605 -0.261246 -0.191761 -0.0195763 -0.0158727 -0.56075 -0.379713 -0.232796 3 1.70992 1.42414 1.39778 1.48622 3 3 0.171803 0.497217 0.678328 0.668706 0.701878 1.75465 1.65021 1.45095 1.36614 1.26203 1.34481 1.8305 2.07982 1.34061 1.27172 1.32782 2.5 0.635659 0.695807 1.60736 1.53059 0.87697 1.27882 1.14863 0.72591 1.10831 1.07336 0.808009 0.826698 -9999 0.25 0.458288 0.536452 0.928329 0.724123 0.648594 1.10908 0.741051 0.461968 0.673537 1.12394 -9999 -9999 -9999 -9999 -9999 -9999
0.937904 2.39099 2.5 0.0749877 -0.0244975 -0.455451 -0.222947 -0.039529 -0.179912 -0.183953 -0.455631 -0.683915 -0.341138 -0.183552 0.0275817 0.464053 3 3 1.52672 1.38654 1.53584 1.12664 3 0.0686501 0.117482 0.482412 0.682724 1.0445 1.08576 0.489572 0.875569 1.52288 1.38251 1.77581 1.72648 1.25466 1.24843 1.40633 1.30101 2.5 0.65731 0.271985 0.495137 0.271156 0.555642 1.22122 2.20765 0.785716 1.62578 0.860532 1.00574 0.728943 0.25 0.25 0.25 -0.163147 0.525849 0.840788 0.754274 1.02942 0.922146 0.657872 0.637997 0.75901 -9999 -9999 -9999 -9999 -9999 -9999
0.911938 2.42596 2.5 0.757822 0.261997 -0.433737 -0.412143 -0.476454 -0.349695 -0.656189 -0.826282 -0.383799 -0.457128 -0.0995602 -0.183484 0.242308 0.308565 3 1.6539 1.40631 1.78028 1.61879 3 3 0.317533 0.604156 0.731223 0.942101 0.647174 0.792944 0.459853 0.114471 0.404171 1.0648 1.31248 1.22125 1.18982 1.33868 0.705252 2.5 2.5 0.0873687 -0.0415959 -1.06984 0.521222 0.49872 1.44276 0.240002 0.794863 0.57068 0.452277 0.800614 0.25 0.25 0.25 0.132737 0.232645 0.529923 0.449477 1.02884 0.699626 0.641107 0.691438 0.607423 -9999 -9999 -9999 -9999 -9999 -9999
0.49178 1.4021 2.5 0.521706 0.712501 -0.188141 -0.0947182 -0.613843 -0.791832 -0.454175 -0.349237 -0.428542 -0.254725 -0.288961 -0.0889604 0.168329 0.610058 3 1.45066 1.45168 1.77523 1.61258 1.35926 3 3 0.618968 0.830905 0.66423 0.256749 0.457929 0.405176 0.570723 0.54306 0.18945 0.0360592 0.192454 0.40473 0.800717 0.428922 2.5 2.5 -0.394478 -0.396704 -1.3143 -0.895429 -0.70796 -0.488902 -0.641858 -0.162908 -0.0314452 -0.0502618 0.989167 0.879317 0.25 0.25 0.25 0.25 -0.0916663 -0.0149489 -0.125309 -0.0574471 0.219521 0.654873 0.708546 -9999 -9999 -9999 -9999 -9999 -9999
0.0780027 0.467725 2.5 1.34529 2.0092 -0.246373 -0.548195 -0.558814 -0.397441 -0.429173 -0.447658 -0.383028 -0.137856 -0.354018 -0.115288 -0.00848366 0.564896 3 1.47707 1.50952 1.604 1.59657 1.51698 0.802185 3 0.480582 0.540318 0.191347 0.101736 0.33185 0.210962 0.233212 0.455506 0.445902 0.146014 0.0109835 -0.169254 -0.129231 0.155061 2.5 -0.30168 -0.575903 -0.743924 -0.850268 -0.746615 -0.623437 -0.544095 -0.573577 -0.569224 -0.295807 -0.338382 0.496511 0.25 0.25 0.25 0.25 0.25 0.25 -0.692295 -0.211405 0.00701961 0.148667 0.582824 0.597354 -9999 -9999 -9999 -9999 -9999 -9999
0.209589 0.72709 2.5 0.369268 -0.601263 -0.734166 -0.283221 -0.479302 -0.424336 -0.536889 -0.574149 -0.362607 -0.528536 -0.472497 -0.373207 0.0136705 0.478553 3 3 1.47468 1.52374 1.57331 1.47962 0.999674 3 0.405281 0.411638 0.222015 0.184206 0.117483 0.254896 0.329674 0.328329 0.0390408 0.0303725 0.171845 0.230202 0.36361 0.280252 2.5 -0.526537 -0.446883 -0.671069 -0.701465 -0.698869 -0.649568 -0.581893 -0.659035 -0.382008 -0.0165517 0.107408 0.25 0.25 0.25 0.25 0.25 0.25 0.25 0.25 -0.067 -0.171088 0.105399 0.520392 0.486594 -9999 -9999 -9999 -9999 -9999 -9999
0.265784 -0.527415 2.5 0.561405 -0.409037 -0.563059 -0.607329 -0.259876 -0.47684 -0.483759 -0.551505 -0.534103 -0.643801 -0.340095 -0.419141 -0.0738981 0.429451 0.994025 3 1.37384 1.52112 1.65157 1.46096 3 3 0.647648 0.558313 0.103662 0.067208 0.16489 0.155143 0.199428 0.102066 -0.00162438 -0.0306763 0.193943 0.173388 0.262538 0.56475 2.5 -0.622617 -0.486877 -0.557832 -0.562196 -0.624085 -0.656865 -0.614966 -0.565781 -0.229913 0.14593 0.0624783 0.25 0.25 0.25 0.25 0.25 0.25 0.25 0.25 -0.299442 -0.206393 -0.1304 0.480342 0.776311 1.131 -9999 -9999 -9999 -9999 -9999
-1.35587 -1.37378 2.5 0.849954 -0.16176 -0.491683 -0.408897 -0.260198 -0.211755 -0.280656 -0.414111 -0.121329 -0.545601 -0.0762272 -0.153456 0.137734 0.489697 1.80688 3 1.40186 1.52863 1.60631 1.19877 3 3 3 3 0.166698 0.427235 0.185447 0.209875 0.344864 0.324813 0.149512 0.096536 0.206175 0.122698 0.341933 2.5 2.5 -0.719932 -0.652255 -0.733749 -0.817433 -0.56912 -0.862114 -0.996347 -0.686808 -0.251427 -0.0325936 0.25 0.25 0.25 0.25 0.25 0.25 0.25 0.25 0.25 -0.526634 -0.348609 -0.507774 0.274236 0.927169 1.29956 -9999 -9999 -9999 -9999 -9999
-0.259424 -1.06201 2.5 1.11516 -0.145951 -0.397123 -0.402122 -0.289056 -0.439687 -0.714677 -0.826396 -0.705988 -0.831078 -0.361961 -0.300168 -0.220526 -0.183502 3 3 1.33383 1.46081 1.5922 1.48045 1.37163 1.27946 0.985689 3 3 0.222426 0.452156 0.521393 0.567138 0.790054 0.543366 0.502566 0.391771 0.307572 0.26609 2.5 0.148197 -0.694263 -0.53455 -0.729622 -0.68337 -0.449054 -0.638193 -0.680726 -0.763225 -0.549914 -0.232222 0.25 0.25 0.25 0.25 0.25 0.25 0.25 0.25 0.25 0.25 0.0898647 0.0226232 0.576705 0.85649 1.12566 2.1 -9999 -9999 -9999 -9999
-0.363398 -0.757925 2.5 1.23982 0.130383 -0.150304 -0.175968 -0.1926 0.000372164 -0.20234 -0.334313 0.0410519 0.174221 0.251692 0.04109 -0.0658662 0.00361207 3 3 3 3 3 3 3 3 3 3 3 0.641839 0.25345 0.347094 0.512072 0.682252 0.601354 0.499384 0.412374 0.412852 0.362282 2.5 -0.234877 -0.502922 -0.706988 -0.595723 0.0855925 0.33391 -0.272066 0.141305 -0.358586 -0.533606 -0.397709 0.25 0.25 0.25 0.25 0.25 0.25 0.25 0.25 0.25 0.25 0.362522 0.214166 0.553665 1.02349 1.06795 2.1 1.51286 -9999 -9999 -9999
-0.64096 -0.796735 2.5 2.5 0.40803 -0.0941899 0.191623 -0.329558 0.165867 -0.0315978 0.125292 -0.27811 -0.371028 -0.179338 -0.511527 0.720626 0.439562 -0.0671895 0.225027 0.254974 0.0301503 0.0439862 0.26366 -0.105489 0.82248 3 3 3 3 0.341049 0.379246 0.521533 0.571403 0.480779 0.51894 0.45014 0.464067 0.395666 2.5 -0.470026 -0.882387 -0.491032 -0.0569669 -0.351537 -0.307765 -0.586358 -0.516473 -0.475151 -0.507092 -0.158833 0.25 0.25 0.25 0.25 0.25 0.25 0.25 0.25 0.25 0.25 0.396569 0.226942 0.362453 0.782494 0.574015 2.1 1.21785 -9999 -9999 -9999
-0.964125 -0.481817 -0.917814 2.5 0.420621 -0.152873 0.322835 -0.101541 0.179735 0.117095 0.306829 -0.117048 -0.241361 -0.115179 -0.369222 0.320225 0.302834 -0.0955433 0.0392772 -0.160501 -0.144648 -0.162912 -0.0821742 -0.190469 0.0379039 -0.218478 0.600836 1.60428 3 0.174146 0.329571 0.434104 0.383239 0.41908 0.53147 0.358226 0.352288 2.5 2.5 0.173682 -0.240694 0.0219719 -0.0146497 -0.139631 -0.181774 0.046045 -0.0962668 -0.276374 0.291694 0.258977 0.300653 0.25 0.25 0.25 0.25 0.25 0.25 0.25 0.25 0.25 0.538419 0.246445 0.247288 0.166124 0.150263 2.1 1.03662 -9999 -9999 -9999
-0.878682 -0.892617 -1.26731 2.5 0.38836 -0.0930138 0.183794 -0.166515 0.0802161 -0.197006 0.0970946 -0.0650961 -0.0978055 0.0677993 -0.283562 0.312962 0.596655 -0.177772 -0.0186982 0.0993549 -0.053496 -0.111375 -0.349491 0.029699 0.0653533 0.00718916 0.638781 1.61198 3 0.200638 0.200701 0.361232 0.271398 0.361484 0.422792 0.404303 0.479331 2.5 1.12966 0.121572 -0.10793 -0.207979 -0.0339304 -0.138216 -0.193428 -0.140064 -0.111548 -0.390085 -0.0264579 0.0670957 0.287022 -0.156134 0.25 0.25 0.25 0.25 0.25 0.25 0.25 0.25 0.488647 0.329989 0.729324 0.280281 -0.227379 2.1 0.935884 -9999 -9999 -9999
-1.4193 -0.694554 -0.751185 2.5 0.527309 -0.0156028 0.183788 -0.192829 0.100678 0.0833491 0.151645 0.01997 0.0992438 0.341225 -0.314374 0.177167 0.0421426 -0.076258 -0.309172 -0.803278 -1.05805 -1.44131 -1.80768 -1.92592 -1.86634 -0.0706936 3 3 3 0.000113802 0.256927 0.43268 0.296189 0.450691 0.503557 0.475527 0.401537 2.5 1.15375 0.436987 -0.168029 0.101269 -0.224149 -0.282553 -0.205184 -0.184696 -0.0229869 -0.45791 -0.113346 -0.00775548 0.468397 -0.0306301 0.25 0.25 0.25 0.25 0.25 0.25 0.25 0.25 0.59666 0.848901 0.550406 0.181644 -0.0626497 2.1 0.908336 0.920368 1.1341 -9999
-1.02544 -1.06829 -0.531459 2.5 0.368939 -1.33907 -0.693373 -1.09891 -1.24656 -1.16304 -1.27129 -1.38887 -1.41994 3 3 3 3 3 3 3 3 3 3 3 3 3 3 1.26361 0.214993 0.252923 0.288744 0.341359 0.346784 0.455078 0.463027 0.345466 0.405369 2.5 1.21888 0.490489 0.100169 -0.00646521 0.0348731 -0.139753 0.465862 -0.28086 -0.134404 -0.234181 0.147223 -0.0192864 0.346006 0.320541 0.0404783 0.25 0.25 0.25 0.25 0.25 0.25 0.25 -0.00788197 0.671503 0.358527 2.1 2.1 2.1 0.672868 0.588038 0.974493 1.35731
3 3 3 3 3 3 3 3 3 3 3 3 3 3 0.433147 0.589631 0.620809 0.792715 0.815605 0.709491 0.773188 0.932218 0.77101 0.84476 1.52305 3 3 3 1.88191 0.668384 0.399284 0.558376 0.676701 0.601163 0.538947 0.477499 0.499614 2.5 2.5 0.0831872 0.32758 0.278919 0.0531046 -0.189987 -0.0299273 -0.109104 -0.291155 -0.507064 0.0483495 -0.100918 0.29211 0.039509 -0.0435217 0.25 0.25 0.25 0.25 0.25 0.25 0.25 -0.277805 -0.102507 0.0796182 0.119068 0.282596 2.1 0.688602 0.404061 0.753431 1.51348
0.587952 0.825496 1.71701 2.5 1.71747 1.45636 0.871752 0.731544 0.735975 0.812937 0.862435 0.81088 0.862835 0.83532 0.924435 0.716671 0.58993 0.123996 -0.128176 -0.77094 -1.11041 -1.37677 -1.72953 -1.62436 -0.0610596 3 3 3 1.36846 1.20269 0.450644 0.442189 0.547504 0.539963 0.599115 0.65384 0.655762 2.5 2.5 0.545128 0.225464 0.413168 0.293737 0.280023 0.00955402 -0.062511 0.0102449 -0.38615 -0.0789112 -0.218983 0.201674 0.0653479 -0.00713341 0.25 0.25 0.38564 0.25 0.25 0.25 0.25 -0.313566 -0.105866 -0.0505271 -0.0215706 0.333263 2.1 2.1 0.544844 0.790359 0.998386
0.417296 0.827486 0.685173 2.5 1.1883 -1.21315 -1.30541 -1.2233 -1.13295 -1.06238 -1.08356 -1.23055 -1.27868 -1.6309 -1.89702 -1.88858 -1.48476 -1.30974 -0.975351 -1.17529 -0.78102 -0.641481 -0.528608 -0.489454 -0.540994 1.1901 3 3 3 1.38463 0.762219 0.580637 0.555158 0.622196 0.690983 0.621898 0.675536 2.5 2.5 0.604658 0.315042 0.302194 0.441788 0.323236 0.379549 0.0835652 -0.0349954 -0.360179 -0.0312191 -0.0187255 -0.267884 0.22835 0.052905 0.0233122 0.22306 0.289612 0.25 0.25 0.25 -0.466324 -0.163752 -0.000658593 0.186422 0.291172 0.125002 1.46453 2.1 0.640502 0.657244 0.558904
1.56786 1.33364 1.33632 2.5 1.86285 0.658193 0.307648 0.290855 0.313191 0.217519 0.0354264 0.0584287 0.185075 0.247787 0.327526 0.0825563 -0.0608824 -0.0849566 -0.187752 -0.361422 -0.177441 -0.193052 -0.262923 0.047326 -0.267792 0.0556428 3 1.54202 3 1.38605 1.09494 1.36941 1.26226 1.15021 1.09368 0.991639 0.897747 2.5 2.5 0.492406 0.286734 0.293596 0.654319 0.434149 0.173309 0.0889546 -0.125728 -0.114306 -0.0233187 -0.344468 -0.139864 -0.0579719 0.360118 0.072842 0.612553 0.470938 0.590932 0.25 0.25 -0.143 0.0586928 0.133325 0.293478 0.343407 0.534218 1.46708 2.1 0.666767 0.648989 0.355626
1.54583 1.23584 1.35143 2.5 1.59074 0.71346 0.549373 0.504994 0.527135 0.576977 0.565145 0.54483 0.521894 0.544464 0.486158 0.425747 0.0799427 -0.0755829 -0.173594 -0.492086 -0.090068 -0.127303 -0.204762 -0.0842926 -0.292667 -0.346931 3 1.61896 3 3 1.5029 1.24928 1.31134 1.83859 1.98644 1.51516 1.46303 1.2467 2.5 0.752179 0.840122 0.746106 0.537766 0.494561 0.44874 0.23475 0.33734 -0.184641 -0.174601 -0.12979 0.378684 0.00307843 0.622408 0.365111 0.592272 1.69585 1.02722 0.489233 0.25 0.091193 0.683804 0.344942 0.585983 0.58581 0.957448 0.858024 2.1 0.676632 0.395428 0.265527
1.25293 1.16235 1.27307 2.5 2.5 0.800481 0.563524 0.514103 0.593192 0.599702 0.594486 0.627672 0.476365 0.604739 0.610106 0.356867 0.178612 0.125228 -0.11426 -0.346078 -0.0233729 -0.0461672 -0.110458 -0.0723206 -0.325888 -0.56929 3 1.80078 2.1 3 3 1.34243 1.29139 1.54511 1.19906 1.27422 1.13481 1.20981 2.5 0.914129 0.947286 0.789602 0.73604 1.5982 1.99156 1.69269 1.68318 0.352973 -0.381002 -0.174422 -0.387026 0.0519889 -0.0950046 -0.220915 0.0216744 0.183417 0.165412 -0.0643387 0.25 0.621554 0.658637 1.19357 1.59411 1.03915 0.560038 0.158011 2.1 2.1 0.345974 0.220448
1.43324 1.30645 1.42402 0.964344 2.5 0.787941 0.581328 0.621182 0.596793 0.623035 0.695934 0.816671 1.00031 1.03479 0.980687 0.767161 0.447092 0.184404 0.0111734 -0.122828 0.250397 -0.16887 -0.0974237 -0.0113925 -0.164988 -0.346398 3 1.75173 2.1 2.1 3 3 1.34061 1.3285 1.23514 1.32312 1.3671 1.3955 2.5 0.677183 0.599741 0.754557 0.646796 2.34768 3.16589 3.249 3.04911 0.743193 -0.236505 -0.317607 -0.562406 -0.578255 0.00173549 -0.123588 -0.149983 -0.202883 -0.233636 0.0119116 -0.262967 0.25 0.25 1.04276 1.5991 1.22706 0.792306 0.315536 -0.262533 0.576225 0.923982 0.669438
2.12467 1.53476 1.2725 1.1058 2.5 1.23161 0.820972 0.902331 0.797611 0.71127 1.07841 3 3 3 3 3 3 0.891061 0.79569 0.114774 0.150721 -0.00818647 -0.0652138 0.013436 -0.0481899 -0.285314 3 2.23531 1.7355 2.1 0.735013 3 3 1.3472 1.41674 1.31113 1.56451 1.32669 2.5 0.807611 0.520633 0.586471 0.850818 1.26492 0.727782 1.48038 0.702579 0.130394 -0.196407 -0.310288 -0.43449 -0.207576 -0.00727336 0.060278 -0.0854348 -0.360374 -0.344265 -0.151815 -0.365583 -0.425765 0.25 0.25 0.25 -0.135313 0.0284498 -0.0116778 -0.20037 0.627251 1.01062 1.02801
1.55057 1.37146 1.1356 0.863263 3 3 3 3 3 3 3 3 1.31781 1.60218 1.31387 1.24519 3 3 3 3 0.731536 0.131644 0.578792 0.966885 0.831902 0.0438366 3 2.49067 2.0068 2.1 0.787611 0.712523 3 3 1.49816 1.44086 1.728 1.87204 2.5 1.20313 0.790808 0.722895 0.627632 0.885494 1.16525 0.457033 -0.131182 -0.0737532 -0.290963 -0.286617 -0.308554 0.160065 0.345702 0.163494 -0.0531534 -0.218174 -0.129735 0.291832 -0.0679419 -0.0841453 -0.123103 0.34062 0.136768 0.14713 0.09792 0.0940638 -0.106886 0.223977 0.946156 0.480059
1.32251 1.30737 0.891667 0.793622 2.1 2.29836 2.26193 2.22377 2.49978 2.63351 2.42579 2.3817 1.58979 1.55481 1.52632 1.31652 1.41941 1.69306 1.54453 3 3 3 3 3 3 3 3 1.96328 1.61489 2.1 0.954968 0.822201 0.824715 3 3 1.52955 1.94295 1.78483 2.5 2.5 0.866173 0.990208 0.897327 0.708016 0.670336 0.664554 0.238788 0.0601334 -0.000651672 0.0167732 0.150359 0.375961 0.34969 0.279393 0.167747 0.00218531 0.187263 0.380255 0.410184 0.399005 0.449788 0.642301 0.262737 0.370687 0.279922 0.419897 0.213481 -0.00496617 0.678775 0.67984
1.91038 1.53994 1.59801 1.09697 2.1 2.27136 2.23962 2.2118 2.38499 2.6149 2.59862 2.41345 1.59452 1.69566 1.67956 1.48476 1.52226 1.45808 1.47671 1.6429 1.47282 1.57737 1.58251 1.52705 1.61972 1.29797 1.42926 1.86063 1.71015 2.1 2.1 0.899336 0.678235 0.847919 3 3 1.69267 1.87021 1.57578 2.5 1.07942 0.816901 0.970451 0.706381 0.683769 0.60469 0.734609 0.369746 0.361906 0.582408 0.41039 0.463579 0.504358 0.48402 0.249082 0.145364 0.244848 0.477557 0.575671 0.671379 0.758982 0.624473 0.371352 0.301038 0.678485 0.89715 0.558371 0.191162 0.515178 0.319952
1.71172 1.79035 2.16416 1.35787 2.1 2.04036 2.34638 2.28026 2.25075 2.41849 2.39275 2.28053 1.77263 1.75639 1.50043 1.67562 1.65021 1.41224 1.90641 1.57912 1.42658 1.46325 1.61545 1.61331 1.54751 1.54421 1.84932 1.82397 1.67713 1.31923 2.1 0.780736 0.664706 0.762507 1.16456 3 3 2.16829 1.65318 2.5 1.26628 1.0952 1.07781 1.39646 1.01591 0.701215 0.574 0.324288 0.498218 0.669935 0.693121 0.872119 0.910297 0.613959 0.397567 0.543105 0.548355 0.592051 0.533032 0.52213 0.643476 1.08767 0.576508 0.279638 0.39381 0.0216644 0.186895 0.485382 -0.0286936 0.372735
1.92607 1.49867 1.47396 1.28669 2.1 2.10441 2.39975 2.30909 2.5611 2.3671 2.139 1.67942 1.7875 1.41262 1.68635 1.88196 1.65357 1.78273 1.90336 1.42427 1.26153 1.55723 1.47188 1.52079 1.53175 1.33643 1.59545 1.42102 1.44491 1.25669 2.1 0.723629 0.485975 0.552893 1.15174 1.37137 3 3 2.48164 2.5 1.34602 1.86781 0.616817 0.412111 0.306131 0.287363 0.613602 0.3022 0.213856 0.303258 0.397901 0.487542 0.432156 0.482171 0.534406 0.675636 0.538425 0.429505 0.424033 0.446218 0.352308 -0.0850992 -0.0253107 0.0239931 0.134183 0.163318 0.269178 0.727112 0.0234883 0.682471
2.11572 1.93939 1.52483 2.1 2.1 2.25042 2.37056 2.36497 2.35234 2.41573 2.18675 1.33483 1.8163 1.50747 1.65918 1.93332 1.77349 1.44784 1.22322 1.59449 1.8078 1.77434 1.49436 1.44191 1.58621 1.58572 1.67236 1.59531 1.73473 1.61727 2.1 2.1 -0.24463 -0.00650019 0.771483 1.18136 1.11036 3 3 2.78539 2.5 1.84269 0.787833 0.559696 0.543907 0.524734 0.267993 0.247537 0.38567 0.740595 0.375662 0.858722 0.548469 0.61178 0.786429 0.650424 0.405161 0.482887 0.259869 0.415381 0.377605 -0.101861 -0.0162411 0.0124102 0.344331 0.485378 0.624427 0.790382 0.286412 0.634105
2.57545 2.23445 1.92194 2.1 2.11312 2.30623 2.1667 2.22976 2.35961 2.6202 1.68091 1.3941 1.89496 2.23319 1.794 1.83594 1.3484 1.08168 1.04254 1.91797 1.43945 1.54333 1.63621 1.5214 1.54141 1.61445 1.48202 1.47527 1.38139 2.1 2.1 2.1 0.692717 0.873917 1.17014 1.13146 1.28903 1.492 3 3 2.5 1.80771 0.829111 0.660978 0.661636 0.48446 0.171445 0.246734 0.501837 0.957005 0.559274 0.810598 0.459805 0.661375 0.867072 0.607544 0.363785 0.491404 0.328403 0.105835 0.0442641 -0.0428428 -0.0154418 0.0526048 0.29685 0.701918 0.634053 0.802587 0.712006 0.613078
2.43797 2.72616 2.08201 2.1 2.26903 2.19037 2.05428 2.1994 2.27131 2.24018 1.12311 1.65018 1.18173 1.7254 1.75011 1.97501 0.892414 1.37499 1.70144 1.13172 1.38242 1.28596 1.47291 1.5303 1.62784 1.86954 1.70665 1.60529 1.41391 2.1 1.24455 0.853044 0.847683 0.87137 1.27316 1.35096 1.39267 1.33708 1.29702 3 3 2.1 1.74158 1.02707 0.969919 1.05538 0.577841 0.571415 0.618704 1.07714 0.768324 1.22884 1.04593 0.947048 0.537951 0.638829 0.509943 0.57925 0.527069 0.110785 0.0981588 -0.0342514 -0.000648212 -0.0711061 0.262176 0.744399 0.799722 0.848043 0.672126 0.108317
