test/DeltaShell.Plugins.DelftModels.HydroModel.Tests/test-data/AcceptanceModels/SOBEK2/Jakarta/InputData/FIXED/gis/aSC/DKI_LIDAR_ADJUSTED_TM3_100M.asc
NCOLS 319
NROWS 324
XLLCORNER 220584.859000
YLLCORNER 795339.977000
CELLSIZE 100.000000
NODATA_VALUE       -9999
[rows 93 to 123 of 324, columns 70 to 139 of 319]
3.01381 1.83851 1.73703 2.16168 3.30477 3.3742 3.21563 3.6449 2.41198 2.76269 2.77912 2.76045 2.68572 2.58143 2.26484 2.35436 2.38161 2.55681 2.28093 1.9666 2.05155 2.14023 2.27367 2.11168 2.18583 2.1 2.1 2.06425 2.00282 1.82929 2.20172 2.18632 2.38198 2.60616 2.54077 2.76098 2.97945 2.91194 2.63692 2.485 2.24902 1.9352 1.88613 2.1 2.1 1.42595 1.35402 1.5555 1.64759 1.90552 1.96911 1.80075 1.78655 1.96237 1.91141 3 1.41804 1.40386 1.58471 1.69272 1.67377 1.78571 1.65046 1.55311 1.85801 1.82314 1.55167 1.24606 1.66358 1.59393
2.1 1.77607 1.52106 1.469 2.4221 2.362 2.38968 2.33942 2.38955 2.49273 2.2879 2.3881 2.47517 2.34498 2.01084 2.0551 2.26016 2.21205 2.1767 2.02819 1.96418 2.06445 1.99247 2.18487 2.26115 2.25215 2.35482 2.26089 2.15703 2.12765 1.79996 2.00809 2.18684 2.26365 2.58096 2.63171 2.79303 2.91476 2.54796 2.51329 2.30125 2.14739 1.83768 2.1 1.73919 1.50144 1.37653 1.58477 1.584 1.78674 1.83355 1.74867 1.78665 1.97873 1.89651 3 3 1.86726 1.72855 1.64788 1.68302 1.57593 1.51492 1.49965 1.90517 2.03925 1.87334 1.58603 1.84195 1.86682
2.1 2.1 2.1 2.1 2.1 2.1 2.12246 2.44105 2.37803 2.40824 2.15789 2.03516 2.32062 2.16951 2.18825 2.33134 2.74421 2.38452 2.43019 2.27456 2.2131 2.08623 2.05703 2.05074 1.98866 1.87872 1.83843 2.19659 2.19824 2.1 2.1 2.1 2.1 2.12057 2.1 2.1 2.23426 2.314 2.67151 2.79397 2.73202 2.51219 2.42313 2.27711 1.93814 1.57018 1.46682 1.56535 1.7927 1.84554 1.90522 1.9045 2.25552 2.18364 2.22672 3.21506 3.37596 2.41094 1.68433 2.28074 1.85196 1.68146 1.60613 1.84396 2.05245 2.12226 1.93721 1.55587 1.8014 1.75735
2.601 3.62079 2.88344 1.91217 1.70196 2.33739 2.5649 2.57705 2.39432 2.16693 2.05023 2.22147 2.14978 2.17746 2.43101 2.94063 3.11131 2.72723 2.95034 2.85473 2.46589 2.31492 1.98671 2.32724 1.88294 1.8666 2.06318 1.98555 1.59344 1.60662 1.39811 1.30518 2.47723 2.1 0.148602 -0.184501 2.36146 2.27149 2.1 2.34479 3.04653 3.01312 2.5471 2.17176 1.72484 1.73151 1.88885 1.79475 2.31309 2.47537 2.34084 2.3564 2.47144 2.47435 2.6168 2.60548 3 3 1.58132 2.47867 2.09597 2.09888 1.64743 1.93878 1.79797 1.97344 1.8119 1.61805 1.66573 1.95271
3.59194 4.19062 3.01801 1.96103 2.22774 2.64831 2.66661 2.47644 2.37855 2.10431 2.06648 2.37452 2.43477 2.9296 3.33385 3.16602 3.47673 4.39321 2.85046 2.73753 2.43057 2.45525 2.17442 2.04282 1.92986 1.882 1.87972 1.7227 1.75081 1.56253 1.33251 1.35968 1.88121 2.1 -0.0790015 -0.317924 1.96309 1.92483 1.77213 2.01844 3.39181 4.45306 2.9902 1.97791 1.86525 2.26657 2.31104 2.21296 3.61341 3.00809 2.37501 2.3132 2.61619 2.61444 2.64708 2.75683 2.74615 3 3 2.02869 2.27579 2.08045 1.64006 1.88478 1.91208 1.99107 2.01267 1.86178 1.71103 2.03885
4.2268 2.93601 1.87338 1.96629 2.63983 2.74645 2.76665 2.36354 2.10715 2.15414 2.29298 3.18905 3.69717 3.4515 3.26431 3.13432 3.03992 3.10505 2.96173 2.5696 2.52943 2.52523 2.26556 2.13424 2.10633 1.98763 1.86408 1.77334 1.64288 1.4186 1.93452 1.72565 1.89867 2.1 0.116071 0.220078 1.58101 1.52686 1.70886 2.11113 3.22839 3.39355 2.80267 2.12636 2.2052 2.09235 2.35059 3.26742 3.66641 3.05938 2.68525 2.6298 2.79489 2.75086 2.71411 2.94238 2.9116 2.5768 3 3 2.19996 2.05495 1.80996 2.03599 2.18597 2.19232 2.42234 2.19595 1.72849 2.18207
4.00112 2.35977 1.93812 2.65331 2.74911 3.02624 2.6321 2.39008 2.17979 2.45884 2.93153 4.28697 4.35052 3.20881 3.12765 3.17102 3.25026 3.103 2.85668 2.45279 2.29997 2.36131 2.54802 2.31446 2.45287 2.14394 2.05156 1.94434 1.70993 1.95433 1.92484 1.97658 1.9816 2.1 1.17962 1.2578 1.40155 1.7277 1.76222 2.0222 2.62647 2.26675 2.16794 2.1 1.89398 1.94424 2.74353 3.69003 3.20281 2.83514 2.73473 2.83348 3.23643 3.10962 2.91594 3.06413 3.08932 2.96866 2.31124 3 1.80159 1.71406 1.77582 2.34299 2.48167 2.27142 2.52346 2.47315 1.71865 2.15791
2.64139 2.06861 2.4433 2.76673 2.92109 2.57364 2.65209 2.29568 2.48853 3.07333 4.50102 6.30826 4.90772 3.44813 3.2509 3.38479 3.29788 3.43955 2.948 2.59979 2.32551 2.42014 2.91208 2.65538 2.45862 2.19424 2.16252 2.08397 1.82565 1.91835 2.10427 2.21176 1.96415 2.1 1.67214 1.60699 1.77521 2.13742 2.10805 1.89834 2.00408 2.109 2.94537 2.1 1.99484 2.02699 4.09108 3.78934 3.27514 2.87411 2.95723 4.29546 4.38341 3.04125 2.97713 3.75128 2.99135 2.66218 2.64295 3 3 1.60112 1.86997 2.23195 2.25062 2.12297 1.94533 2.12938 2.09318 2.33997
2.37494 2.47677 2.74657 2.70076 2.7129 2.48184 2.64412 2.42837 2.84768 3.82186 4.65908 5.89271 4.33766 3.43838 3.32275 3.40923 3.29242 3.81414 3.07367 2.53621 2.4204 2.48735 2.97402 2.96315 2.54601 2.40441 2.34621 2.19604 2.50054 2.60074 2.25938 2.06068 1.92031 2.1 1.97354 1.95565 2.05857 2.23937 2.10349 2.07207 2.18713 2.84029 3.88497 2.34182 2.31417 3.29927 4.04043 3.33957 3.07786 3.01427 3.58601 5.56315 4.87377 3.32752 3.45519 4.83623 2.94795 3.14746 2.58225 2.51836 3 3 1.77643 2.26346 2.19182 2.06562 1.66051 2.33525 1.96594 2.35594
2.33996 2.55895 2.63757 2.49225 2.67069 2.7405 2.68997 2.79076 2.99406 3.92073 5.24703 5.72089 4.19038 3.45556 3.40292 3.40056 3.44089 4.33362 3.66459 2.85423 2.39624 2.62398 3.72481 4.86967 2.78509 2.39352 2.84296 2.47739 2.66967 2.63585 2.5538 2.27595 1.89043 2.1 2.2017 2.13604 2.35312 2.1895 1.85073 1.90213 2.42125 3.56106 3.22133 2.54089 2.67976 4.03583 4.55142 3.62186 3.40632 3.43231 4.2764 5.55129 4.57822 3.41346 3.50917 4.75493 3.18166 3.12958 3.21708 3.15397 2.62463 3 2.08311 2.97269 1.0568 1.41788 2.14676 2.4559 1.91193 2.18207
2.8547 2.45861 2.4167 2.4874 2.73133 3.14019 3.0072 3.42342 3.58337 4.82717 4.65798 4.89333 4.04497 3.73916 3.64563 3.51806 3.57664 3.9076 4.01987 2.99164 2.3632 2.62983 3.58268 5.29275 3.37224 2.83533 2.904 2.99133 2.78147 2.65355 2.70672 2.70816 2.15245 2.1205 1.82433 1.70862 1.76959 1.84222 2.04908 2.21588 2.81928 3.30729 3.02177 2.58512 2.99175 2.80921 4.94362 5.96758 4.601 4.57801 5.34847 4.12755 3.62751 3.72434 3.92732 4.60292 3.3354 3.46184 3.6951 3.20687 2.96106 3 3.11406 0.965035 2.05328 2.25282 2.17216 2.10656 1.89712 2.05456
3.38815 3.62664 2.60927 2.37758 2.61366 3.10398 3.36455 3.91753 4.19672 5.11868 4.66275 4.5005 4.17592 3.88866 3.71205 3.66644 3.7169 3.84204 3.67792 2.72103 2.29596 2.68095 3.05685 3.91158 3.07599 3.03932 2.88108 3.14953 2.84813 2.83986 2.85317 2.71212 3.01312 2.1 1.38276 1.50239 1.6892 2.15132 2.40818 2.74744 2.91643 3.4794 3.70274 3.85419 2.95011 2.66347 3.40609 5.90351 6.65473 5.90676 4.55859 3.7073 3.78948 4.19582 4.1968 4.953 3.35546 3.32561 3.4849 3.19258 3.78774 3.70428 3.25122 3 2.40969 2.43214 2.40949 1.98361 2.00518 2.14479
3.53316 3.89445 3.46391 2.58724 2.37674 2.96508 3.94989 3.88883 4.32333 5.40763 4.95512 4.3352 4.07737 4.17294 3.73905 3.86847 4.07177 3.98117 3.93692 2.62515 2.37873 2.44898 2.67929 3.19408 3.15427 3.15802 3.25271 3.22992 2.97302 3.20485 3.02524 3.02652 2.74232 2.1 1.7325 1.75127 2.15077 2.35084 2.88961 3.98022 3.70438 3.83821 3.7215 4.17597 4.04182 4.71638 5.30361 4.03582 5.88325 6.11611 4.87997 3.91247 4.01076 5.50059 5.34257 4.24729 3.45463 3.33014 3.53822 3.25017 3.61747 5.24577 3.71189 3 2.88258 2.49126 2.42423 2.09088 1.96569 2.26019
3.0094 3.66275 3.69572 3.29983 2.65228 2.84192 3.77383 4.09215 4.09818 5.84064 5.6055 4.61838 4.3688 4.54772 4.41383 4.68118 4.30588 4.03053 4.24056 2.98993 2.41849 2.89989 3.40235 3.63999 3.45315 3.30393 3.17629 3.18562 3.60289 3.43068 3.19796 3.28123 2.89603 2.26177 2.09267 1.99926 2.04253 2.35594 3.07285 4.54693 4.18148 3.94446 6.0586 7.46542 6.24899 6.14687 5.37526 4.12432 4.69301 6.40807 6.4211 4.79326 4.80807 6.56669 5.71979 3.65236 3.7779 3.6727 3.49027 3.42793 3.42789 5.02798 3.97495 3.2525 3.19123 2.61196 2.20678 1.8109 2.00393 1.74098
3.08587 3.28809 3.52456 3.89911 3.05053 2.84112 4.1419 4.03083 4.49162 6.4022 5.83864 5.51358 4.93433 5.00969 5.18123 4.74313 4.50223 4.63775 5.11961 2.92957 2.39117 3.10653 3.78594 3.72424 3.25454 3.28358 3.37472 3.55996 4.16849 3.49889 3.32967 3.22753 2.93033 2.13052 2.05786 2.13904 2.24706 2.337 2.53732 3.61152 4.7471 4.57946 5.07762 6.71567 6.08686 6.43707 2.99028 2.99302 4.24851 5.80555 6.36625 5.47401 5.43549 6.73523 5.54558 3.9864 3.50753 3.50987 3.55036 3.66581 3.79561 5.27896 4.36632 3.28317 3.45771 3.14133 2.24471 2.12106 2.17117 1.79114
3.45597 3.61472 3.5709 4.03769 3.39217 2.82248 4.92197 5.24433 5.79311 6.70862 6.705 6.01054 6.83492 7.33593 6.14396 4.81423 4.89196 6.45374 6.5425 4.0212 2.64775 3.89657 3.78091 3.42995 3.20169 3.35822 3.55154 3.59299 4.01634 3.94415 3.58872 3.17453 2.74384 2.15739 2.62081 2.27487 2.69911 2.50343 2.44066 3.07853 4.9197 4.65402 4.05682 4.39205 7.31225 7.58565 6.13486 3.21117 4.46906 3.73401 6.37649 6.18933 5.8735 6.69531 5.77113 4.18492 3.55755 3.77238 3.65269 3.8995 4.95094 5.27028 3.9235 3.32471 3.43583 3.29026 3.0297 2.25295 2.28652 2.22832
3.85701 3.14578 3.36262 3.15615 3.25523 3.60363 5.53594 6.30231 7.19018 8.01367 8.30818 8.74792 9.4994 9.32903 7.50935 5.95302 5.90233 6.70507 7.8659 5.00647 2.73837 3.62786 3.97972 3.72167 3.42923 3.33324 3.55168 3.90196 3.96641 4.21661 3.86638 3.327 2.81025 2.1 2.30782 2.3808 2.43118 2.52443 2.62318 2.64384 3.55985 4.14764 4.57327 5.218 5.97944 5.26731 3.29737 3.78217 3.91857 3.15683 5.08337 6.2498 6.37135 6.70722 4.76293 3.71292 4.00146 4.70622 4.79456 5.02079 4.85152 4.23962 3.53581 3.45962 3.4581 3.54773 3.22578 2.77162 2.38475 2.34212
3.93511 3.16565 3.11459 3.4435 3.06045 3.74961 5.07729 6.47857 6.80423 6.70179 6.89182 7.43784 8.57234 9.59063 9.01391 7.60876 6.75678 7.50601 8.829 6.7763 2.7334 3.41261 4.57601 4.11232 3.61029 3.46117 3.52414 3.76684 3.73913 3.9556 3.78543 3.14558 2.64981 2.1 2.31494 2.1141 2.27415 2.61775 2.63818 2.72835 2.81606 3.3196 5.00786 6.05873 7.32986 6.54002 4.8472 3.92799 3.27441 2.67738 4.55841 5.29573 6.73492 6.33124 3.87712 3.8563 5.38522 5.19978 4.99193 4.15609 3.97531 3.77037 3.69056 3.52633 3.55194 3.65218 3.52148 3.2204 2.76116 2.47074
4.01959 4.60108 5.34914 5.54581 5.39286 5.03743 4.29289 6.06558 6.57709 5.95972 6.23359 7.22574 8.72933 9.65594 9.84993 8.31286 6.67291 7.579 9.8886 9.23491 7.1948 7.18799 4.55259 4.13182 3.77224 3.57488 3.39849 4.05745 3.69402 3.71036 3.4877 2.85733 2.38114 2.23873 2.1 2.06059 2.29357 2.36592 2.71965 2.71115 2.77073 3.04323 4.67667 6.52438 7.66175 7.79849 6.37594 4.60336 2.71694 3.79894 3.65921 4.5658 6.81048 5.6356 3.74651 5.10883 5.77176 4.29182 4.19729 4.18792 4.2406 4.21569 3.60073 3.5067 3.5379 3.64841 3.69786 3.11739 2.84108 2.61148
4.35453 4.4525 4.8824 5.10913 5.17641 5.44526 5.11896 4.79128 7.08188 6.58746 6.91623 8.21174 9.37645 9.82281 9.97051 9.62809 9.11803 9.94315 10.6543 10.5658 8.9522 8.16313 5.98413 4.23778 3.84394 3.85092 3.61386 3.74653 3.72727 3.71681 3.44216 3.12214 2.99415 2.58141 2.327 2.53687 2.4205 2.60804 3.00758 2.93706 2.98399 3.16242 3.52189 4.6881 6.87759 7.46801 7.11425 4.44179 2.66521 3.22343 3.66213 5.01453 6.92964 6.12414 4.03973 5.86305 7.0233 6.33538 4.94865 4.44781 4.26923 4.4335 3.72244 3.5667 3.80514 3.88974 3.9522 3 2.70432 2.5531
4.23697 4.16015 4.34873 4.30561 4.25373 4.81622 5.29318 5.18065 4.55007 5.8679 8.70586 9.49494 9.658 9.46011 8.25053 8.34811 9.54622 9.88632 10.4306 10.7287 10.1086 7.21171 4.97572 4.36135 4.06128 4.00198 3.8271 3.86271 3.89274 3.81718 3.30874 3.29109 3.24451 2.74477 2.65136 2.40188 2.70431 2.99356 3.21172 3.29604 3.2791 3.18366 3.51684 3.69698 5.18672 6.83322 5.84417 4.19653 2.74695 3.42041 4.50173 7.369 7.31425 6.26747 4.26748 5.2009 7.80753 8.41542 7.37757 5.19217 4.55398 4.54095 4.85022 3.85026 3.71787 3.69643 3.72716 3.18362 2.9678 2.84875
3.97973 3.96237 4.10568 5.04775 4.1317 4.73202 5.17857 5.17461 4.50752 5.33529 8.87617 9.49661 8.7384 7.61482 6.36748 6.25917 7.19149 6.94396 7.17841 9.20591 10.7252 10.0454 8.1105 6.89995 5.57595 4.27696 3.90668 3.97989 3.95295 3.70014 3.31063 3.68812 4.13238 2.97391 2.51192 2.25355 2.90881 3.19181 3.48987 3.59921 3.44617 3.46257 3.44517 3.66149 5.08435 6.93773 4.65153 4.35108 3.27648 4.06344 6.18934 9.23407 7.66716 6.13739 4.75247 4.62555 6.73846 8.40986 8.38513 7.60281 7.0021 6.18293 6.39499 4.4039 3.63101 3.31869 3.37787 3.23836 2.8128 2.67669
4.32031 4.00797 4.09452 4.27852 4.85909 4.67989 5.13939 5.03023 4.13925 4.53406 6.53856 6.91132 6.88327 6.56089 6.32155 6.04589 6.15815 6.19945 6.36217 7.03751 10.2817 10.7155 10.9514 10.0577 7.40891 4.86645 4.22426 4.34398 4.0124 3.531 3.55623 3.7162 3.56611 2.96854 3.56692 3.08905 2.47396 3.5368 3.30122 3.54485 4.0232 4.02603 3.90044 4.8034 6.35474 6.72872 5.45984 4.43759 3.50752 4.5803 6.38254 9.46314 7.74102 6.18552 6.14096 6.19189 6.2311 7.70885 8.96133 8.59239 8.16457 7.70448 7.68063 5.78964 3.68609 3.36848 3.46093 3.271 2.70057 2.16757
4.49319 4.01404 4.29528 4.46009 4.84547 5.15588 5.99593 5.87919 5.85546 6.40253 5.81844 6.09 6.84413 6.66533 6.31941 6.21689 5.92915 6.2901 6.17962 6.07399 7.39441 9.3403 11.3833 10.7837 7.42204 5.25263 4.5776 4.38575 3.84067 3.64704 3.6743 3.66987 3.88515 3.73299 4.53927 4.34998 3.90479 3.43026 3.2082 3.35383 4.11178 4.45041 4.21377 4.64393 7.61096 7.8933 6.10469 4.5688 3.59298 5.04497 7.04271 9.2356 7.45254 6.31031 6.22292 6.15758 6.15859 7.89682 9.44582 8.01513 6.94583 7.15447 7.54023 5.71581 3.75424 3.61767 3.82905 3.44853 2.6057 2.20075
4.36462 4.46959 4.94732 4.82228 5.2307 5.41002 5.46414 5.81391 6.44473 6.13811 6.03878 5.6905 6.06469 7.45464 6.52804 6.17708 5.95633 6.2074 6.31138 6.19965 6.7269 7.77175 10.9758 10.6614 8.31684 6.20614 5.14385 4.66602 3.85514 3.6172 3.5296 3.57294 3.84453 3.96764 4.83326 4.37396 3.49694 3.2315 3.17433 3.78622 4.55802 5.07982 4.25356 4.72179 6.84212 8.14213 7.67384 5.10066 3.80116 5.14183 6.66453 8.09489 7.2602 7.06571 6.96462 5.53771 5.25885 7.67661 8.94238 6.34575 5.51079 5.2837 5.85259 4.64843 3.96285 4.28088 4.33248 3.55963 2.88509 2.27866
4.60506 4.64027 4.45897 4.72397 5.25843 5.35882 5.60245 6.2499 5.15754 5.30681 6.05973 6.08384 5.73289 6.22829 6.193 6.17389 6.01478 6.38833 6.35011 6.17988 6.57717 7.65739 10.3387 10.59 9.69899 7.13895 5.03907 4.77141 4.31613 4.48653 4.08983 4.54107 4.63834 4.45258 5.42757 4.12855 3.36989 3.21003 3.50202 4.56532 5.15859 6.28082 4.97529 5.03217 5.83173 7.15115 8.26012 5.00005 4.6727 3.45494 4.64009 7.11952 7.22621 8.09899 7.29925 5.24018 5.22905 7.35501 8.15436 5.3808 4.88444 4.84975 4.58363 4.20404 4.37072 5.92597 6.21693 3.86328 3.13697 2.57743
4.80977 4.75349 4.68014 5.20502 5.18621 5.55615 5.66644 5.69989 5.69757 5.5016 5.89512 5.86223 6.47266 6.97348 6.18024 6.25236 6.11466 6.32138 6.37063 6.35893 7.56984 7.11954 8.67686 10.6685 10.1324 6.44491 5.17073 4.8281 4.54248 5.04886 4.79088 5.35509 4.89146 5.40278 5.47628 4.3887 3.71318 3.92262 4.74747 4.77343 5.32643 6.53146 5.14572 5.8123 7.90384 8.82568 8.57133 5.36447 4.81686 3.94084 5.09043 6.72835 7.17097 7.61953 6.81683 6.11975 5.3476 7.17793 7.41537 4.9073 4.95028 5.0108 4.7676 4.68135 4.63983 6.71134 7.08492 4.50266 3.39857 2.86711
4.72899 4.75904 4.9248 5.22711 5.22547 5.40659 5.75454 6.11044 6.47661 6.01243 5.32267 5.21455 6.5452 7.94499 7.0232 6.5023 6.38421 6.40537 6.25257 6.7736 8.62544 8.02645 7.94566 9.27363 8.89541 6.27632 4.85434 4.36484 4.71346 5.7631 5.33535 5.40666 5.57551 5.82377 5.52387 4.07255 3.0049 5.35508 5.7704 5.80521 6.30463 6.36349 5.56358 6.8523 9.31952 10.244 9.88927 6.44116 5.05014 4.24522 6.42594 7.05019 7.56258 7.90102 7.55289 7.11876 6.51896 8.35366 6.76689 4.92324 4.78031 5.12639 5.11783 6.0662 6.74533 7.0195 6.58609 4.86879 4.825 3.2043
4.89778 5.24791 5.34757 5.54396 5.77224 5.91229 6.819 7.26172 5.49027 5.3907 5.65367 5.82816 6.33761 7.17118 6.7249 6.87892 6.70326 6.53403 6.6593 6.89758 7.25566 8.73197 8.57764 8.94534 8.18706 4.65939 4.52429 5.07493 6.64726 6.0917 5.49192 5.49737 5.90284 5.64214 5.13768 3.50567 3.97077 7.49013 7.57201 7.4424 7.86596 6.15022 5.94773 6.51231 8.2227 10.636 10.4415 7.25606 5.60937 4.61072 6.37263 6.92478 7.58933 7.97149 7.74347 7.37571 6.86438 8.92534 6.78324 5.48419 5.19327 5.43115 5.68965 7.20406 8.70538 6.88346 4.92846 3.35918 4.23166 3.90428
4.77041 4.7557 4.86377 5.21724 5.7113 6.2274 6.98748 7.53828 6.70371 7.19199 6.74427 6.20111 6.60851 7.56082 6.96673 6.28637 7.56515 8.07871 6.9572 6.98953 7.12907 9.40861 9.90451 10.4451 7.38758 4.93871 4.91695 6.27552 8.50862 7.09388 6.05422 6.11287 6.95826 5.58433 4.48055 4.77466 6.67554 8.85887 9.3165 8.29464 8.27396 6.3111 6.22636 6.43848 7.69381 9.06247 8.76819 6.33672 3.90053 4.41667 5.08766 6.87694 8.25848 8.51236 8.67708 6.42137 6.7838 9.05408 7.8628 6.10112 5.943 5.62221 7.33292 8.81239 8.57059 5.71136 4.4672 3.66683 4.01276 3.8177
5.15945 5.31446 5.55003 5.819 6.61693 7.05253 7.68095 8.4113 6.39342 6.86064 6.87099 6.59952 7.452 8.54336 7.76769 8.56647 8.17321 7.28144 7.04005 6.98099 7.96143 10.9605 11.9392 9.55904 6.33545 5.09676 5.18282 7.74843 11.1325 10.1509 7.25358 7.03574 7.38956 5.61968 4.18655 6.31758 7.71944 8.95431 9.7777 9.52601 8.78081 6.94641 6.48266 6.69152 8.3843 7.96248 6.4235 4.68643 4.75316 5.35641 7.6811 8.75507 9.35059 7.41254 7.15367 6.33064 7.09094 9.59669 9.60642 7.40106 6.55125 6.89339 8.64593 8.38005 5.98579 4.5739 3.65777 4.12708 3.86553 3.72475
