test/DeltaShell.Plugins.DelftModels.HydroModel.Tests/test-data/AcceptanceModels/SOBEK2/Jakarta/InputData/FIXED/gis/aSC/DKI_LIDAR_ADJUSTED_TM3_100M.asc
NCOLS 319
NROWS 324
XLLCORNER 220584.859000
YLLCORNER 795339.977000
CELLSIZE 100.000000
NODATA_VALUE       -9999
[rows 62 to 92 of 324, columns 70 to 139 of 319]
1.68277 2.31539 2.71105 2.1 2.06942 1.96013 1.86607 1.83781 2.00989 1.31605 0.85308 1.98011 1.83125 1.77179 1.29019 1.6543 1.11231 1.58781 1.59332 1.29355 1.44176 1.34211 1.51907 1.1651 1.20491 1.59953 1.76323 1.91154 1.94235 2.1 2.1 1.19982 1.17537 1.0692 1.24764 1.26841 1.51125 1.36101 1.29451 2.1 3 2.1 2.4643 1.06811 1.06162 1.14197 0.755357 0.53635 0.629135 0.831637 0.897032 1.06187 0.871239 0.86423 0.365488 0.526793 0.418819 0.291503 0.0311984 -0.0187835 0.15407 -0.0579658 0.0036313 0.18008 0.215557 0.783525 0.695048 0.714247 0.517109 0.0673256
1.29416 1.4348 2.1 1.8602 2.15916 2.0333 1.86271 1.94237 1.76459 1.60045 1.43979 1.72332 1.86658 1.33092 1.03283 1.5004 1.32845 1.97573 1.95561 2.00714 1.60569 1.40725 1.24856 1.20154 1.17187 1.71387 1.67752 1.64188 2.05913 1.68761 2.1 1.31576 1.28624 1.01578 1.15352 1.36538 1.62709 1.74431 1.79216 1.44035 2.1 3 2.1 1.08794 0.972349 0.90601 0.724296 0.668144 0.692752 0.759714 1.21535 0.856528 0.953098 0.880554 0.956449 1.38949 0.818123 0.453548 0.261049 0.135853 0.0720411 0.25341 0.070519 0.0871945 0.0978866 0.742111 0.731999 0.776716 0.725869 0.117205
1.31198 1.31222 2.1 2.09085 2.48141 2.35826 2.02363 2.2158 2.31185 1.80797 1.48084 1.57505 1.55798 1.42453 1.85232 1.7099 1.69625 1.90137 1.32499 1.54581 1.85492 1.53569 1.17182 1.33359 1.3159 1.55103 1.51705 1.54979 2.04854 2.16958 2.1 1.31675 1.43414 1.46711 1.37478 1.44539 1.49497 1.41074 1.49532 1.50208 2.1 3 2.1 1.27662 1.18917 0.842271 1.06318 1.32257 0.868398 1.04597 0.978527 0.733716 0.649567 0.774133 1.33999 1.85335 1.05861 0.310845 0.409865 0.494993 0.420764 0.325143 -0.0233472 -0.00915878 -0.172523 0.440685 0.690106 0.730735 0.6477 0.289017
1.60703 2.1 2.1 1.34382 1.86156 2.40665 2.36169 2.32209 2.50143 2.52874 1.743 1.49644 1.75959 1.59856 1.63022 1.87552 1.74155 1.41067 1.40288 1.69702 1.91737 0.815415 1.10167 1.33792 1.33207 1.5658 1.61721 1.67467 1.82249 2.1 1.77927 1.58259 1.65133 1.54746 1.41129 1.36542 1.53217 1.43778 1.39804 1.53804 2.1 2.1 3 2.1 1.01519 0.702648 0.950543 1.20517 0.680641 1.20579 0.970729 0.788911 0.787463 0.613375 1.0467 1.41356 0.926208 0.438731 0.455205 0.506489 0.314461 0.218619 -0.0370911 -0.0988481 -0.170794 0.0215148 0.270358 0.438163 0.399329 0.565779
1.38996 2.1 1.84648 1.94477 2.01965 2.35546 2.47815 2.71268 2.30309 2.37677 1.92453 1.8469 2.07861 1.92055 1.80669 1.99465 1.69445 1.57424 1.53875 1.51083 1.46832 2.15125 1.54504 1.31486 1.60959 1.55525 1.50483 1.52295 2.17576 2.1 1.72079 1.66155 1.93575 1.88174 1.73279 1.82225 1.80132 1.57432 1.54611 1.52314 1.65344 2.1 3 2.1 2.1 0.801324 0.827165 0.58326 0.768861 1.22128 0.789684 0.692377 0.924727 0.66506 1.26059 1.80545 0.777496 0.368244 0.578982 0.321798 0.238424 0.200341 0.0467505 0.148134 -0.0248574 0.0855563 0.17779 0.573253 0.519641 0.884103
1.58583 2.1 2.14194 2.23773 2.47579 1.92927 1.97722 2.23009 2.19382 2.33604 1.89687 2.45321 2.54467 2.27317 2.01318 2.10182 1.81869 1.57168 1.51934 1.67008 1.57038 1.78975 1.53246 1.56133 1.70661 1.834 1.79891 1.39512 1.607 2.1 1.67731 1.74757 2.00444 1.94501 1.90367 1.75195 2.04512 1.74728 1.59849 1.69805 1.62482 2.1 2.1 3 2.1 2.1 0.674213 0.688155 1.60233 1.21391 0.797419 0.897862 0.828942 0.791512 1.08848 1.62352 1.18772 0.5064 0.557308 0.287227 0.0867851 0.320521 0.423587 0.487283 0.0853591 0.308562 0.364003 0.548878 0.615831 0.302747
1.97296 2.1 1.71047 1.88137 2.19685 1.7711 1.85106 1.71628 1.94612 2.1726 1.97993 2.59343 1.91097 1.96326 2.17078 2.31633 2.11114 1.87006 1.6295 1.91688 1.55938 1.81854 1.61088 1.42446 1.68295 1.95771 1.3672 1.30225 1.69229 2.1 1.70401 1.65252 1.75243 1.76209 1.77651 1.79484 1.82617 1.8007 1.81339 2.01693 1.89774 1.62769 2.1 2.1924 1.87917 2.1 0.993247 0.87901 0.96704 1.175 0.888776 0.890023 0.795363 0.657426 0.723667 0.929852 0.902408 0.391341 0.550662 0.165829 0.0879089 0.0868001 0.0304487 0.211102 -0.192148 -0.00991542 0.299549 0.391023 0.220547 0.859627
2.18441 2.1 1.69729 1.56059 1.64541 1.60226 1.40655 1.28547 1.62862 1.68995 2.50435 2.73199 2.62095 1.84565 2.52034 2.23128 1.64037 1.97269 1.38302 1.25839 1.45794 1.6602 2.05514 1.63302 1.6317 2.12414 1.29736 1.73083 2.1 2.1 1.71672 1.81833 1.77815 1.69982 1.51128 1.80996 1.94382 1.8048 1.63829 1.65407 1.72362 2.1 2.1 2.5815 3 1.81899 1.08441 0.878015 0.950236 0.776947 0.555968 0.557875 0.870068 0.919095 0.54691 0.903005 1.14935 1.04362 0.656038 0.391177 0.624155 0.492764 0.428028 0.453467 -0.0283983 -0.191362 0.152833 0.177058 0.286179 0.425324
2.28232 1.80314 1.83679 1.66321 1.47467 1.33746 1.2832 1.2702 1.34777 1.72166 2.89191 2.26181 2.47577 2.34229 1.88387 1.83826 1.72269 1.90955 1.48945 1.39192 1.2841 1.70032 1.79681 2.04494 1.79418 2.00221 2.03037 1.97737 2.1 2.1 2.1 2.1 2.1 2.1 2.1 2.1 2.1 2.1 2.1 2.1 2.1 2.1 2.07151 2.51392 3.29053 3 1.49641 1.36168 1.38598 1.38532 0.837729 0.910175 1.03679 1.00333 0.718962 0.971075 1.16959 1.03019 0.581622 0.470691 0.495064 0.360455 0.628396 0.218121 0.112943 0.0823214 0.0921719 0.0337551 0.379907 0.613434
2.27445 1.86414 1.94637 1.86764 1.69621 1.32703 1.32413 1.30579 1.62507 1.99335 2.4557 2.50675 1.88494 2.07717 1.90039 2.43187 1.81155 1.95643 1.56549 1.35285 1.50047 1.61934 2.29749 2.03265 1.91738 1.71353 1.93292 1.8765 2.1 2.1 2.1 1.88249 1.76884 1.88169 1.75452 2.11483 2.29218 1.92329 1.71624 1.83995 1.9003 2.21098 2.02106 2.1 2.4011 3 0.740352 1.154 1.3116 1.40654 0.893802 0.918093 0.967218 0.917438 0.679501 0.879086 1.10166 1.12637 0.763896 0.766355 0.592769 0.484789 0.302172 0.711371 0.355725 0.262701 0.16503 0.229561 0.338353 0.608714
2.24851 1.90687 2.04065 1.90712 1.65521 1.26038 1.26318 1.28405 1.4722 1.82676 2.06891 1.87213 1.95395 2.17489 1.86928 1.97 1.87622 2.00566 1.77146 1.80924 1.82752 1.90241 2.64334 2.286 1.95517 2.0795 1.89805 2.1 2.1 1.77585 1.73649 1.82731 1.81336 1.86906 1.65388 1.80136 2.2039 2.0201 1.65593 1.78835 1.78302 2.31389 1.99628 1.81387 2.1 2.56433 3 1.11327 1.34357 1.3817 1.15864 1.18253 1.05932 0.914183 0.849199 0.982313 1.2116 1.25886 0.977761 0.944247 0.701895 0.656673 0.43614 0.761801 0.454331 0.432153 0.401922 0.312185 0.275223 0.589917
2.36539 1.9275 1.91943 2.17096 2.44351 1.37168 1.21442 1.11909 1.19662 1.31255 1.41623 1.46859 1.79367 1.77724 2.333 2.03443 2.03157 1.99232 2.17259 1.43575 2.05808 2.37621 3.26625 2.49133 2.12383 1.58301 1.65577 2.1 1.7819 1.49678 1.73083 1.75164 1.77515 1.85717 1.7042 1.78361 1.72786 1.76693 1.8244 1.74352 1.80025 1.84869 1.71941 1.81474 1.75659 2.22057 3 0.906669 1.43031 1.3943 1.52455 1.42174 1.14173 1.00996 0.804994 0.953153 1.14973 1.2797 1.00164 0.864378 0.71274 0.746356 0.588042 0.544422 0.428028 0.50767 0.608379 0.50323 0.340248 0.611652
2.38738 2.15826 2.41818 3.45307 3.98493 2.69441 1.15117 1.12392 1.14514 1.05963 1.18623 1.359 1.50451 1.56242 2.30305 2.14836 2.09292 1.95373 1.84731 1.01841 0.515617 2.51976 2.06777 1.74463 1.79653 1.4528 2.1 2.1 2.34942 1.38283 1.55307 1.84714 1.74895 1.8517 1.7291 1.79464 1.70986 1.7836 1.81113 1.91468 1.96669 1.99036 1.89012 1.91747 1.70906 2.1 3.07874 3 1.16945 1.3081 1.1645 1.28162 1.06125 0.971979 0.947189 1.04835 1.09934 1.2402 0.888067 0.708377 0.696259 0.548552 0.648638 0.654282 0.588638 0.476038 0.647384 0.626004 0.370941 0.767989
2.4916 2.45734 3.6517 3.38917 3.52725 2.77086 1.77928 1.2497 1.11438 1.06977 1.15646 1.27431 1.54271 1.40969 2.19825 2.46342 1.50266 1.77405 1.15312 1.08164 1.14201 1.75497 1.19691 1.78735 1.96487 1.6262 2.1 1.46743 1.76937 1.67502 1.80347 2.02718 1.82644 1.85008 1.70797 1.81658 1.83565 1.92987 1.91732 1.64497 1.56821 1.78926 1.6145 1.71391 1.69345 1.58762 2.2784 3 0.745903 1.35277 1.3909 1.25913 0.996346 0.905121 1.06779 0.907046 0.933556 1.02221 0.900105 0.753344 0.734685 0.832716 0.601025 0.634292 0.828031 0.871453 0.823675 0.711544 0.667831 0.564832
2.48679 2.32149 3.29077 3.35316 3.20239 3.06293 2.49385 1.64913 1.14427 1.01122 1.03351 1.13257 1.1712 1.20376 1.50819 2.4053 1.90987 1.73533 1.67669 1.35062 1.7205 1.6068 1.28882 1.94836 2.2073 2.1 2.16755 2.53529 1.28349 1.72459 1.88968 1.86413 1.92752 1.92119 1.77561 1.73672 1.692 1.83971 1.90487 1.82771 1.85559 1.9489 1.77354 1.72214 1.71993 1.68674 2.1 3.10301 3 1.44245 1.14881 0.930058 0.878075 0.895656 0.926233 0.969862 0.977692 0.856875 1.23875 1.02988 0.984393 1.08209 0.765941 0.961336 0.934118 0.654136 0.624476 0.599951 0.707481 0.387391
2.37784 2.38883 3.21496 2.74074 2.41881 2.63238 3.32378 3.1927 2.79406 1.12333 0.976621 0.925269 1.07799 1.34073 1.98699 2.06452 2.20918 2.27561 1.6103 1.3983 1.84877 1.60424 1.1803 1.26866 2.17332 2.31675 2.11584 1.95574 1.90233 1.4454 1.73884 1.8946 2.02097 1.90284 1.82237 1.83846 1.79434 1.88708 1.88332 2.00271 2.02366 1.99144 1.89167 1.67716 1.79046 1.77041 1.72537 2.45199 3 1.52814 1.22991 1.18071 1.1819 1.24487 1.06473 1.13886 0.970948 0.879793 1.23046 1.17545 1.14128 0.957686 0.882683 0.880529 1.16851 0.926463 0.651392 0.658281 0.524664 0.40383
2.1 3.02815 2.78803 2.29652 2.40578 2.28658 2.80091 3.86882 2.60013 1.13844 1.08928 0.986609 1.7013 2.1251 2.11518 2.19778 2.23751 2.0849 1.94183 1.39271 1.45536 1.60543 1.45491 1.64703 2.1 2.1 1.72769 2.03401 1.59698 1.39439 1.70727 1.8114 1.78776 1.76682 1.82762 1.86552 1.92912 1.87642 1.95819 1.90114 2.12149 2.01738 1.91967 1.77244 1.89288 1.80278 1.74695 2.1 2.52468 3 1.43907 1.26546 1.24223 1.21592 1.11756 1.19986 1.06615 0.888657 1.02594 1.20684 1.22079 1.35936 1.31993 1.1713 1.36339 1.0019 0.687701 0.617458 0.473036 0.1807
2.72846 3.13986 2.52263 2.37644 2.36695 2.44203 2.65702 3.76728 1.80016 1.61704 1.29183 1.33625 1.75854 2.33394 2.26294 2.23802 2.13149 1.62753 2.01552 2.40776 2.22643 1.98506 1.71791 1.90793 2.1 2.13549 2.00209 1.84371 1.96588 2.36319 1.97476 1.96664 1.85889 2.10409 1.91559 1.98623 2.06208 2.21767 2.12456 2.16107 2.021 2.02333 1.85744 1.76408 1.79553 1.82284 1.89226 1.80367 2.1 3 2.16604 1.83572 1.39368 1.27925 1.28034 1.20956 1.18539 1.04952 1.28143 1.34599 1.67544 1.69735 1.75355 1.44758 1.15643 0.985944 0.681269 0.611396 0.53475 0.24478
2.47112 2.74809 2.63497 2.35149 2.38794 2.3965 2.85912 2.85678 1.64018 1.6987 1.56774 1.765 1.56342 1.81967 1.89618 2.50287 1.82873 1.83373 2.17031 3.02456 2.97189 2.09706 1.98184 2.1 2.1 2.17485 2.16868 2.5465 2.51725 2.36613 2.1887 2.14628 2.03628 2.23046 2.24528 2.17642 2.25004 2.25164 2.13963 2.26475 2.16794 2.02067 1.88631 1.7487 1.82575 1.56466 2.69022 3.13842 2.36954 2.6443 3.28541 4.86562 4.40281 2.09637 1.4074 1.31462 1.22493 1.06756 1.31929 1.4597 1.42931 1.66287 1.58136 1.70379 1.3606 1.44264 1.17663 1.18211 0.726281 0.499433
2.54225 2.75288 2.47274 2.71775 2.8798 2.94155 3.08732 2.3517 1.73181 1.66345 1.57099 1.92618 1.60596 1.5401 1.95939 2.05525 1.97487 2.26486 1.85115 1.91186 1.79146 1.90373 2.1 2.1 2.25452 2.12494 1.90113 2.4542 2.53876 2.51882 2.56307 2.36834 2.33872 2.45422 2.36918 2.2749 2.72488 2.20944 2.27533 2.13803 2.11843 2.02231 2.10155 1.90429 1.67768 1.58008 2.18151 3.02852 2.80127 2.84204 3 5.79831 6.43431 2.47399 1.31067 1.36232 1.28849 1.12421 1.17836 1.48688 1.44001 1.55807 1.52693 1.55536 1.57641 1.51849 1.16164 0.765185 0.401608 0.679288
1.8744 2.83283 2.76151 2.91233 2.89278 3.21796 2.77565 1.57117 1.70337 1.88242 1.70152 1.77892 1.53265 1.6678 1.89751 2.38713 2.65702 3.17434 1.80072 1.62415 1.79488 1.86702 2.1 2.11649 2.18635 1.79473 1.85225 2.32014 2.55745 2.64954 2.68199 2.43264 2.44624 2.3923 2.34385 2.38533 2.39523 2.21934 2.18345 2.22244 2.12623 2.08341 2.04215 2.11307 1.85419 1.82418 1.71357 1.9496 2.1 1.66635 3 3 4.19746 1.92154 1.48781 1.57341 1.52998 1.59176 1.13052 1.29091 1.33529 1.30951 1.43675 1.705 1.75518 1.57024 1.05113 0.758048 0.580091 0.994431
2.1 2.4529 2.93644 3.05215 2.47777 1.77918 1.61213 1.7963 1.93671 1.9304 1.91774 1.56813 1.59154 1.73142 2.30395 3.53392 3.62128 3.56511 1.50794 1.51404 1.65072 2.1 2.10629 2.00803 2.0432 1.78696 1.89995 2.15171 2.33863 2.79643 2.6812 2.55778 2.69728 2.67393 2.44837 2.67042 2.34391 2.20074 2.19553 2.23691 2.18054 2.11451 1.93472 2.0376 1.90545 1.72814 1.59365 1.6522 2.1 1.80315 1.6107 3 1.83877 1.74633 1.67871 1.41379 1.49999 1.77701 1.20946 1.35712 1.34247 1.36665 1.60494 1.85257 1.81865 1.79872 1.23565 0.821742 0.467897 0.865122
1.72711 2.1 2.1 2.1 2.1 2.1 2.1 2.1 2.31018 1.8806 1.76076 1.71489 1.79995 1.90601 2.37669 3.603 3.55025 3.40139 1.77332 1.82159 1.69594 2.1 2.31953 2.30572 2.27337 2.42437 2.15772 1.98115 1.97228 2.52434 2.57668 2.70638 2.59328 2.65112 2.43829 2.5685 2.57066 2.41529 2.29132 2.41058 2.18456 2.24725 2.00898 1.97055 1.92971 1.75697 1.70263 2.1 2.1 1.48187 1.60392 3 1.99268 1.80541 1.83063 1.76775 1.67071 1.97168 1.34577 1.64862 1.7843 1.70529 1.84097 1.99464 2.00633 1.71344 1.30869 1.0177 0.704269 0.934349
1.78233 1.68887 1.36662 1.63022 1.71525 1.67552 1.86207 2.1 2.1 2.1 2.1 2.22134 2.03636 2.12323 2.26777 3.79659 3.61478 3.27875 2.1429 3.18791 2.1 2.14159 2.16594 1.97388 1.92191 2.44852 2.06149 2.63606 2.546 2.3925 2.63968 2.77983 2.42641 2.52677 2.38288 2.26128 2.2265 2.25535 2.26608 2.20744 2.21884 2.10717 2.00627 2.09003 1.86023 1.70867 1.61814 2.1 0.921005 1.49969 1.55347 3 3 1.8606 1.91005 1.91501 1.82988 2.07823 1.41189 1.56346 1.90939 1.86725 1.89585 1.89392 1.81251 1.79667 1.51673 1.35276 0.721781 0.957581
1.95831 1.89183 1.894 1.91438 2.07716 2.02416 1.90247 1.88088 1.92925 2.06628 2.1 2.1 2.1 2.23254 2.7363 3.16312 3.08329 2.72343 2.45606 1.77101 2.74748 2.51191 2.41243 1.88584 1.86235 1.73884 2.22347 3.1354 2.88445 2.90835 2.85434 2.72109 2.77072 2.58095 2.3647 2.39654 2.3636 2.26827 2.33683 2.1815 2.29825 2.05926 2.07647 2.01115 1.87679 1.78274 2.1 2.1 0.470969 1.73485 1.63451 1.65263 3 1.92744 1.8394 1.87665 1.89552 2.04607 1.47946 1.63257 1.80234 1.97297 2.04133 2.14702 2.16758 2.13543 2.08817 1.32351 0.827167 0.938678
1.87341 1.80427 1.77684 1.96093 2.15336 2.3109 2.39088 2.28911 2.28293 2.05711 2.12729 2.1 2.1 2.1 2.1 2.1 2.1 2.17934 1.94499 2.1 2.1 2.17668 2.44909 2.43905 2.35199 2.17526 2.27921 2.3139 2.75952 2.99677 2.82325 2.81381 2.84346 2.63981 2.51126 2.38191 2.24296 2.38558 2.06523 2.23246 2.09298 1.89314 1.96513 1.85881 1.77371 1.87064 2.1 1.82315 1.65203 1.67707 1.62244 1.78019 3 3 1.86345 1.85453 1.83744 2.26389 1.54207 1.77863 1.82601 1.90268 1.92959 2.13293 2.10531 1.88015 1.62393 1.33631 0.970388 1.05781
1.91251 1.85537 1.99399 2.99614 2.63052 2.60426 2.63511 2.50792 2.55051 2.1 2.1 1.50836 1.39072 1.45432 1.78744 2.51322 1.91537 2.1 2.1 2.1 2.00085 2.08021 2.53077 2.71574 2.53409 2.58127 2.55715 2.41686 2.9742 2.60989 2.88431 2.80772 2.78484 2.6699 2.46828 2.43109 2.25534 2.31294 2.27254 2.25618 2.11395 1.93647 1.89784 1.90417 1.74585 2.1 2.1 1.77143 1.89888 1.6499 1.79584 1.66571 1.55555 3 1.97515 1.96527 2.15979 2.17295 1.69793 1.89962 2.08003 2.1694 2.16446 2.27874 2.16308 1.86193 1.62781 1.36232 1.19306 1.45018
3.2117 2.79861 2.24069 2.49991 2.66704 2.63167 2.5836 2.59452 2.52741 2.1 2.44857 3.05889 2.01321 1.9462 2.24215 2.21951 1.71928 1.82447 1.74584 2.37079 2.34581 2.35536 2.67721 2.76471 2.82632 2.63635 2.56471 2.51807 2.63655 2.77368 2.86624 2.76988 2.92413 2.65387 2.49898 2.44525 2.45001 2.33938 2.32663 2.23064 2.09932 2.02471 1.86808 1.95877 1.85428 2.1 1.80248 1.56947 1.84234 1.71821 1.86666 1.88359 2.05291 3 2.46169 2.38053 2.02237 1.86673 1.71767 1.71992 2.03954 2.1993 2.17776 2.18939 2.14003 1.77577 1.62726 1.53715 1.29164 1.43313
4.24623 3.27723 2.7894 2.42852 2.59016 2.66848 3.02675 3.29486 2.63856 2.43482 2.61095 2.8204 2.38815 2.20039 2.23965 2.17431 1.98956 1.71167 1.71221 2.1699 2.07564 2.04248 2.33848 2.38696 2.20583 2.57246 2.49614 2.59532 2.43069 2.53417 2.52066 2.53089 2.57036 2.63537 2.55657 2.50464 2.49029 2.53288 2.42687 2.3722 2.11071 2.04743 1.98809 2.03791 2.1 2.31562 1.47083 1.47843 1.55457 1.62243 1.73476 1.87476 2.21594 3.03482 3 1.78493 1.78682 1.71322 1.54882 1.50423 1.86158 2.04701 2.20531 2.00007 1.96819 1.74791 1.51488 1.21144 1.1901 1.31088
3.95082 3.00814 2.643 2.74851 2.72203 2.7803 3.45904 4.02052 2.87196 2.74062 2.67043 2.65806 2.73268 2.634 2.3555 2.2311 2.36791 1.83867 2.13224 2.1 2.1 1.92939 2.15397 2.03798 1.82997 1.86434 1.83524 2.03011 2.02157 2.07225 2.21123 2.30067 2.38046 2.45043 2.44967 2.41125 2.40455 2.5429 2.50273 2.11173 1.99845 1.58662 1.83888 1.8718 2.1568 1.96915 1.38626 1.53114 1.5392 1.56909 1.66945 1.58131 1.7534 2.00102 3 1.64663 1.49207 1.43162 1.52401 1.63957 1.78965 2.05548 2.06764 1.92026 1.75251 1.5987 1.39978 0.996919 1.57243 1.86623
3.48575 2.83431 2.41508 2.34512 2.64439 3.34658 3.87918 3.87829 2.60298 2.6925 2.67022 2.65658 2.74194 2.76356 2.54129 2.42593 2.07013 2.48331 2.15314 1.78612 2.1 2.17664 2.1 2.1 2.9523 3.05899 1.93685 2.06721 1.83641 1.85662 2.07411 2.17826 2.23077 2.52797 2.50026 2.50286 2.6996 2.65345 2.50615 2.23995 2.07827 1.84638 1.90934 1.76341 2.1 1.53134 1.53438 1.6727 1.68404 1.83558 1.6908 1.76524 1.7607 1.97006 3 3 1.31988 1.30424 1.52996 1.62786 1.70401 1.9959 1.99352 1.88185 1.84743 1.78349 1.40632 1.18127 1.73659 1.72301
