test/DeltaShell.Plugins.DelftModels.HydroModel.Tests/test-data/AcceptanceModels/SOBEK2/Jakarta/InputData/FIXED/gis/aSC/DKI_LIDAR_ADJUSTED_TM3_100M.asc
NCOLS 319
NROWS 324
XLLCORNER 220584.859000
YLLCORNER 795339.977000
CELLSIZE 100.000000
NODATA_VALUE       -9999
[rows 279 to 309 of 324, columns 140 to 209 of 319]
59.5392 58.5519 55.288 56.8281 54.7628 53.6788 51.9548 54.8488 58.4646 56.0701 53.0817 57.8547 58.7924 57.9174 58.0248 56.1152 54.2666 57.302 57.6378 57.4419 56.0718 48.6524 50.4598 56.3298 56.3286 56.937 56.869 51.7378 48.9763 45.063 38.0581 44.6982 45.9753 51.8726 58.0895 54.9789 50.3872 47.564 41.5499 49.3508 49.9129 52.5536 54.8606 54.7838 55.0907 54.8788 53.5168 51.8787 48.1388 46.6645 46.2104 39.8551 42.4305 45.1061 47.3767 47.2659 40.1234 44.6756 48.3499 50.4109 52.4619 55.1193 52.5756 49.7055 49.2388 48.9557 51.1198 52.943 51.8745 50.8406
59.7605 57.757 54.4885 53.9945 53.1398 53.7634 52.6711 57.7 60.0054 59.3903 54.8014 57.4011 59.5417 59.1779 56.1739 53.7648 55.8055 58.3912 53.6308 51.7112 49.5589 48.431 51.6978 56.5646 57.0312 56.3064 54.4494 50.8455 49.3477 44.9622 41.1653 49.5966 49.641 52.6844 58.3346 54.1586 50.5922 50.5364 43.0333 41.4663 43.1187 49.0362 55.4169 56.3792 55.9316 56.3052 55.4437 54.3804 50.6441 48.4194 47.5516 40.7678 41.6673 45.7979 49.5755 52.9898 47.3549 40.9839 45.5483 51.3654 52.9604 55.1806 53.3221 50.4613 51.8642 52.059 53.4207 53.4331 49.8903 46.7527
60.5502 57.5405 54.7431 53.6661 54.1906 56.1092 58.1232 59.9816 59.017 57.1398 54.66 58.0883 59.4507 56.6684 54.6773 56.3648 59.0801 58.1279 50.2548 49.4443 51.3306 52.4362 53.2301 53.8285 57.8003 56.4803 55.7062 52.6802 49.745 44.2656 39.4583 45.9869 49.5664 49.8036 56.7025 56.4411 52.4305 53.3798 53.1401 46.0737 42.8001 49.6395 55.2679 57.3322 56.4513 56.8261 56.4914 54.4135 49.8592 49.169 48.8477 42.5967 43.9792 46.2657 49.9174 54.2013 52.284 45.7398 41.5632 44.9672 51.695 54.9422 51.5002 49.7174 52.4318 52.9116 53.753 49.7245 44.4738 42.7215
61.6883 58.9924 54.6377 53.4503 56.0963 57.8574 60.5753 60.8948 57.2647 54.6759 54.6986 58.8906 58.6432 56.2554 57.4669 59.3704 59.1208 55.604 50.8356 55.736 58.7398 56.5748 54.5 55.1519 58.3147 56.967 57.3271 56.3166 52.0285 47.6896 37.9399 45.5512 45.7277 46.8754 55.1559 58.0445 55.1137 55.524 53.9863 49.3798 42.9443 47.4401 54.3361 56.5744 57.5776 57.0859 56.7232 56.1873 53.0936 51.0802 50.1223 44.2611 44.9161 47.0349 50.8701 54.3075 52.065 49.1541 44.7438 45.0171 51.9036 53.8968 51.7617 51.4528 53.8436 54.2387 52.1794 44.0811 42.7228 46.3822
62.0883 59.4925 54.6442 54.3965 57.1215 60.7985 61.7418 61.5836 59.0291 55.0833 56.4398 60.5063 58.8112 57.1343 56.8106 56.2962 56.2355 55.201 55.4631 57.4422 56.6802 55.3026 54.4034 55.4033 57.9326 57.3904 57.7822 58.416 54.6199 53.6124 38.3485 35.6936 43.5002 48.7437 56.7656 58.8447 58.5231 57.8976 55.0115 50.3338 43.0868 43.8675 47.9676 52.3599 56.7422 57.7287 56.9502 55.919 54.3244 53.2553 51.9979 44.986 47.8311 49.7487 52.0368 54.2663 53.3959 53.6539 44.8605 48.304 53.587 53.7274 54.6417 54.3268 54.8855 54.8728 53.0107 48.929 43.1531 48.0007
61.918 60.1329 55.56 57.8044 60.6546 62.1045 62.1908 62.2736 60.021 55.683 59.4115 61.3821 59.9778 58.6666 55.482 55.3893 55.9285 58.5951 56.7764 55.9137 56.1906 57.8436 57.2565 56.443 57.2716 57.7863 58.9147 58.9003 56.936 53.4622 37.699 37.1699 43.6014 49.0013 54.7248 57.7895 58.2232 57.4799 55.7027 52.3589 45.9785 46.4473 43.331 48.1073 57.5072 58.3731 57.1264 56.6604 57.3079 55.9515 51.9848 45.9076 52.6529 53.5227 55.2613 56.5209 55.8652 54.5887 43.4167 49.9906 54.946 53.5741 55.5278 55.1024 54.7221 54.846 53.1278 50.3987 43.6728 48.5664
61.9447 60.1301 57.411 60.1118 62.2689 62.7658 62.141 59.9579 57.0212 57.7011 61.5125 60.881 59.1258 58.932 55.7337 58.0378 60.0134 59.4479 55.8671 57.7925 59.1638 58.7851 57.4338 57.3422 57.5074 59.3468 59.3626 58.8469 58.5309 51.1877 36.7926 36.9516 42.709 47.6528 51.0327 53.0008 53.7838 54.063 53.6329 50.4229 49.3065 55.1907 44.8408 44.9367 56.9043 59.192 57.9506 58.0176 58.4684 56.0833 50.9763 46.7007 50.1786 55.6072 57.0887 56.9038 56.602 55.5996 44.5481 48.9889 54.6143 54.1313 56.1064 56.2001 55.8988 54.6584 50.431 44.6895 45.3799 48.3082
62.5738 60.4595 58.3333 60.4325 62.4534 62.3532 57.4889 56.0743 58.4777 61.5414 61.4501 60.1359 59.0434 60.1342 56.4536 56.0737 60.1431 58.3473 56.0939 58.108 58.8055 59.5153 57.9786 57.2319 58.1499 58.859 55.8234 54.3618 55.7941 48.9058 34.2949 36.3798 41.5472 45.1366 46.9442 -9999 -9999 -9999 -9999 51.4654 54.0998 52.2822 47.2209 52.0017 56.3471 58.737 58.4312 58.9775 59.0278 58.0713 55.6547 48.6859 48.2246 57.1747 57.7421 57.3998 56.9461 54.7896 48.0544 46.1505 53.13 56.1485 56.591 56.5352 55.6875 52.4633 46.586 44.8425 46.8996 49.9436
63.0509 58.5057 58.7332 61.1924 63.1888 60.1471 57.4437 58.335 61.8639 62.5088 61.9772 59.7549 59.7719 58.2399 55.2573 55.5354 58.9363 56.9442 55.7542 57.6997 58.7701 58.7617 57.5624 57.0447 57.3974 57.1873 51.22 52.8247 53.7347 39.8816 32.3068 35.5525 39.7197 42.292 43.7381 -9999 -9999 -9999 -9999 49.6372 49.0996 46.5985 51.5938 56.3572 56.4525 55.3205 57.3923 58.9025 59.5263 59.1486 55.105 48.3255 50.1301 57.4115 58.17 58.0243 57.5314 55.1358 48.7755 46.5257 53.1562 56.591 56.8666 56.7392 53.0299 46.5276 46.2623 48.7141 48.2506 51.7638
62.5211 57.4639 59.0041 62.2314 62.4448 58.2559 58.7308 61.4598 63.0108 62.4097 60.6674 56.969 55.4325 55.4964 57.7812 58.2345 58.4013 56.3181 58.0747 59.1096 58.4567 57.6794 57.2695 57.2411 57.0239 54.4569 49.9451 47.6773 47.6178 39.0821 34.4516 34.3632 37.57 39.7604 41.2246 -9999 -9999 -9999 -9999 52.0448 50.2833 46.3469 45.3217 50.8959 57.1953 54.9905 55.4944 56.4285 57.8119 59.1506 52.6582 52.5867 56.4435 58.904 58.8054 58.187 57.1034 53.0952 47.4069 50.4839 53.5858 55.8492 57.2122 57.1495 53.2491 45.3957 46.8158 50.7116 49.3515 52.4521
63.028 57.7051 59.9378 63.7229 62.1743 59.772 61.5692 62.6605 62.0681 58.3073 55.3746 55.1262 55.5203 58.2863 59.4344 59.3706 58.2357 58.3039 60.3001 59.2405 57.6867 59.0167 57.7607 58.3685 58.2565 56.2436 49.7255 39.7713 34.7734 42.0194 42.781 34.1908 36.0718 38.3201 39.708 -9999 -9999 -9999 -9999 55.048 53.7281 49.7633 44.8492 47.2838 54.6276 56.4396 55.7257 55.375 56.1628 59.5266 57.971 58.2835 57.7644 59.4327 59.0936 57.8948 52.5147 48.2888 49.9086 50.827 52.3672 55.5299 57.4827 57.8384 53.9231 46.976 46.946 51.6889 51.0243 54.4988
62.7988 57.9908 61.7337 64.3228 62.1076 62.9128 62.7456 60.9994 59.0223 55.6621 55.2581 55.6612 57.8638 58.3908 59.6818 59.8308 58.6996 59.0042 59.238 58.3355 57.7694 60.0288 58.3433 58.4054 59.0416 51.8126 37.0375 -9999 -9999 33.7565 36.1865 33.6163 35.757 37.7363 38.9958 -9999 -9999 -9999 -9999 -9999 55.5177 54.198 -9999 45.9426 49.1523 50.1195 53.0319 58.8804 58.8597 60.4556 60.6501 59.5474 58.0435 59.7819 57.9609 54.4748 51.1305 50.0334 55.6874 55.8695 56.0555 57.7203 58.1579 58.3221 54.3669 50.6775 47.971 53.8782 51.0467 53.4522
61.5685 58.9797 63.7768 64.0268 63.036 62.5094 62.2509 62.0279 58.2818 55.9753 55.884 56.4113 56.9002 59.5715 61.1066 59.688 58.4945 60.3528 58.9604 57.8513 58.5967 61.1614 59.3258 58.763 59.0931 44.8718 -9999 37.0973 42.3994 40.5191 -9999 -9999 -9999 -9999 -9999 -9999 -9999 -9999 -9999 -9999 -9999 -9999 -9999 -9999 -9999 46.4788 50.9544 59.0006 60.6346 60.9578 61.4825 60.2001 59.732 60.5657 59.1636 55.7529 53.9218 50.1593 53.9735 58.2973 57.8754 58.2133 59.4629 57.8334 53.6614 51.2005 47.5626 54.0445 52.2182 53.056
60.1342 61.8757 65.1403 63.995 62.4815 62.3607 63.9089 61.4226 56.2682 55.8377 56.3222 56.0577 57.2654 61.1861 60.7146 58.4125 59.778 61.5494 58.8703 57.8515 58.651 59.6009 58.3897 58.4957 58.9632 40.885 36.9582 40.5916 49.7446 44.3646 -9999 -9999 -9999 -9999 -9999 -9999 -9999 -9999 -9999 -9999 -9999 -9999 -9999 -9999 -9999 -9999 49.9825 54.1019 60.0746 61.5564 61.7305 60.9581 60.7674 61.4145 60.4717 59.0812 56.4137 50.5013 54.2479 59.3286 59.1592 59.6841 59.0508 56.5223 53.0913 50.6708 48.4124 54.7214 58.0636 58.398
58.7664 63.0254 64.9267 64.2849 62.5687 63.7733 62.0759 57.6697 57.1549 59.1157 57.1058 56.7691 59.551 61.3082 60.338 58.7278 60.1921 61.34 59.1525 58.3333 61.3351 62.4389 59.5273 53.579 52.9995 56.4045 46.0827 46.4485 51.6963 43.1898 -9999 -9999 -9999 -9999 -9999 -9999 -9999 -9999 -9999 -9999 -9999 -9999 -9999 -9999 -9999 50.2095 51.1455 53.4701 58.2839 61.3983 61.9156 61.2018 61.3317 61.6873 60.7925 59.3887 52.0928 52.8027 58.3039 60.8345 59.937 60.4341 56.299 51.3809 48.384 48.0755 49.9889 58.513 60.4443 60.5056
61.385 64.9703 64.686 65.1262 63.2667 61.9607 58.9367 56.4839 60.6141 62.4671 58.5278 59.3646 61.5652 61.9466 60.3312 58.919 58.0387 61.1574 60.7595 60.207 60.7338 59.2261 58.3273 49.4351 47.4304 57.9104 46.901 48.7054 43.9334 38.259 -9999 -9999 -9999 -9999 -9999 -9999 -9999 -9999 -9999 -9999 -9999 -9999 -9999 -9999 -9999 49.9494 51.6284 53.71 57.4221 61.4438 62.127 61.9501 61.9875 61.9839 61.0616 54.6816 50.0529 53.429 58.8057 60.862 60.3791 60.8396 57.1916 48.2348 48.7367 48.5568 53.1648 59.6856 61.3351 61.6581
65.0105 65.8083 65.6792 64.4762 63.0055 61.7826 58.4029 56.0704 62.2277 61.618 58.1094 60.0809 61.482 61.8991 60.2982 58.2669 57.0288 60.5465 61.9531 60.1012 54.3517 50.2846 53.8612 48.7683 47.2105 48.09 47.0902 42.1351 35.0321 -9999 -9999 -9999 -9999 -9999 -9999 -9999 -9999 -9999 -9999 -9999 -9999 -9999 -9999 -9999 -9999 -9999 52.0607 53.6883 56.5652 58.826 61.8741 62.8619 62.7994 61.8552 56.0537 52.0962 54.4319 54.9774 58.7316 60.2774 61.3317 60.6788 55.3074 48.2125 51.8106 52.1261 54.1894 60.2465 61.7074 61.9163
65.9311 66.1697 65.8661 62.9682 59.0705 56.4273 56.1144 57.7243 63.9208 59.7189 57.3019 58.1964 61.604 61.9446 62.3632 60.0322 57.939 59.6376 60.2057 57.6419 51.5658 53.1791 52.402 50.5565 54.3805 49.4825 45.7639 46.0097 37.1906 -9999 -9999 -9999 -9999 -9999 -9999 -9999 -9999 -9999 -9999 -9999 -9999 -9999 -9999 -9999 -9999 -9999 -9999 -9999 56.6495 56.809 60.336 63.5733 63.3663 62.6857 57.0993 55.2772 58.6434 60.189 61.1075 61.134 61.7128 59.771 50.1293 48.5488 50.7318 54.8451 59.2249 60.9805 62.276 62.454
66.5779 66.5519 64.3773 59.5013 57.5318 58.0123 57.6587 61.2693 64.6598 58.7568 57.1347 59.2587 61.2322 60.9698 62.2236 59.7146 57.649 59.892 60.7724 54.3103 51.9951 53.6817 55.629 57.7044 56.0249 55.5659 55.4615 51.5207 37.1312 -9999 -9999 -9999 -9999 -9999 -9999 -9999 -9999 -9999 -9999 -9999 -9999 -9999 -9999 -9999 -9999 -9999 -9999 -9999 -9999 56.8227 61.4028 64.3329 64.1131 63.3842 59.4235 60.2919 59.8257 60.6807 60.8751 62.5465 62.0792 58.7355 49.1433 50.5067 51.2849 52.5543 58.9555 58.3457 60.3529 62.9054
66.8637 64.5677 59.7725 57.7724 58.8462 58.7732 59.3197 63.0208 64.4496 58.5661 57.2885 59.6355 61.1522 60.3445 60.0226 57.9998 57.4458 54.9689 56.1506 52.0454 52.4063 55.3215 55.8779 56.1151 56.1912 56.1911 56.2196 51.9512 40.9841 36.2857 -9999 -9999 -9999 -9999 -9999 -9999 -9999 -9999 -9999 -9999 -9999 -9999 -9999 -9999 -9999 -9999 -9999 -9999 56.0081 57.0693 60.8765 64.565 64.9141 63.6387 60.514 62.0321 62.307 61.3323 62.0533 63.1764 62.8402 59.7383 49.8076 50.9659 54.2527 54.5728 52.6036 52.6022 55.5659 62.2482
67.5286 64.7487 59.8557 60.9792 59.8738 58.2738 59.5446 63.5176 64.3711 59.0893 57.5321 61.1484 63.0069 61.4408 59.3448 57.5343 58.2305 54.5752 52.684 52.1003 54.3162 57.6532 56.0237 57.1281 57.2229 57.176 56.7134 54.0287 46.1288 38.7123 -9999 -9999 -9999 -9999 -9999 -9999 -9999 -9999 -9999 -9999 -9999 -9999 -9999 -9999 -9999 -9999 -9999 -9999 -9999 57.8428 61.6238 64.7868 64.9922 63.8946 63.009 63.5386 62.98 62.8251 63.8009 64.0815 63.5372 56.7341 49.3241 51.5664 55.7354 60.1978 56.8943 52.9572 55.313 59.4526
67.215 65.5309 61.1968 64.1439 60.3763 59.0429 63.5296 64.423 61.0282 57.8279 58.412 63.7503 62.986 60.0617 59.0845 58.023 58.9824 59.263 52.6166 57.6814 59.1246 58.5458 57.6593 60.5543 56.6044 47.6462 47.5735 46.3306 44.3911 39.6256 -9999 -9999 -9999 -9999 -9999 -9999 -9999 -9999 -9999 -9999 -9999 -9999 -9999 -9999 -9999 -9999 -9999 -9999 -9999 58.699 61.4103 64.7984 65.0614 64.4475 64.2762 63.6334 64.3821 64.9808 64.7477 64.3146 63.1898 60.6106 51.0927 50.9524 56.716 61.1254 61.3773 57.4287 53.1257 53.9542
65.5736 60.5571 61.9587 64.0104 60.6986 63.1553 65.5432 63.3854 58.5968 57.3157 60.0419 63.6247 61.6372 61.497 60.9064 59.4449 59.8084 55.2053 54.6325 61.5543 63.4951 59.7983 57.8513 59.0678 52.6061 40.6685 -9999 -9999 -9999 -9999 -9999 -9999 -9999 -9999 -9999 -9999 -9999 -9999 -9999 -9999 -9999 -9999 -9999 -9999 -9999 -9999 -9999 -9999 -9999 -9999 -9999 65.0489 64.9416 62.6272 65.8642 65.8951 65.0552 64.4451 63.3526 61.3269 60.8837 59.7289 51.598 50.5327 53.5394 57.7573 61.9318 59.4583 55.6687 55.014
64.5018 62.5997 65.5087 61.7909 60.9046 66.2765 65.0704 65.5703 64.424 59.3094 60.7297 61.7886 62.9364 62.7338 60.4748 60.5897 62.2746 56.8163 56.4135 60.0382 62.3612 60.5074 56.9852 57.222 54.9053 47.5513 -9999 -9999 -9999 -9999 -9999 -9999 -9999 -9999 -9999 -9999 -9999 -9999 -9999 -9999 -9999 -9999 -9999 -9999 -9999 -9999 -9999 -9999 -9999 -9999 -9999 -9999 -9999 66.6024 66.1968 65.277 64.3696 63.1695 59.9947 57.1741 56.8975 57.8182 53.4661 51.5565 49.6865 53.8253 60.1605 59.3805 56.8529 55.0151
62.174 66.2399 65.3339 60.7639 62.7938 66.2135 64.7529 65.8144 62.2866 59.5384 60.6324 60.7031 61.1051 59.3162 57.5216 60.266 63.5418 55.6728 56.1442 60.4956 61.008 62.0193 60.7942 57.543 53.8204 49.4799 -9999 -9999 -9999 -9999 -9999 -9999 -9999 -9999 -9999 -9999 -9999 -9999 -9999 -9999 -9999 -9999 -9999 -9999 -9999 -9999 -9999 -9999 -9999 -9999 -9999 -9999 -9999 67.0486 66.3705 65.2998 64.4975 63.9847 62.2887 59.7664 58.4294 56.5341 56.4571 -9999 -9999 50.5256 54.1567 60.2525 59.9011 58.0826
65.3565 68.0957 63.3005 61.7646 66.824 66.8747 65.5508 62.0327 59.7503 61.8216 62.2753 59.1953 57.1678 57.9978 59.1578 55.6866 57.1851 56.2569 57.1575 59.9378 61.9435 63.0659 61.2389 57.4151 54.7526 54.1435 -9999 -9999 -9999 -9999 -9999 -9999 -9999 -9999 -9999 -9999 -9999 -9999 -9999 -9999 -9999 -9999 -9999 -9999 -9999 -9999 -9999 -9999 -9999 -9999 -9999 -9999 -9999 67.3045 66.2694 65.5469 64.7617 63.394 61.7395 58.6367 57.2897 -9999 -9999 -9999 -9999 -9999 50.5866 53.9338 60.0404 57.7165
68.8476 66.6991 62.9763 64.1474 67.9725 68.1084 63.2123 59.4923 62.9147 66.1484 63.8966 58.5265 58.089 58.9622 60.5915 56.3682 55.3314 58.9963 60.1852 62.4724 67.145 -9999 -9999 -9999 -9999 -9999 -9999 -9999 -9999 -9999 -9999 -9999 -9999 -9999 -9999 -9999 -9999 -9999 -9999 -9999 -9999 -9999 -9999 -9999 -9999 -9999 -9999 -9999 -9999 -9999 -9999 -9999 -9999 67.5786 66.7415 65.8149 60.1718 58.2518 57.4499 56.5059 -9999 -9999 -9999 -9999 -9999 -9999 -9999 51.7913 59.789 59.3492
69.1379 63.5165 61.5717 63.8038 64.8301 -9999 -9999 -9999 -9999 -9999 -9999 -9999 -9999 -9999 -9999 -9999 -9999 -9999 -9999 -9999 -9999 -9999 -9999 -9999 -9999 -9999 -9999 -9999 -9999 -9999 -9999 -9999 -9999 -9999 -9999 -9999 -9999 -9999 -9999 -9999 -9999 -9999 -9999 -9999 -9999 -9999 -9999 -9999 -9999 -9999 -9999 -9999 -9999 -9999 67.0077 62.1088 58.157 -9999 -9999 -9999 -9999 -9999 -9999 -9999 -9999 -9999 52.0242 53.5933 60.5117 62.3118
68.9026 62.2447 62.0474 62.6943 -9999 -9999 -9999 -9999 -9999 -9999 -9999 -9999 -9999 -9999 -9999 -9999 -9999 -9999 -9999 -9999 -9999 -9999 -9999 -9999 -9999 -9999 -9999 -9999 -9999 -9999 -9999 -9999 -9999 -9999 -9999 -9999 -9999 -9999 -9999 -9999 -9999 -9999 -9999 -9999 -9999 -9999 -9999 -9999 -9999 -9999 -9999 -9999 -9999 -9999 -9999 -9999 -9999 -9999 -9999 -9999 -9999 -9999 -9999 -9999 -9999 53.0496 55.3499 57.6489 60.3079 64.0153
68.6041 62.6066 62.4875 63.0034 -9999 -9999 -9999 -9999 -9999 -9999 -9999 -9999 -9999 -9999 -9999 -9999 -9999 -9999 -9999 -9999 -9999 -9999 -9999 -9999 -9999 -9999 -9999 -9999 -9999 -9999 -9999 -9999 -9999 -9999 -9999 -9999 -9999 -9999 -9999 -9999 -9999 -9999 -9999 -9999 -9999 -9999 -9999 -9999 -9999 -9999 -9999 -9999 -9999 -9999 -9999 -9999 -9999 -9999 -9999 -9999 -9999 -9999 -9999 -9999 -9999 55.1091 59.4888 62.9827 61.6617 62.4352
67.0839 63.2037 63.3092 63.4874 -9999 -9999 -9999 -9999 -9999 -9999 -9999 -9999 -9999 -9999 -9999 -9999 -9999 -9999 -9999 -9999 -9999 -9999 -9999 -9999 -9999 -9999 -9999 -9999 -9999 -9999 -9999 -9999 -9999 -9999 -9999 -9999 -9999 -9999 -9999 -9999 -9999 -9999 -9999 -9999 -9999 -9999 -9999 -9999 -9999 -9999 -9999 -9999 -9999 -9999 -9999 -9999 -9999 -9999 -9999 -9999 -9999 -9999 -9999 -9999 -9999 55.9556 58.941 61.8077 63.4717 65.0865
