test/DeltaShell.Plugins.DelftModels.HydroModel.Tests/test-data/AcceptanceModels/SOBEK2/DarEsSalaam/FIXED/dardtm2019_20m_sobekv0.asc
ncols         707
nrows         506
xllcorner     517520.00012207
yllcorner     9239740.0001221
cellsize      20
NODATA_value  -9999
[rows 170 to 203 of 506, columns 380 to 455 of 707]
27.429 26.678 27.36 28.342 28.479 27.98 27.095 25.957 26.444 28.072 28.54 28.291 28.075 28.046 27.659 27.238 26.954 25.604 23.787 23.108 22.025 20.916 20.762 20.584 20.279 20.092 19.71 19.679 19.897 19.782 19.798 19.723 19.371 19.13 18.853 18.349 17.651 18.174 20.243 24.476 26.039 26.536 26.64 26.714 26.78 26.771 26.813 26.528 26.777 26.765 26.688 26.371 25.494 24.47 22.955 20.666 18.841 18.403 18.222 17.924 17.989 19.135 20.937 21.485 19.646 17.868 16.926 16.431 16.106 15.692 15.552 15.54014 15.41266 15.3562 15.314 15.051
26.119 25.928 25.922 26.921 27.75 28.19 28.13 27.792 27.767 28.23 28.284 28.446 28.58 28.434 27.659 26.661 25.911 25.214 23.853 21.998 20.916 20.773 20.773 20.748 20.462 20.175 19.783 19.766 19.702 19.455 19.456 19.671 19.508 19.249 18.855 18.365 17.749 17.611 19.572 22.32 24.566 25.436 25.528 26.102 26.616 26.358 25.85 26.389 26.439 26.187 25.887 25.447 24.823 23.762 22.163 19.916 18.404 18.145 17.751 17.303 17.144 17.212 17.667 17.948 17.839 17.262 16.636 16.344 16.191 15.63512 15.4128 15.46784 15.416 15.289 15.204 15.074
25.029 25.225 25.186 25.389 26.563 27.876 27.866 27.565 27.558 27.673 27.961 28.277 28.271 27.755 27.472 25.257 23.793 23.667 22.597 21.28 20.725 20.633 20.844 20.854 20.498 20.25304 19.93031 19.96568 19.957 19.665 19.594 19.58 19.508 19.223 18.835 18.396 17.895 17.453 18.448 19.598 22.008 22.727 22.664 24.002 25.688 25.298 24.455 25.419 25.548 25.219 24.787 24.405 24.014 23.157 22.034 20.691 19.4 18.499 17.614 17.153 16.925 16.946 17.103 17.181 17.137 16.865 16.582 16.6 16.6 15.70967 15.42418 15.4455 15.45 15.269 15.182 15.092
24.644 24.472 24.234 24.638 25.695 26.811 27.299 26.872 26.202 27.092 27.5 27.659 27.567 26.981 26.031 23.942 22.3 22.186 21.605 21.18 20.608 20.496 20.85883 20.64346 20.07663 19.98555 19.79511 19.79843 20.17873 20.03747 19.647 19.409 19.24 19.004 18.808 18.431 18.027 17.549 17.497 18.628 19.606 20.536 20.862 22.322 23.927 22.499 22.094 24.378 24.956 24.333 23.673 23.258 22.929 22.763 22.297 21.547 20.401 18.684 17.465 16.907 16.6509 16.68517 16.51135 16.59 16.603 16.599 16.58 16.53878 16.6 16.6 15.566 15.451 15.417 15.348 15.26 15.104
24.312 24.273 24.101 24.255 24.469 24.978 25.63 25.097 24.867 26.445 27.036 26.061 25.283 24.089 23.455 22.192 21.568 21.263 21.228 20.966 20.53147 20.42503 20.6125 20.03081 19.717 19.644 19.563 19.489 19.597 20.45603 20.222 19.233 18.945 18.776 18.691 18.459 18.153 17.836 17.321 17.588 18.6 18.74 19.644 21.286 23.064 20.425 20.487 22.229 24.527 23.117 22.029 21.617 21.736 22.222 22.057 20.9 19.396 17.734 16.86403 16.45217 16.5767 16.904 16.41899 16.17 16.31685 16.389 16.35146 16.33019 16.304 16.6 15.764 15.587 15.422 15.179 15.247 15.273
23.911 23.778 23.469 23.055 23.167 23.46 23.585 23.473 23.731 24.868 26.176 25.221 24.017 22.688 21.835 21.385 20.895 20.966 21.15 20.64638 20.24708 20.01493 19.847 19.814 19.692 19.439 19.356 19.308 19.294 19.191 19.98098 19.75781 18.816 18.696 18.676 18.522 18.399 18.296 18.204 17.9047 18.27926 18.39 18.646 18.758 19.601 18.681 19.081 20.705 23.194 21.145 19.785 19.67 19.444 19.163 19.061 18.392 17.55128 17.3595 16.79092 16.553 16.458 16.657 16.496 16.1786 16.17384 16.1694 16.204 16.36496 16.629 16.491 16.912 15.85 15.696 15.574 15.502 15.639
23.642 23.503 23.162 22.625 22.158 22.628 22.428 22.813 23.075 23.142 23.602 24.718 23.967 22.294 21.376 21.016 20.818 20.7762 20.68509 20.38338 20.216 20.104 19.993 19.952 19.834 19.667 19.492 19.314 19.274 19.204 19.317 19.50157 19.15913 18.83214 18.763 18.708 19.07853 19.11766 18.94795 18.83709 18.19635 18.033 18.059 17.783 17.343 17.43006 17.661 18.547 18.506 18.946 18.237 18.274 18.234 17.922 17.524 17.13945 17.24652 17.39895 17.092 16.762 16.526 16.502 16.407 16.171 16.111 16.093 16.171 16.306 16.399 16.35 16.59 16.827 16.444 16.265 16.526 16.777
23.50874 23.57491 23.22683 22.77924 21.87185 21.93712 21.651 21.879 21.86619 21.641 21.799 22.354 21.982 21.055 20.423 20.68371 20.81914 20.73102 20.47 20.386 20.372 20.242 20.126 20.085 19.94 19.803 19.632 19.275 19.215 19.289 19.508 19.304 19.16245 19.01134 18.8789 18.93688 19.04562 18.93283 18.876 18.658 18.23484 17.89744 17.741 17.52908 17.28967 17.19866 17.28271 17.40489 17.09934 17.3 17.41659 17.69678 17.61619 17.31172 17.11634 16.925 16.9387 17.03 16.876 16.782 16.424 16.313 16.343 16.22 16.154 16.199 16.304 16.351 16.19 16.265 16.642 16.822 17.155 18.129 19.414 21.283
23.77634 23.59928 23.26207 22.78448 22.21848 21.99364 21.88015 21.88329 21.80233 21.51612 21.0965 21.26467 20.98985 20.639 20.468 20.65188 20.809 20.737 20.49 20.498 20.571 20.45 20.29 20.181 20.021 19.83 19.708 19.316 19.198 19.104 19.19 19.169 19.244 19.232 18.77315 18.85441 18.924 18.734 18.62 18.417 18.341 18.12342 17.88385 17.71981 17.447 17.24903 17.248 17.3641 17.31321 17.44545 17.58895 17.53555 17.50211 17.23952 17.437 17.075 16.904 16.851 16.761 16.722 16.357 16.249 16.359 16.338 16.277 16.311 16.472 16.567 16.403 16.563 17.01 19.995 22.298 22.081 22.333 22.188
24.02934 23.59414 23.31912 22.93568 22.53755 22.25209 22.29561 22.24547 22.22728 21.87457 20.99149 21.03174 21.11884 21.0062 21.0731 21.06574 20.938 20.843 20.743 20.755 20.664 20.569 20.451 20.265 20.093 19.904 19.775 19.558 19.333 19.114 19.099 19.083 19.095 19.107 18.852 18.654 18.528 18.426 18.392 18.348 18.26 18.19 18.021 17.854 17.519 17.327 17.382 17.443 17.50247 17.53583 17.627 17.648 17.654 17.31 17.198 17.005 16.834 16.748 16.655 16.662 16.496 16.428 16.429 16.453 16.328 16.331 16.595 16.943 16.92 17.308 19.246 23.802 23.815 23.687 23.54 22.965
24.062 23.718 23.445 23.22684 23.048 22.544 22.66 22.607 22.541 22.157 21.678 21.657 21.67 21.636 21.561 21.514 21.366 21.052 20.896 20.829 20.758 20.69 20.516 20.324 20.145 19.953 19.85 19.687 19.517 19.176 19.076 19.047 18.996 18.936 18.834 18.669 18.459 18.416 18.432 18.464 18.327 18.229 18.091 17.899 17.653 17.446 17.438 17.416 17.381 17.229 17.206 17.321 17.406 17.371 17.175 16.994 16.846 16.755 16.683 16.764 16.601 16.544 16.491 16.468 16.46 16.627 17.049 17.471 17.527 18.22 22.057 24.673 24.656 24.576 24.352 23.944
24.012 23.644 23.498 23.182 22.948 22.644 22.664 22.542 22.19 21.681 21.661 21.639 21.551 21.513 21.585 21.498 21.386 21.139 20.979 20.89 20.808 20.75 20.598 20.392 20.234 20.018 19.922 19.772 19.532 19.212 19.099 19.021 18.922 18.85 18.788 18.712 18.646 18.606 18.618 18.505 18.429 18.289 18.129 17.971 17.802 17.653 17.652 17.476 17.364 17.228 17.364 17.314 17.281 17.286 17.163 17.051 16.957 16.879 16.801 16.842 16.762 16.815 16.872 16.815 16.899 17.238 18.076 18.276 18.542 20.446 24.236 24.786 24.789 24.784 24.485 24.27
23.872 23.589 23.347 23.015 22.788 22.49 22.385 22.363 22.225 21.861 21.638 21.438 21.269 21.357 21.505 21.456 21.307 21.148 20.98 20.906 20.853 20.81 20.618 20.499 20.261 20.078 19.927 19.771 19.512 19.291 19.18 19.075 18.907 18.776 18.762 18.746 18.703 18.651 18.63 18.78 18.825 18.31 18.165 18.034 17.903 17.786 17.627 17.511 17.582 17.396 17.235 17.248 17.23 17.236 17.171 17.121 17.068 17.003 16.953 16.957 17 17.096 17.269 17.423 18.006 19.61 21.76 20.864 20.047 23.73 24.775 24.816 24.668 24.583 24.454 24.051
23.75 23.516 23.207 22.957 22.829 22.788 22.721 22.475 22.161 21.857 21.624 21.393 21.261 21.281 21.393 21.312 21.215 21.117 20.948 20.897 20.877 20.805 20.676 20.528 20.321 20.143 19.968 19.828 19.642 19.456 19.383 19.141 18.875 18.712 18.686 18.696 18.632 18.622 18.522 18.524 18.539 18.32 18.223 18.098 17.985 17.908 17.719 17.592 17.532 17.409 17.202 17.25 17.247 17.243 17.2 17.216 17.217 17.165 17.104 17.103 17.179 17.342 17.517 18.111 18.901 21.972 22.971 22.598 24.075 24.984 25.054 24.813 24.305 23.609 23.224 23.288
23.989 23.541 23.154 22.842 22.684 22.611 22.654 22.458 22.131 21.834 21.575 21.437 21.364 21.331 21.402 21.332 21.191 21.07 20.924 20.825 20.799 20.761 20.703 20.587 20.399 20.246 20.01 19.847 19.669 19.45 19.389 19.159 18.911 18.767 18.696 18.669 18.604 18.6 18.478 18.429 18.419 18.278 18.222 18.12 18.034 17.934 17.754 17.585 17.52 17.413 17.469 17.376 17.299 17.312 17.314 17.428 17.578 17.414 17.306 17.233 17.28 17.52 18.946 21.388 22.671 23.721 24.7 25.553 25.544 25.193 25.027 24.672 23.713 22.819 21.849 21.239
24.182 23.611 23.046 22.72 22.529 22.436 22.463 22.238 22.005 21.766 21.501 21.377 21.38 21.363 21.484 21.446 21.247 21.103 20.912 20.779 20.727 20.726 20.614 20.524 20.363 20.217 19.993 19.841 19.719 19.579 19.4 19.224 18.965 18.837 18.749 18.713 18.664 18.612 18.462 18.425 18.439 18.39 18.31 18.241 18.17 18.069 17.858 17.536 17.414 17.354 17.441 17.364 17.346 17.386 17.607 17.813 17.728 17.657 17.84 17.683 17.444 17.729 19.085 22.263 24.282 24.79 25.507 25.651 25.65 25.311 24.915 24.51 23.666 22.747 21.971 20.87
24.67 23.873 23.252 22.811 22.517 22.358 22.296 21.942 21.773 21.617 21.479 21.317 21.342 21.387 21.646 21.604 21.383 21.234 20.99 20.858 20.756 20.732 20.607 20.541 20.346 20.236 19.958 19.818 19.725 19.659 19.484 19.274 19.012 18.79 18.774 18.77 18.755 18.646 18.534 18.657 18.664 18.683 18.91 19.32 19.145 18.506 18.158 17.652 17.3 17.221 17.303 17.267 17.281 17.547 17.948 18.294 18.239 18.577 19.186 19.11 18.272 18.396 19.313 22.617 24.992 25.568 25.673 25.787 25.475 25.262 25.047 24.36 23.593 23.659 22.702 21.25
24.549 24.173 23.624 23.201 22.587 22.187 21.812 21.634 21.583 21.531 21.453 21.212 21.368 21.651 21.825 21.751 21.426 21.251 20.974 20.812 20.678 20.412 20.292 20.38 20.198 19.617 19.77 19.722 19.698 19.596 19.568 19.46 19.084 18.901 18.85 18.829 18.777 18.711 18.736 18.715 18.652 19.022 19.456 20.246 20.324 19.675 19.33 17.799 17.162 17.06 17.071 17.177 17.326 17.738 18.298 19.945 20.528 21.961 23.394 21.422 18.98 18.623 19.451 22.754 25.393 25.705 25.719 25.539 25.269 25.223 25.191 24.358 23.593 23.222 22.241 21.13
24.201 24.294 23.863 23.438 22.972 22.316 21.857 21.538 21.31 21.538 21.529 21.726 21.708 21.703 21.69 21.725 21.631 21.45 20.864 20.62382 20.499 20.41245 20.18226 20.0824 19.781 19.59145 19.636 19.55 19.481 19.395 19.346 19.384 19.061 18.905 18.826 18.808 18.798 18.781 18.74 18.645 18.737 19.247 19.694 20.337 19.52 19.018 18.664 17.762 16.935 16.758 16.798 16.983 17.291 17.813 18.608 20.715 22.367 24.14 24.259 22.991 19.532 19.144 19.992 23.441 25.404 25.496 25.635 25.587 25.362 25.022 24.591 23.737 22.925 22.008 21.591 20.882
24.011 24.127 23.93 23.721 23.395 22.574 22.022 21.516 21.294 21.32 21.532 21.851 21.664 21.44795 21.54531 21.6379 21.58991 21.27612 20.85841 20.6755 20.46385 20.53516 20.59727 20.17513 19.94113 19.57447 19.55987 19.477 19.376 19.117 18.791 18.88945 18.27194 18.42717 18.686 18.799 18.87 18.798 18.773 18.648 18.784 19.361 19.574 19.4 18.509 17.941 17.726 17.599 16.68 16.434 16.518 16.942 17.229 17.798 18.408 20.023 21.697 23.967 24.787 24.276 21.173 20.601 22.585 24.757 25.405 25.375 25.517 25.523 25.364 24.785 23.744 23.039 22.204 21.779 21.548 21.882
23.71 23.856 23.816 23.79 23.774 23.029 22.257 21.745 21.526 21.58616 22.17059 22.82354 22.71546 22.61581 22.3276 22.14998 21.8855 21.48984 21.14029 20.99 20.752 21.01 22.233 22.105 21.567 20.609 19.47999 19.33834 19.17392 18.90356 19.34006 19.33456 19.09558 18.68885 18.57175 18.653 18.811 18.735 18.729 18.433 18.382 18.48 18.388 18.15098 17.85807 17.67745 17.38437 17.21658 16.77179 16.61707 16.93903 17.268 17.272 17.636 18.22 19.097 20.937 22.199 24.781 24.799 23.555 23.373 24.316 25.117 25.496 25.623 25.466 25.508 25.382 24.498 23.544 23.04 22.279 21.965 22.105 23.129
23.372 23.579 23.594 23.565 23.537 23.559 22.74672 21.9304 22.46822 23.28269 24.66341 25.092 24.874 24.604 24.526 24.489 24.248 23.361 22.515 22.22 22.019 24.164 24.249 23.986 23.092 21.986 20.925 20.133 19.60633 20.58756 21.898 21.677 21.192 20.867 19.482 18.47122 18.02514 18.264 18.477 18.004 17.925 17.563 17.35445 17.72839 17.802 17.72 17.414 17.263 17.331 17.38362 17.22884 17.18778 16.88033 17.238 17.787 18.279 18.744 20.008 21.906 24.641 24.947 25.056 24.697 25.08 25.683 25.865 25.74 25.435 25.015 24.386 23.49 23.278 23.125 22.865 23.272 23.924
22.989 23.13993 23.47494 23.43474 23.43686 23.72193 23.70735 23.72011 24.39474 25.024 25.567 25.941 25.972 25.837 25.64 25.698 25.598 25.425 25.852 26.327 26.22 25.884 25.377 25.154 25.077 24.022 23.031 22.025 21.209 22.024 22.757 21.177 20.05 19.94 19.878 19.248 17.23595 17.76437 17.60514 17.26183 17.084 16.986 17.21758 17.603 17.878 17.91 17.658 17.585 17.683 17.689 17.38 16.91992 16.43872 16.298 17.309 17.847 18.367 19.096 20.272 23.877 24.869 24.593 25.165 25.638 25.692 25.667 25.571 25.172 24.735 24.122 23.447 23.586 23.583 23.735 24.226 24.605
22.29439 22.5613 23.07032 24.22252 23.76136 24.079 24.356 24.451 24.896 25.958 26.224 26.285 26.304 26.285 26.157 26.192 26.325 26.008 26.201 26.271 26.19 25.994 25.789 25.717 25.674 25.509 24.873 24.123 22.921 22.673 21.588 20.139 19.312 18.906 18.715 18.36 17.929 17.983 17.73464 17.3286 17.28213 17.68503 17.948 17.966 18.125 18.197 18.001 17.965 18.046 18.045 17.953 17.563 17.04902 16.43943 16.73252 17.567 18.4 19.23 20.062 21.857 23.302 25.485 26.038 26.297 25.869 25.666 25.453 25.038 24.299 23.803 23.804 23.971 24.201 24.441 24.617 24.744
22.434 22.506 24.552 28.375 28.15 26.405 24.546 24.709 24.552 25.381 25.961 26.162 26.411 26.445 26.483 26.404 26.706 26.4 26.4 26.377 26.21 26.056 25.9 25.799 25.662 25.494 25.251 24.059 22.784 21.975 20.045 19.23 18.75 18.186 17.744 18.132 18.348 18.294 18.148 18.011 17.903 18.402 18.763 18.475 18.602 18.67 18.632 18.483 18.573 18.573 18.673 18.907 17.849 17.05271 17.12882 17.84 18.732 19.425 20.048 21.149 24.982 25.676 26.022 25.924 25.714 25.554 25.268 24.794 24.394 24.07 24.247 24.504 24.978 25.144 25.055 25.013
22.997 23.499 25.715 28.765 29.925 30.296 30.001 24.721 24.878 24.689 25.399 25.779 26.105 26.24 26.493 26.378 26.411 26.424 26.452 26.315 26.201 26.048 25.901 25.713 25.494 25.252 24.922 21.936 21.051 19.424 18.97 18.746 18.311 17.801 18.035 18.363 18.448 18.555 18.564 18.544 18.688 19.379 19.966 19.894 19.253 19.657 19.755 19.254 19.234 19.109 19.253 19.489 18.359 17.4698 17.21599 18.187 18.777 19.396 20.169 22.475 24.173 25.093 25.711 25.659 25.156 24.421 24.247 24.201 24.118 24.394 24.702 24.989 25.304 25.586 25.37 25.368
23.692 23.969 25.212 28.137 29.51 30.336 30.958 30.464 24.938 25.009 24.983 25.431 25.849 26.472 26.646 26.535 26.505 26.397 26.402 26.418 26.276 26.058 25.858 25.647 25.478 25.092 24.65 20.91 19.376 18.919 18.182 18.147 18.302 18.546 18.785 18.727 18.697 18.917 19.243 19.505 19.922 20.631 22.587 23.729 24.84 25.902 23.214 20.532 20.21 19.969 19.832 19.407 18.745 17.73461 17.5457 18.407 18.737 19.177 19.822 21.59 23.703 24.144 24.388 23.501 22.128 21.695 22.695 23.063 23.218 24.241 24.94 25.268 25.44 25.653 25.595 25.566
-9999 -9999 -9999 -9999 -9999 -9999 -9999 -9999 -9999 -9999 -9999 -9999 -9999 -9999 -9999 -9999 -9999 -9999 -9999 -9999 26.369 26.043 25.816 25.596 25.379 24.943 24.377 20.75 19.154 18.537 18.465 18.934 19.51 19.696 19.712 19.275 19.275 19.468 20.757 25.191 26.888 26.874 26.976 26.937 26.836 26.958 25.525 22.795 21.912 21.928 21.831 20.795 18.82 17.45366 17.18442 18.035 18.126 18.144 18.86 20.167 21.115 22.273 22.029 20.324 19.384 18.923 18.861 20.029 22.364 24.177 24.834 25.387 25.745 25.751 25.74 25.797
-9999 -9999 -9999 -9999 -9999 -9999 -9999 -9999 -9999 -9999 -9999 -9999 -9999 -9999 -9999 -9999 -9999 -9999 -9999 -9999 -9999 -9999 -9999 -9999 25.044 24.526 24.01 20.449 19.277 18.529 19.171 20.414 23.376 23.377 23.106 21.526 20.136 21.048 28.191 29.121 29.612 29.641 29.479 28.26 27.945 27.911 26.522 24.886 24.21 23.349 22.041 19.963 18.363 17.20691 16.92006 17.34 17.435 17.299 17.423 18.365 18.366 19.043 19.119 17.953 17.128 17.024 16.892 17.615 19.574 23.589 24.295 24.471 25.314 25.519 25.644 25.845
-9999 -9999 -9999 -9999 -9999 -9999 -9999 -9999 -9999 -9999 -9999 -9999 -9999 -9999 -9999 -9999 -9999 -9999 -9999 -9999 -9999 -9999 -9999 -9999 -9999 -9999 -9999 -9999 -9999 18.611 19.748 24.421 25.099 25.196 25.169 25.092 24.661 27.797 29.445 30.012 30.471 30.368 30.122 29.574 28.966 28.708 27.313 25.703 25.113 24.289 23.042 21.441 20.302 17.62881 16.72567 16.519 16.735 16.713 16.744 16.867 16.878 17.072 17.068 16.531 16.203 16.151 16.172 16.548 17.41 20.554 22.325 23.917 24.924 23.911 23.601 23.71
-9999 -9999 -9999 -9999 -9999 -9999 -9999 -9999 -9999 -9999 -9999 -9999 -9999 -9999 -9999 -9999 -9999 -9999 -9999 -9999 -9999 -9999 -9999 -9999 -9999 -9999 -9999 -9999 -9999 -9999 -9999 -9999 -9999 25.989 26.807 27.393 28.021 28.824 29.721 30.33 30.73 30.734 30.648 30.24 29.221 28.448 27.144 26.389 26.451 26.228 24.418 22.184 20.408 18.718 16.50115 16.19424 16.361 16.385 16.195 16.494 16.097 15.846 15.42 15.383 15.348 15.57 15.672 15.652 16.23 16.776 19.336 22.467 23.927 21.565 19.194 19.516
-9999 -9999 -9999 -9999 -9999 -9999 -9999 -9999 -9999 -9999 -9999 -9999 -9999 -9999 -9999 -9999 -9999 -9999 -9999 -9999 -9999 -9999 -9999 -9999 -9999 -9999 -9999 -9999 -9999 -9999 -9999 -9999 -9999 -9999 -9999 -9999 -9999 -9999 -9999 -9999 -9999 30.814 30.706 30.1 29.268 28.141 27.434 26.873 26.542 25.963 24.193 22.055 19.755 17.443 16.20926 15.47136 15.299 15.597 15.684 15.172 14.289 14.43051 14.62161 14.81106 14.77399 15.047 15.312 15.536 15.815 15.993 16.877 19.991 21.243 18.811 17.162 16.584
-9999 -9999 -9999 -9999 -9999 -9999 -9999 -9999 -9999 -9999 -9999 -9999 -9999 -9999 -9999 -9999 -9999 -9999 -9999 -9999 -9999 -9999 -9999 -9999 -9999 -9999 -9999 -9999 -9999 -9999 -9999 -9999 -9999 -9999 -9999 -9999 -9999 -9999 -9999 -9999 -9999 -9999 -9999 -9999 29.181 28.338 27.967 27.571 26.934 24.906 21.887 19.729 17.391 16.563 16.177 14.65685 14.435 14.501 14.527 13.909 13.655 14.68034 15.04417 14.99775 14.3784 13.95706 14.206 14.86 15.225 15.54 16.14 19.53 19.738 17.667 15.951 15.664
-9999 -9999 -9999 -9999 -9999 -9999 -9999 -9999 -9999 -9999 -9999 -9999 -9999 -9999 -9999 -9999 -9999 -9999 -9999 -9999 -9999 -9999 -9999 -9999 -9999 -9999 -9999 -9999 -9999 -9999 -9999 -9999 -9999 -9999 -9999 -9999 -9999 -9999 -9999 -9999 -9999 -9999 -9999 -9999 29.545 29.202 28.718 26.645 23.156 20.473 18.904 18.089 17.393 16.789 16.028 14.61739 13.91482 13.888 13.911 14.27287 15.39055 15.753 15.641 15.431 15.205 14.05141 13.72708 14.08019 14.432 14.806 15.552 18.264 18.21 17.017 15.464 15.175
