test/DeltaShell.Plugins.DelftModels.HydroModel.Tests/test-data/AcceptanceModels/SOBEK2/DarEsSalaam/FIXED/dardtm2019_20m_sobekv0.asc
ncols         707
nrows         506
xllcorner     517520.00012207
yllcorner     9239740.0001221
cellsize      20
NODATA_value  -9999
[rows 272 to 305 of 506, columns 304 to 379 of 707]
-9999 -9999 -9999 -9999 -9999 -9999 -9999 -9999 -9999 -9999 -9999 -9999 -9999 -9999 -9999 -9999 -9999 -9999 -9999 -9999 -9999 -9999 -9999 -9999 -9999 -9999 -9999 -9999 -9999 -9999 -9999 -9999 -9999 -9999 -9999 -9999 -9999 36.359 36.225 36.081 35.848 35.296 34.899 34.023 31.403 29.324 27.754 27.672 28.609 30.126 29.185 26.096 24.633 24.219 24.103 23.896 23.849 23.818 23.76 23.608 23.472 23.324 23.242 23.284 23.19 23.204 23.08 22.887 22.754 22.772 22.702 22.55 22.633 22.577 22.378 22.656
-9999 -9999 -9999 -9999 -9999 -9999 -9999 -9999 -9999 -9999 -9999 -9999 -9999 -9999 -9999 -9999 -9999 -9999 -9999 -9999 -9999 -9999 -9999 -9999 -9999 -9999 -9999 -9999 -9999 -9999 -9999 -9999 -9999 -9999 -9999 36.735 36.765 36.538 36.23 35.934 35.601 34.882 32.995 31.941 30.244 28.162 26.964 27.011 28.536 30.129 29.289 26.096 24.434 24.126 24.027 23.943 23.857 23.858 23.755 23.634 23.406 23.436 23.301 23.217 23.13 23.318 23.186 22.889 22.637 22.662 22.809 22.723 22.76 22.7 22.572 22.583
-9999 -9999 -9999 -9999 -9999 -9999 -9999 -9999 -9999 -9999 -9999 -9999 -9999 -9999 -9999 -9999 -9999 -9999 -9999 -9999 -9999 -9999 -9999 -9999 -9999 -9999 -9999 -9999 -9999 -9999 -9999 -9999 36.98 36.999 36.944 36.772 36.761 36.667 36.369 35.82 35.181 33.579 30.442 29.569 28.761 27.267 26.253 26.44 28.201 29.468 28.192 25.448 24.291 24.128 24.051 24.019 23.928 23.884 23.78 23.609 23.724 23.584 23.402 23.365 23.285 23.442 23.157 22.98 22.76 22.804 22.866 22.919 22.891 22.793 22.682 22.592
-9999 -9999 -9999 -9999 -9999 -9999 -9999 -9999 -9999 -9999 -9999 -9999 -9999 -9999 -9999 -9999 -9999 -9999 -9999 -9999 -9999 -9999 -9999 -9999 -9999 -9999 -9999 -9999 -9999 36.793 36.878 37.068 37.219 37.208 37.192 37.13 37.011 36.871 36.609 35.806 34.337 31.528 29.734 28.532 27.89 26.901 25.852 25.805 27.191 28.599 26.796 24.901 24.328 24.116 24.076 24.136 24.102 23.966 23.886 23.823 23.814 23.804 23.684 23.716 23.624 23.433 23.249 23.064 22.873 22.883 23.028 23.039 22.979 22.853 22.695 22.582
-9999 -9999 -9999 -9999 -9999 -9999 -9999 -9999 -9999 -9999 -9999 -9999 -9999 -9999 -9999 -9999 -9999 -9999 -9999 -9999 -9999 -9999 -9999 -9999 -9999 -9999 36.582 36.617 36.757 36.873 36.984 37.102 37.393 37.559 37.712 37.54 37.139 36.9 36.6 35.753 33.959 32.07 30.233 29.144 28.562 27.411 26.222 25.853 26.594 27.191 25.706 24.919 24.61 24.195 24.108 24.272 24.231 24.094 24.016 23.971 23.908 23.831 23.76 23.719 23.555 23.331 23.307 23.201 23.044 23.136 23.283 23.292 23.18 22.94 22.71 22.527
-9999 -9999 -9999 -9999 -9999 -9999 -9999 -9999 -9999 -9999 -9999 -9999 -9999 -9999 -9999 -9999 -9999 -9999 -9999 -9999 -9999 -9999 -9999 -9999 -9999 36.79 36.716 36.667 36.773 36.852 36.973 37.151 37.437 37.476 37.37 37.293 37.065 36.828 36.546 35.446 33.922 32.589 31.994 31.628 31.9 28.956 26.399 25.974 25.719 25.908 25.432 24.768 24.636 24.334 24.214 24.241 24.199 24.141 24.095 24.093 23.981 23.865 23.693 23.488 23.442 23.374 23.381 23.207 23.128 23.224 23.493 23.673 23.326 22.925 22.739 22.629
-9999 -9999 -9999 -9999 -9999 -9999 -9999 -9999 -9999 -9999 -9999 -9999 -9999 -9999 -9999 -9999 -9999 -9999 -9999 -9999 -9999 -9999 -9999 -9999 36.916 36.914 36.81 36.696 36.754 36.847 36.932 37.359 36.918 36.904 37.045 37.021 36.933 36.797 36.677 35.472 33.833 33.012 32.925 33.842 32.857 29.888 27.628 26.178 25.744 25.566 25.124 24.722 24.621 24.458 24.374 24.286 24.158 24.159 24.108 24.088 24.041 23.927 23.751 23.583 23.586 23.505 23.433 23.241 23.215 23.197 23.312 23.59 23.309 22.693 22.468 22.53458
-9999 -9999 -9999 -9999 -9999 -9999 -9999 -9999 -9999 -9999 -9999 -9999 -9999 -9999 -9999 -9999 -9999 -9999 -9999 -9999 -9999 -9999 -9999 37.092 37.011 36.944 36.811 36.688 36.737 36.737 36.716 36.53 36.118 36.307 36.749 36.909 36.835 36.825 36.528 35.485 34.346 34.334 34.734 34.962 33.256 30.755 28.188 26.111 25.492 25.45 25.13 24.748 24.537 24.527 24.373 24.221 24.267 24.261 24.184 24.149 24.14 24.035 23.803 23.609 23.605 23.46 23.359 23.251 23.312 23.27 23.336 23.455 23.28185 22.314 22.07409 22.14447
-9999 -9999 -9999 -9999 -9999 -9999 -9999 -9999 -9999 -9999 -9999 -9999 -9999 -9999 -9999 -9999 -9999 -9999 -9999 -9999 -9999 -9999 37.37 37.395 37.189 37.037 36.878 36.776 36.727 36.65 36.402 35.668 34.91 35.395 36.256 36.754 36.703 36.501 36.157 35.793 35.354 35.157 35.487 35.416 33.092 30.673 28.251 26.01 25.646 25.597 25.142 24.866 24.677 24.553 24.529 24.458 24.578 24.415 24.397 24.337 24.346 24.123 23.847 23.597 23.638 23.35 23.178 23.141 23.181 23.257 23.311 23.35921 23.00793 22.29836 22.01979 22.06726
-9999 -9999 -9999 -9999 -9999 -9999 -9999 -9999 -9999 -9999 -9999 -9999 -9999 -9999 -9999 -9999 -9999 -9999 -9999 -9999 -9999 37.657 37.541 37.561 37.392 37.137 36.886 36.777 36.645 36.622 36.03 34.332 33.508 34.137 35.372 36.399 36.262 36.098 36.082 35.727 35.508 35.36 34.806 33.93 31.693 29.337 27.17 25.822 25.626 25.381 25.135 24.872 24.687 24.559 24.539 24.531 24.571 24.47 24.41 24.359 24.27 24.121 23.887 23.698 23.661 23.301 23.229 23.393 23.31813 23.26473 23.21525 23.09848 22.75941 22.32042 22.06411 22.392
-9999 -9999 -9999 -9999 -9999 -9999 -9999 -9999 -9999 -9999 -9999 -9999 -9999 -9999 -9999 -9999 -9999 -9999 -9999 -9999 37.841 37.783 37.775 37.683 37.422 37.147 36.904 36.83 36.648 36.731 35.929 33.37 32.286 32.655 34.047 35.163 35.3 35.167 35.083 34.883 34.335 33.539 32.951 31.817 29.554 26.981 26.349 25.782 25.549 25.414 25.195 24.947 24.655 24.541 24.536 24.478 24.396 24.568 24.621 24.474 24.218 24.085 23.896 23.782 23.815 23.609 23.20851 23.07084 23.0162 23.02259 22.93863 22.78153 22.612 22.53589 22.617 23.01
-9999 -9999 -9999 -9999 -9999 -9999 -9999 -9999 -9999 -9999 -9999 -9999 -9999 -9999 -9999 -9999 -9999 -9999 -9999 37.891 37.901 37.787 37.686 37.404 37.173 37.031 36.825 36.427 36.318 36.71 36.017 33.925 30.821 31.035 32.273 32.983 33.235 32.878 32.761 31.882 30.337 29.223 29.5 28.301 26.873 26.66 26.158 25.564 25.715 25.518 25.324 25.113 24.841 24.684 24.691 24.676 24.689 24.67 24.599 24.538 24.221 24.056 23.754 23.54 23.376 23.061 23.03613 22.8708 22.67441 22.86777 22.89463 22.818 22.872 23.034 23.505 23.521
-9999 -9999 -9999 -9999 -9999 -9999 -9999 -9999 -9999 -9999 -9999 -9999 -9999 -9999 -9999 -9999 -9999 -9999 37.851 37.834 37.718 37.367 37.07 36.702 36.62 36.835 36.492 35.674 34.806 35.056 35.7 33.754 30.179 28.738 29.94 30.253 29.905 29.387 28.709 27.965 27.561 27.041 26.783 26.749 26.254 26.335 25.744 25.471 25.394 25.502 25.523 25.296 25.019 24.829 24.818 24.779 24.84 24.802 24.452 24.437 24.277 23.9 23.51 23.13 22.786 22.709 23.0856 23.274 22.847 23.237 23.562 23.78 23.464 23.417 23.627 23.7
-9999 -9999 -9999 -9999 -9999 -9999 -9999 -9999 -9999 -9999 -9999 -9999 -9999 -9999 -9999 -9999 -9999 37.785 37.567 37.098 36.706 36.169 36.082 35.503 35.087 36.138 35.914 34.578 32.946 32.599 33.528 32.636 29.579 28.058 28.225 28.115 27.585 27.164 26.824 26.685 26.805 26.579 26.57 26.284 26.264 26.065 25.741 25.54 25.206 25.439 25.583 25.309 25.033 24.813 24.8 24.74 24.639 24.751 24.485 24.481 24.478 23.757 23.238 22.804 22.48 22.5836 23.31551 23.523 23.549 23.656 23.825 23.784 23.611 23.402 23.597 23.519
-9999 -9999 -9999 -9999 -9999 -9999 -9999 -9999 -9999 -9999 -9999 -9999 -9999 -9999 -9999 -9999 37.862 37.594 36.977 35.795 34.797 34.202 33.366 32.738 32.563 33.723 33.911 32.86 30.872 29.657 30.083 29.688 27.694 27.28 27.544 27.173 26.815 26.517 26.728 26.517 26.678 26.676 26.504 26.136 25.827 25.713 25.772 25.538 25.268 25.627 25.684 25.251 24.982 24.752 24.645 24.528 24.411 24.451 24.553 24.618 24.339 23.318 22.806 22.566 22.50191 22.99046 23.76734 23.98 23.83 23.892 23.924 23.857 23.686 23.448 23.478 23.351
-9999 -9999 -9999 -9999 -9999 -9999 -9999 -9999 -9999 -9999 -9999 -9999 -9999 -9999 -9999 38.317 37.829 37.26 35.732 34.111 33.023 32.055 31.177 30.511 30.124 30.578 31.211 30.343 28.816 28.33 27.829 27.122 26.68 26.749 26.781 26.682 26.56 26.719 26.665 26.382 26.57 26.542 26.235 25.692 25.629 25.728 25.787 25.403 25.341 25.27 25.062 24.992 24.841 24.65 24.514 24.374 24.275 24.263 24.486 24.399 23.7 22.902 22.548 22.69661 22.87012 23.39356 23.93623 24.097 24.08 24.036 23.983 23.898 23.798 23.683 23.523 23.278
-9999 -9999 -9999 -9999 -9999 -9999 -9999 -9999 -9999 -9999 -9999 -9999 -9999 -9999 38.389 38.2 37.309 36.138 34.224 33.102 32.448 32.624 32.777 31.867 29.967 29.114 29.286 28.678 28.006 27.714 27.401 26.693 26.459 26.725 26.549 26.661 26.732 26.607 26.462 26.405 26.412 26.452 26.095 25.444 25.447 25.645 25.93 25.654 25.173 25.358 24.758 24.544 24.582 24.414 24.441 24.52 24.246 24.204 24.133 23.627 23.172 22.853 22.829 22.87456 23.11474 23.54822 23.812 24.129 24.244 24.257 24.24 24.087 23.932 23.744 23.474 23.341
-9999 -9999 -9999 -9999 -9999 -9999 -9999 -9999 -9999 -9999 -9999 -9999 -9999 38.656 38.523 37.614 36.306 34.875 34.296 33.868 34.577 34.65 33.653 31.428 29.634 28.339 28.1 27.895 27.565 27.539 27.322 26.982 26.703 26.801 26.654 26.62 26.582 26.575 26.41 26.581 26.287 26.151 26.03 25.717 25.707 25.651 25.776 25.752 25.433 25.102 24.637 24.502 24.511 24.409 24.59123 24.59461 24.5463 24.279 23.564 23.19685 22.974 23.00269 23.03463 23.10692 23.27809 23.67553 23.902 24.282 24.285 24.472 24.48 24.276 24.056 23.848 23.654 23.609
-9999 -9999 -9999 -9999 -9999 -9999 -9999 -9999 -9999 -9999 -9999 -9999 38.571 38.691 38.169 36.93 35.413 34.415 34.686 35.556 35.69 34.061 31.565 29.724 28.546 28.017 27.805 27.499 27.178 27.444 27.229 27.122 26.987 26.86 26.616 26.469 26.361 26.41 26.466 26.599 26.339 26.077 25.956 25.807 25.723 25.674 25.576 25.453 25.451 24.773 24.352 24.444 24.46225 24.41884 24.44176 24.4547 24.44548 24.23576 23.87617 23.7004 23.59257 23.56731 23.55241 23.36837 23.41145 23.852 24.231 24.513 24.327 24.452 24.483 24.389 24.147 24.013 23.848 23.814
-9999 -9999 -9999 -9999 -9999 -9999 -9999 -9999 -9999 -9999 -9999 38.542 38.646 38.658 37.457 35.963 35.145 35.083 35.812 36.487 35.83 32.092 29.463 28.467 27.829 27.863 27.774 27.348 27.248 27.454 27.117 27.116 27.006 26.893 26.59 26.382 26.328 26.313 26.433 26.689 26.581 26.138 25.948 25.724 25.473 25.5 25.392 25.279 25.002 24.195 23.85 23.97966 24.17756 24.23509 24.30056 24.39625 24.47204 24.46833 24.35841 24.32732 24.34016 24.35852 24.33749 24.06379 24.094 24.311 24.502 24.68 24.367 24.458 24.415 24.427 24.207 24.14 24.037 23.944
-9999 -9999 -9999 -9999 -9999 -9999 -9999 -9999 -9999 -9999 38.374 38.616 38.686 38.327 37.004 35.681 35.424 36.063 36.84 36.981 35.023 31.02 28.564 28.108 27.907 27.832 27.798 27.524 27.562 27.517 27.331 27.176 27.022 26.837 26.713 26.688 26.332 26.393 26.45 26.44 26.31 26.048 25.959 25.768 25.507 25.377 25.226 25.107 24.589 24.501 24.611 24.21216 24.10191 24.06686 24.07012 24.30869 24.57074 24.71221 24.71946 24.716 24.808 24.737 24.614 24.299 24.389 24.58 24.409 24.43 24.535 24.395 24.333 24.299 24.269 24.308 24.271 24.164
-9999 -9999 -9999 -9999 -9999 -9999 -9999 -9999 -9999 38.536 38.302 38.511 38.589 37.891 36.776 36.192 36.431 37.033 37.318 36.666 33.758 30.059 28.231 28.003 27.874 27.653 27.526 27.435 27.486 27.547 27.65 27.528 27.111 26.793 26.593 26.688 26.53 26.429 26.366 26.196 26.159 26.058 26.068 25.953 25.782 25.605 25.295 25.179 24.935 24.794 24.72966 24.38972 24.2015 24.04307 23.986 24.238 24.614 24.977 25.196 25.053 24.877 24.699 24.583 24.477 24.441 24.631 24.43 24.515 24.457 24.365 24.324 24.272 24.299 24.437 24.353 24.097
-9999 -9999 -9999 -9999 -9999 -9999 -9999 -9999 38.59 38.487 38.593 38.476 38.376 37.706 36.955 36.665 37.199 37.532 37.645 36.362 33.095 29.684 28.185 28.062 27.915 27.725 27.58 27.792 27.579 27.572 27.635 27.582 27.161 26.759 26.686 26.61 26.393 26.204 26.306 26.157 26.137 26.142 26.154 26.013 25.798 25.623 25.304 25.395 25.478 24.935 24.36161 24.3663 24.35205 24.29582 24.361 24.5 24.986 25.32 25.354 25.143 24.922 24.716 24.705 24.472 24.417 24.406 24.556 24.559 24.419 24.379 24.369 24.323 24.249 24.334 24.361 24.152
-9999 -9999 -9999 -9999 -9999 -9999 -9999 -9999 38.495 38.613 38.704 38.691 38.223 37.579 36.847 36.879 37.315 37.564 37.402 34.713 31.542 28.914 28.472 28.208 28.013 27.831 27.827 27.631 27.504 27.649 27.717 27.437 27.069 26.655 26.585 26.518 26.405 26.277 26.418 26.27 26.162 26.135 26.183 25.991 25.757 25.375 25.237 25.323 25.068 25.057 24.2067 24.25041 24.45121 24.68 24.712 24.869 25.32 25.452 25.377 25.236 25.082 24.923 24.811 24.682 24.507 24.397 24.457 24.517 24.469 24.336 24.365 24.407 24.32 24.411 24.48 24.279
-9999 -9999 -9999 -9999 -9999 -9999 -9999 39.139 38.772 38.682 38.744 38.642 38.197 37.357 36.973 37.117 37.375 37.473 36.341 33.329 30.846 29.08 28.508 28.237 28.069 27.886 27.613 27.53 27.605 27.613 27.581 27.282 26.945 26.649 26.686 26.538 26.493 26.404 26.427 26.532 26.348 26.191 26.208 26.023 25.682 25.544 25.168 24.82 24.471 24.66 23.713 23.81088 24.43254 24.904 25.132 25.29 25.271 25.18 25.344 25.259 25.202 25.137 25.029 24.912 24.791 24.587 24.38 24.59 24.509 24.265 24.274 24.331 24.495 24.38 24.506 24.586
-9999 -9999 -9999 -9999 -9999 -9999 39.318 39.29 39.006 38.889 38.832 38.669 38.346 37.88 37.381 37.568 37.455 37.112 35.597 33.088 31.119 29.676 28.774 28.27 28.098 28.028 27.889 27.764 27.636 27.218 27.119 27.097 26.841 26.599 26.651 26.749 26.491 26.34 26.532 26.253 26.218 26.215 26.225 26.043 25.611 25.368 25.151 24.826 24.536 24.642 23.662 23.55417 24.3098 24.90878 25.233 25.462 25.466 25.535 25.378 25.393 25.397 25.297 25.197 25.098 24.988 24.745 24.481 24.538 24.681 24.441 24.43 24.477 24.467 24.572 24.476 24.663
-9999 -9999 -9999 -9999 -9999 39.523 39.645 39.472 39.065 39.016 38.958 38.794 38.646 38.44 38.03 37.864 37.684 37.177 36.069 33.76 32.065 31.118 30.142 29.194 28.18 28.144 27.988 27.785 27.64 27.355 27.201 27.177 26.991 26.727 26.692 26.733 26.595 26.442 26.295 26.449 26.203 26.268 26.161 26 25.606 25.446 25.396 25.136 24.821 24.943 24.08867 23.89928 24.42616 24.92311 25.37 25.461 25.34 25.31 25.365 25.496 25.488 25.374 25.306 25.265 25.248 24.884 24.657 24.497 24.649 24.625 24.379 24.406 24.47 24.718 24.624 24.827
-9999 -9999 -9999 -9999 39.552 39.469 39.845 39.585 39.239 39.173 39.2 38.929 38.532 38.291 38.253 38.259 38.244 37.855 36.983 35.227 34.336 33.64 32.794 30.897 28.972 28.08 27.897 27.689 27.523 27.447 27.417 27.445 27.254 26.667 26.594 26.502 26.665 26.789 26.64 26.597 26.522 26.328 26.074 25.896 25.744 25.681 25.686 25.447 25.34 25.488 24.46639 24.3376 24.51029 24.8546 25.22314 25.39846 25.379 25.363 25.589 25.531 25.483 25.38 25.349 25.302 25.297 24.93 24.668 24.557 24.718 24.713 24.658 24.633 24.633 24.799 25.152 25.475
-9999 -9999 -9999 39.906 39.792 39.587 39.697 39.471 39.503 39.397 39.396 39.157 38.757 38.527 38.779 38.675 38.535 38.259 38.152 37.131 36.488 36.104 34.509 30.632 28.817 28.082 27.84 27.604 27.433 27.414 27.599 27.655 27.518 26.769 26.638 26.628 26.689 26.774 26.688 26.694 26.664 26.366 26.091 25.917 25.803 25.746 25.708 25.589 25.601 25.942 24.81223 24.55789 24.50714 24.64901 24.96545 25.3882 25.497 25.595 25.574 25.612 25.569 25.519 25.581 25.382 25.234 24.939 24.883 24.82 25.044 24.988 25.072 24.949 24.686 24.981 25.77 27.049
-9999 -9999 40.199 39.954 39.825 39.744 39.697 39.505 39.625 39.576 39.354 39.333 39.22 39.154 39.132 39.063 38.986 38.764 38.654 38.653 37.929 37.471 35.67 29.043 28.472 27.997 27.819 27.339 27.364 27.421 27.25 27.294 27.303 26.884 26.654 26.838 26.828 26.762 26.695 26.693 26.704 26.359 26.201 26.028 25.936 25.863 25.782 25.715 25.72 25.626 24.78017 24.63404 24.49135 24.48202 24.4548 25.24518 25.618 25.684 25.776 25.747 25.633 26.182 26.223 25.604 25.319 25.147 25.149 25.183 26.508 28.018 27.972 27.202 26.476 26.874 28.046 30.667
-9999 -9999 40.19 40.048 39.843 39.803 39.788 39.641 39.661 39.587 39.233 39.188 39.274 39.481 39.259 39.205 39.277 39.266 38.957 38.54 37.881 36.84 35.231 29.751 28.323 28.07 27.842 27.648 27.623 27.514 27.346 27.302 27.275 27.039 26.888 26.899 26.799 26.686 26.591 26.542 26.337 26.234 26.138 26.117 26.034 25.947 25.829 25.649 25.64 25.139 24.85251 24.78856 24.65987 24.50444 24.23488 25.033 25.845 25.907 25.989 26.11 26.769 29.297 27.841 27.034 25.98 25.47 25.755 26.176 28.408 31.478 32.899 32.827 31.581 30.972 32.039 33.829
-9999 40.247 40.254 40.119 39.919 39.882 39.826 39.686 39.343 39.338 39.409 39.442 39.39 39.583 38.268 38.219 38.131 37.643 37.157 36.758 35.894 34.988 31.278 28.748 28.396 28.195 27.873 27.738 27.624 27.445 27.334 27.499 27.242 27.087 26.964 26.899 26.864 26.701 26.515 26.616 26.46 26.287 26.244 26.264 26.141 26.015 25.85 25.633 25.359 24.909 25.02837 25.12197 25.11125 25.02245 25.057 25.906 26.101 26.16 26.31 27.274 29.117 31.997 30.359 28.583 27.588 26.341 26.754 28.281 30.811 33.407 34.548 34.584 33.922 33.627 33.674 33.236
40.486 40.298 40.187 40.155 40.01 39.905 39.776 39.501 38.87 38.321 38.875 39.297 39.398 38.817 35.99 33.977 32.411 30.231 30.096 30.985 34.084 32.623 29.317 28.407 28.412 28.159 27.976 27.759 27.604 27.435 27.195 27.251 27.186 27.071 26.953 26.881 26.83 26.576 26.411 26.616 26.69 26.598 26.368 26.362 26.316 26.133 25.934 25.661 25.243 24.87988 25.28777 25.66693 25.75501 25.90845 26.159 26.354 26.554 27.129 27.941 32.607 34.408 34.146 32.443 31.104 30.162 28.721 28.085 30.54 33.597 34.608 34.698 34.716 34.024 33.548 32.882 31.994
40.38 40.367 40.249 40.209 40.11 39.722 39.255 38.218 36.729 35.358 37.322 38.762 38.767 36.831 33.239 30.497 29.246 28.843 28.865 28.824 28.706 28.679 28.625 28.609 28.339 28.194 28.083 27.851 27.638 27.481 27.187 27.132 27.19 27.068 26.932 26.799 26.639 26.831 26.712 26.751 26.719 26.474 26.418 26.461 26.394 26.293 26.097 26.048 25.617 24.90799 25.56065 26.28971 26.53178 26.735 26.997 26.974 27.89 30.059 32.393 33.015 34.353 35.167 34.532 34.243 32.936 30.834 29.633 32.29 34.877 35.382 34.977 34.625 33.746 33.065 32.034 30.865
