test/DeltaShell.Plugins.DelftModels.HydroModel.Tests/test-data/AcceptanceModels/SOBEK2/DarEsSalaam/FIXED/dtm_plus_wwtp_v8.asc
ncols         707
nrows         506
xllcorner     517520.00012207
yllcorner     9239740.0001221
cellsize      20
NODATA_value  -9999
[rows 68 to 101 of 506, columns 532 to 607 of 707]
8.238 8.132 8.005 7.896 7.701 7.585 8.094984 8.102984 8.943 14.935 18.543 19.09 19.171 19.135 19.095 18.987 18.775 18.558 18.386 18.444 17.977 16.266 11.023 6.61 6.396 6.361 6.191996 5.782276 5.711 5.745 9.177 14.206 15.314 15.982 16.406 16.841 17.181 16.995 16.332 15.649 15.458 15.369 16.219 17.272 11.576 11.334 12.819 13.042 11.301 11.19 13.41 17.866 17.229 16.125 14.388 -9999 -9999 -9999 -9999 -9999 -9999 -9999 -9999 -9999 -9999 -9999 -9999 -9999 -9999 -9999 -9999 -9999 -9999 11.678 11.258 11.179
8.231 8.137999 8.057 7.966 7.77 7.837 8.314999 8.231 9.49 16.796 18.393 19.098 19.173 19.089 19.047 18.97 18.83 18.689 18.518 18.521 18.245 17.404 12.761 6.868 6.237 6.167 6.163 6.00691 5.736935 5.703 6.925 11.864 14.55 15.626 16.25 16.775 17.04 17.061 16.292 15.286 15.15 15.147 15.876 16.083 10.162 10.217 8.895 8.212 8.522 9.288 12.571 17.406 17.006 15.546 14.196 14.059 -9999 -9999 -9999 -9999 -9999 -9999 -9999 -9999 -9999 -9999 -9999 -9999 -9999 -9999 -9999 -9999 11.657 11.54 11.307 11.186
8.321 8.201 8.071 7.96 7.791 8.463302 8.502 8.531999 9.528 17.012 18.326 19.113 19.232 19.231 19.14 19.066 18.977 18.872 18.693 18.538 18.393 17.939 16.703 9.281 6.554 6.282 6.289 6.163 5.9965 5.687878 5.916 7.714 11.372 14.718 15.559 16.196 16.778 16.752 16.047 14.986 14.865 14.934 14.756 10.762 9.196 8.849 6.738 6.542 7.409 8.85 11.709 16.462 16.548 14.681 13.956 13.952 -9999 -9999 -9999 -9999 -9999 -9999 -9999 -9999 -9999 -9999 -9999 -9999 -9999 -9999 -9999 -9999 11.611 11.613 11.373 11.22
8.524999 8.378 8.188 7.977 8.457413 8.370709 8.302999 8.463 9.561 16.169 18.47 19.061 19.23 -9999 19.345 19.178 19.106 19.02 18.763 18.591 18.346 18.346 17.228 10.464 6.593 6.301 6.154 6.054 5.848 5.617556 5.634099 5.776 7.512 9.170999 12.622 15.874 16.361 16.49 15.806 15.151 13.176 13.051 10.93 8.281999 8.33 6.375 5.89 6.012 6.501 8.245 12.268 16.452 16.243 14.125 13.845 13.812 -9999 -9999 -9999 -9999 -9999 -9999 -9999 -9999 -9999 -9999 -9999 -9999 -9999 -9999 -9999 11.649 11.641 11.61 11.36 11.179
8.455 8.323 8.185 9.229646 8.55122 8.208999 8.233 8.432 9.346 15.694 18.331 19.044 -9999 -9999 -9999 19.236 19.207 19.236 18.818 18.75 18.49 18.436 17.158 12.477 7.121 6.387 5.933 5.765 5.835 5.795127 5.731242 5.747836 6.022778 6.130432 6.883 11.362 15.915 15.806 15.23 13.448 10.16 9.847 7.871 7.651 7.61 5.629 5.635 5.318 5.751 7.826 12.725 16.35 16.361 14.453 13.622 13.597 -9999 -9999 -9999 -9999 -9999 -9999 -9999 -9999 -9999 -9999 -9999 -9999 -9999 -9999 -9999 11.539 11.659 11.599 11.204 11.072
8.678533 8.68329 8.811499 8.72865 8.487 8.304 8.274999 8.701999 9.237 13.461 17.472 -9999 -9999 -9999 -9999 19.237 19.128 19.1 18.73 18.578 18.589 18.389 17.677 15.324 8.116 6.602 6.129 5.552 5.616 5.718 5.855373 5.780664 5.831 5.894142 6.247043 6.883 13.866 13.902 11.826 8.163 7.02 6.712 6.835 7.128 6.593 5.259 5.25 5.18 5.564 7.707 12.617 16.274 16.539 14.759 13.468 13.455 -9999 -9999 -9999 -9999 -9999 -9999 -9999 -9999 -9999 -9999 -9999 -9999 -9999 -9999 11.646 11.481 11.499 11.466 11.308 11.268
8.747 8.56 8.368999 8.38 8.3 8.688 8.873999 9.257 9.708999 13.33 17.97 -9999 -9999 -9999 -9999 -9999 19.13 19.153 18.814 18.542 18.558 18.394 18.02 15.628 12.883 11.263 11.271 6.523 5.987 5.753 5.656 5.542 5.558 5.635065 5.642471 5.775018 6.503 9.199 8.191 5.898 6.117 6.216 6.606 6.731 5.339 5.241 5.234 5.149 5.377 7.196 11.709 15.982 16.782 14.987 13.669 13.652 13.735 -9999 -9999 -9999 -9999 -9999 -9999 -9999 -9999 -9999 -9999 -9999 -9999 -9999 11.705 11.528 11.509 11.277 11.046 9.251
8.729999 8.545999 8.443 8.743999 8.441 8.843 10.116 11.29 13.028 17.363 -9999 -9999 -9999 -9999 -9999 -9999 -9999 19.319 19.024 18.816 18.742 18.463 18.04 17.255 15.621 16.805 15.919 11.594 6.795 6.453 5.764 5.482 5.347 5.369 5.168 5.288 5.394578 5.587 5.713 5.613 5.528 5.835 6.655 6.661 5.403 5.367 5.374 5.196 5.154 7.016 9.644 15.067 16.792 15.166 13.809 13.755 13.787 -9999 -9999 -9999 -9999 -9999 -9999 -9999 -9999 -9999 -9999 -9999 -9999 11.883 11.76 11.615 11.47 10.99 7.857 4.198
9.791 9.227999 8.87 9.095 10.482 11.798 12.933 16.057 17.892 19.129 -9999 -9999 -9999 -9999 -9999 -9999 -9999 -9999 19.02 18.872 18.814 18.708 18.544 18.013 17.697 17.549 16.673 12.288 8.017 7.385 6.629 5.66 5.399 5.487 5.4 5.375 5.169 5.192751 5.480325 5.58 5.595 5.948 6.719 6.529 5.265 5.262 5.673 5.262 5.335 6.993 9.481 16.653 16.893 15.484 13.766 13.693 13.763 -9999 -9999 -9999 -9999 -9999 -9999 -9999 -9999 -9999 -9999 -9999 -9999 11.84 11.723 11.559 11.421 10.238 4.295 3.639
12.754 10.835 10.634 11.578 14.389 16.33 17.668 18.806 19.275 -9999 -9999 -9999 -9999 -9999 -9999 -9999 -9999 -9999 -9999 18.819 18.76 18.668 18.501 18.257 17.951 17.81 17.205 15.704 14.21 10.93 10.105 6.589 5.269 5.366 5.449 5.428 5.198 5.116 5.439954 5.609 5.323 6.648 6.827 5.555 5.345 5.14 5.287 5.366 5.35 6.223 9.362 16.303 16.893 15.737 13.493 13.543 13.754 -9999 -9999 -9999 -9999 -9999 -9999 -9999 -9999 -9999 -9999 -9999 11.919 11.829 11.653 11.464 11.44 10.268 3.922 3.554
16.189 15.384 15.182 15.569 16.137 17.476 19.22 19.632 -9999 -9999 -9999 -9999 -9999 -9999 -9999 -9999 -9999 -9999 -9999 18.842 18.817 18.687 18.493 18.285 17.941 17.634 17.394 17.224 16.993 16.179 13.162 9.879001 6.196 5.446 5.467 5.406 5.31 5.17 5.272 5.313461 5.44 6.987 6.796 5.537 5.445 5.295 5.174 5.2 5.31 6.447 9.299 15.509 16.629 15.685 13.701 13.687 13.912 -9999 -9999 -9999 -9999 -9999 -9999 -9999 -9999 -9999 -9999 -9999 12.038 11.799 11.508 11.255 11.12 10.028 3.835 3.546
17.039 16.918 16.684 16.674 17.177 18.118 19.317 20.204 -9999 -9999 -9999 -9999 -9999 -9999 -9999 -9999 -9999 -9999 -9999 -9999 18.87 18.695 18.516 18.297 18.043 17.649 17.485 17.515 17.281 16.407 15.888 12.953 8.034 5.774 5.588 5.352 5.428 5.286 5.399 5.537768 6.682 7.3 6.061 5.309 5.421 5.345 5.22 5.316 5.384 6.569 8.903 15.323 16.325 15.417 14.309 14.092 14.209 -9999 -9999 -9999 -9999 -9999 -9999 -9999 -9999 -9999 -9999 -9999 12.074 11.765 11.351 10.852 10.752 8.662 3.649 3.497
17.534 17.401 17.105 17.166 17.575 18.208 19.245 -9999 -9999 -9999 -9999 -9999 -9999 -9999 -9999 -9999 -9999 -9999 -9999 -9999 -9999 18.833 18.766 18.481 18.165 17.922 17.792 17.801 17.734 16.9 16.244 15.132 9.460999 5.851 5.619 5.326 5.37 5.257 5.359 5.692621 7.3 7.3 5.636095 5.128 5.305 5.415 5.218 5.348 5.403 6.072 8.976 15.832 15.68 15.113 14.75 14.517 14.546 -9999 -9999 -9999 -9999 -9999 -9999 -9999 -9999 -9999 -9999 -9999 12.143 11.77 11.24 10.409 9.752 5.42 3.589 3.466
17.57 -9999 -9999 -9999 -9999 -9999 -9999 -9999 -9999 -9999 -9999 -9999 -9999 -9999 -9999 -9999 -9999 -9999 -9999 -9999 -9999 -9999 18.633 18.549 18.413 18.274 17.98 17.835 17.707 17.037 16.269 13.116 7.786 6.13 5.803 5.438 5.522 5.736 5.341 5.607 7.3 7.3 5.516231 5.547917 5.366 5.403 5.213 5.305 5.319 5.644 8.701999 13.528 15.192 14.906 14.649 14.493 14.509 -9999 -9999 -9999 -9999 -9999 -9999 -9999 -9999 -9999 -9999 12.506 12.293 11.841 11.44 10.709 7.921 3.816 3.656 3.523
-9999 -9999 -9999 -9999 -9999 -9999 -9999 -9999 -9999 -9999 -9999 -9999 -9999 -9999 -9999 -9999 -9999 -9999 -9999 -9999 -9999 -9999 18.674 18.44 18.291 18.324 18.065 17.931 17.845 17.24 16.69 13.306 9.09 6.289 5.657 5.364 5.332 5.408 5.57 6.669 7.3 5.887 5.493 5.586 5.664632 5.642 5.241 5.194 5.229 5.688 9.026 14.108 14.859 14.646 14.513 14.49 14.519 -9999 -9999 -9999 -9999 -9999 -9999 -9999 -9999 -9999 -9999 12.689 12.356 11.923 11.604 10.786 4.515 3.813 3.632 3.636
-9999 -9999 -9999 -9999 -9999 -9999 -9999 -9999 -9999 -9999 -9999 -9999 -9999 -9999 -9999 -9999 -9999 -9999 -9999 -9999 -9999 -9999 -9999 18.606 18.441 18.203 18.06 17.88 17.597 17.382 17.38 16.77 11.625 8.092 5.809 5.64 5.774 6.112 6.692 7.892 7.805 5.942 5.632 5.276 5.648723 5.501 5.228 5.048 5.089 5.767 9.495 14.645 14.487 13.891 14.255 14.396 14.514 -9999 -9999 -9999 -9999 -9999 -9999 -9999 -9999 -9999 -9999 12.482 12.147 11.904 11.483 7.527 3.694 3.734 3.726 3.646
-9999 -9999 -9999 -9999 -9999 -9999 -9999 -9999 -9999 -9999 -9999 -9999 -9999 -9999 -9999 -9999 -9999 -9999 -9999 -9999 -9999 -9999 -9999 -9999 18.479 18.2 18.112 17.938 17.663 17.616 17.627 17.262 16.948 12.942 7.909 6.921 6.847 7.349 8.22 8.458 7.719 5.784 5.41 5.185 5.392 5.56 5.079 4.968 5.255 5.985 11.413 14.838 13.904 13.447 13.953 14.298 14.464 -9999 -9999 -9999 -9999 -9999 -9999 -9999 -9999 -9999 -9999 12.466 12.231 11.977 11.061 4.684 3.684 3.671 3.604 3.397564
-9999 -9999 -9999 -9999 -9999 -9999 -9999 -9999 -9999 -9999 -9999 -9999 -9999 -9999 -9999 -9999 -9999 -9999 -9999 -9999 -9999 -9999 -9999 -9999 18.597 18.409 18.325 18.258 17.983 17.848 17.847 17.68 17.681 13.471 8.67 8.232 10.082 11.718 9.074 8.932 6.977 5.895 5.56 5.426 5.366 5.415 4.887543 4.833 5.267 7.486 14.005 14.585 13.417 13.6 13.927 14.231 -9999 -9999 -9999 -9999 -9999 -9999 -9999 -9999 -9999 -9999 12.625 12.399 12.137 12.057 9.347 4.115 3.59 3.527 3.443334 3.489124
-9999 -9999 -9999 -9999 -9999 -9999 -9999 -9999 -9999 -9999 -9999 -9999 -9999 -9999 -9999 -9999 -9999 -9999 -9999 -9999 -9999 -9999 -9999 -9999 -9999 18.695 18.728 18.76 18.312 18.152 18.058 17.867 17.596 14.218 12.607 14.372 14.524 14.062 9.968 9.493 6.479 5.661 5.496 5.903 5.694 5.681 4.758 4.821 5.351 10.626 14.791 14.177 13.608 13.715 13.925 14.151 -9999 -9999 -9999 -9999 -9999 -9999 -9999 -9999 -9999 -9999 12.605 12.361 12.143 11.757 5.935 3.448 3.526 3.497043 3.470756 3.514
-9999 -9999 -9999 -9999 -9999 -9999 -9999 -9999 -9999 -9999 -9999 -9999 -9999 -9999 -9999 -9999 -9999 -9999 -9999 -9999 -9999 -9999 -9999 -9999 -9999 18.87 18.872 18.85 18.545 18.29 18.167 17.92 17.483 17.041 16.891 17.155 17.249 13.593 10.796 9.109999 6.303 5.539 4.202 4.694 6.291 5.501366 4.915 5.215 6.467 14.41 15.181 14.055 13.43 13.751 13.925 14.094 14.207 -9999 -9999 -9999 -9999 -9999 -9999 -9999 -9999 -9999 12.617 12.447 12.135 10.856 4.117 3.445 3.514 3.481525 3.543 3.579
-9999 -9999 -9999 -9999 -9999 -9999 -9999 -9999 -9999 -9999 -9999 -9999 -9999 -9999 -9999 -9999 -9999 -9999 -9999 -9999 -9999 -9999 -9999 -9999 -9999 -9999 18.893 18.893 18.58 18.376 18.185 18.097 18.203 18.211 17.611 17.442 16.932 12.139 11.426 7.494 6.206 5.251 4.107 4.196 4.294 5.380272 4.851 5.172 6.633 13.652 13.883 12.627 12.689 13.042 13.628 13.89 14.19 -9999 -9999 -9999 -9999 -9999 -9999 -9999 -9999 12.744 12.571 12.297 12.142 7.528 3.605 3.615 3.65 3.512277 3.622 3.656
-9999 -9999 -9999 -9999 -9999 -9999 -9999 -9999 -9999 -9999 -9999 -9999 -9999 -9999 -9999 -9999 -9999 -9999 -9999 -9999 -9999 -9999 -9999 -9999 -9999 -9999 -9999 18.807 18.598 18.441 18.251 18.154 18.174 18.08 17.732 17.326 15.866 12.751 11.848 7.202 5.778 4.097 3.913 3.887 3.946 4.595 5.097247 4.735 5.696 7.437 9.708999 10.944 11.608 12.434 13.095 13.597 14.204 -9999 -9999 -9999 -9999 -9999 -9999 -9999 -9999 12.916 12.652 12.316 12.077 6.29 3.614 3.745 3.681 3.595971 3.579 3.742
-9999 -9999 -9999 -9999 -9999 -9999 -9999 -9999 -9999 -9999 -9999 -9999 -9999 -9999 -9999 -9999 -9999 -9999 -9999 -9999 -9999 -9999 -9999 -9999 -9999 -9999 -9999 18.897 18.67 18.462 18.312 18.275 18.209 18.039 17.828 17.334 14.354 13.48 10.288 5.971 4.571 4.124 3.884 3.844 3.787 4.008 5.784762 4.908946 4.811 5.126 5.808 6.738 9.007 11.095 12.606 13.455 14.496 14.493 -9999 -9999 -9999 -9999 -9999 -9999 13.525 13.056 12.692 12.408 12.109 4.987 3.694 3.806 3.785 3.75 3.769 4.047
-9999 -9999 -9999 -9999 -9999 -9999 -9999 -9999 -9999 -9999 -9999 -9999 -9999 -9999 -9999 -9999 -9999 -9999 -9999 -9999 -9999 -9999 -9999 -9999 -9999 -9999 -9999 -9999 18.714 18.381 18.454 18.562 18.386 18.064 17.643 17.318 14.801 14.188 8.843 5.269 5.512 4.941 3.996 3.928 3.877 3.761 4.313 4.91043 4.494 4.568 4.83 5.317 6.219 8.321 12.077 13.533 14.388 14.441 -9999 -9999 -9999 -9999 -9999 -9999 13.427 13.045 12.694 12.426 11.287 4.418 3.572 3.633957 3.780067 3.845 4.068 4.258
-9999 -9999 -9999 -9999 -9999 -9999 -9999 -9999 -9999 -9999 -9999 -9999 -9999 -9999 -9999 -9999 -9999 -9999 -9999 -9999 -9999 -9999 -9999 -9999 -9999 -9999 -9999 -9999 18.858 18.492 18.576 18.611 18.473 18.144 17.841 16.499 15.401 13.774 6.028 4.914 4.667 4.98 4.251 4.114 4.046 3.914 3.857 4.142 4.583123 4.793 4.692 4.889 5.34 6.993 10.343 13.5 14.422 14.436 14.36 -9999 -9999 -9999 -9999 13.793 13.327 12.982 12.539 12.16 7.708 3.819 3.56 3.583014 3.745712 4.02 4.157 4.189
-9999 -9999 -9999 -9999 -9999 -9999 -9999 -9999 -9999 -9999 -9999 -9999 -9999 -9999 -9999 -9999 -9999 -9999 -9999 -9999 -9999 -9999 -9999 -9999 -9999 -9999 -9999 -9999 -9999 18.981 18.825 18.721 18.555 18.307 17.856 16.728 16.046 10.217 5.649 4.812 4.508 5.255 5.603 4.977 4.164 4.111 3.959 3.957 4.225 4.759423 4.649 4.662404 4.763 5.576 8.034 13.336 14.467 14.575 14.573 14.582 14.668 14.495 14.223 13.79 13.18 12.722 12.145 11.068 5.19 3.68 3.644673 3.693684 3.944 4.084 4.098 4.097
-9999 -9999 -9999 -9999 -9999 -9999 -9999 -9999 -9999 -9999 -9999 -9999 -9999 -9999 -9999 -9999 -9999 -9999 -9999 -9999 -9999 -9999 -9999 -9999 -9999 -9999 -9999 -9999 -9999 19.304 19.081 18.888 18.692 18.339 17.747 17.201 15.5 7.542 5.319 4.694 4.555 4.919 4.521 4.373 4.52 4.557 4.452 4.053 4.384 4.385 4.391 4.855233 4.68 4.648 6.55 12.265 13.954 14.497 14.746 14.61 14.509 14.415 14.327 13.61 12.932 12.45 11.502 9.081 4.116 3.597385 3.662228 3.76 3.993 4.077 4.086 4.149
-9999 -9999 -9999 -9999 -9999 -9999 -9999 -9999 -9999 -9999 -9999 -9999 -9999 -9999 -9999 -9999 -9999 -9999 -9999 -9999 -9999 -9999 -9999 -9999 -9999 -9999 -9999 -9999 -9999 -9999 19.266 19.075 18.897 18.48 18.056 17.671 14.547 8.626 5.247 4.513 4.303 4.321 4.242 4.347 4.449 4.571 4.721 4.443 4.331 4.52 4.635 4.384 4.69191 4.583 5.211 10.842 13.819 14.256 14.458 14.591 14.668 14.315 13.892 13.377 12.425 11.637 7.428 4.741 3.782 3.764 3.773 3.892 4.047 4.104 4.132 4.231
-9999 -9999 -9999 -9999 -9999 -9999 -9999 -9999 -9999 -9999 -9999 -9999 -9999 -9999 -9999 -9999 -9999 -9999 -9999 -9999 -9999 -9999 -9999 -9999 -9999 -9999 -9999 -9999 -9999 -9999 19.387 19.21 18.963 18.646 18.457 17.963 16.832 9.442 6.276 4.385 4.296 4.207 4.187 4.281 4.466 4.573 4.594 4.657 4.319 4.329 4.464 4.371 4.361 4.579727 4.681 6.541 11.724 14.245 14.511 14.469 14.463 14.329 13.565 12.944 9.537 6.313 4.808 4.014783 3.796 3.831 3.886 4.052 4.23 4.321 4.17 3.632
-9999 -9999 -9999 -9999 -9999 -9999 -9999 -9999 -9999 -9999 -9999 -9999 -9999 -9999 -9999 -9999 -9999 -9999 -9999 -9999 -9999 -9999 -9999 -9999 -9999 -9999 -9999 -9999 -9999 -9999 -9999 19.232 19.007 18.827 18.735 18.189 17.682 14.761 7.712 5.122 4.397 4.215 4.254 4.36 4.725 4.775 4.602 4.538 4.674 4.505 4.524 4.505 4.389 4.567473 4.481 5.352 10.229 14.016 14.532 14.358 14.364 13.738 12.514 9.846 4.643 4.826 4.647 3.933487 3.826 3.894 4.043 4.222 4.388 4.482 4.414 3.095
-9999 -9999 -9999 -9999 -9999 -9999 -9999 -9999 -9999 -9999 -9999 -9999 -9999 -9999 -9999 -9999 -9999 -9999 -9999 -9999 -9999 -9999 -9999 -9999 -9999 -9999 -9999 -9999 -9999 -9999 -9999 -9999 19.024 18.846 18.701 18.573 18.31 17.265 12.181 6.117 4.355 4.351 4.488 4.536 4.711 4.681 4.535 4.54 4.69 4.642 4.64 4.569 4.459 4.365 4.485166 4.636 6.002 11.319 12.856 9.767 10.631 8.609999 5.516 4.435 4.412 4.473 4.310102 3.875082 3.888 3.988 4.206 4.363 4.613 4.566 4.673 4.034
-9999 -9999 -9999 -9999 -9999 -9999 -9999 -9999 -9999 -9999 -9999 -9999 -9999 -9999 -9999 -9999 -9999 -9999 -9999 -9999 -9999 -9999 -9999 -9999 -9999 -9999 -9999 -9999 -9999 -9999 -9999 -9999 19.047 18.819 18.627 18.682 18.333 17.008 13.364 6.572 4.494 4.441 4.607 4.547 4.638 4.611 4.508 4.557 4.594 4.59 4.608 4.539 4.383 4.413 4.52153 4.604 4.754 5.097 5.492 6.113 5.943 5.094 4.484 4.468732 4.398 4.015819 3.853476 3.866 3.969 4.094 4.31 4.648 4.71 4.683 4.671 4.811
-9999 -9999 -9999 -9999 -9999 -9999 -9999 -9999 -9999 -9999 -9999 -9999 -9999 -9999 -9999 -9999 -9999 -9999 -9999 -9999 -9999 -9999 -9999 -9999 -9999 -9999 -9999 -9999 -9999 -9999 -9999 -9999 -9999 18.857 18.861 18.58 17.345 14.951 11.007 6.391 4.705 4.438 4.409 4.639 4.669 4.706 4.743 4.687 4.624 4.615 4.553 4.431 4.182 4.411 4.549 4.755165 4.463494 4.407313 4.3788 4.473 4.403 4.424 4.502145 4.475971 4.327 3.956 3.949 3.996 4.099 4.144 4.221 4.832 4.81 4.822 4.842 5.576492
-9999 -9999 -9999 -9999 -9999 -9999 -9999 -9999 -9999 -9999 -9999 -9999 -9999 -9999 -9999 -9999 -9999 -9999 -9999 -9999 -9999 -9999 -9999 -9999 -9999 -9999 -9999 -9999 -9999 -9999 -9999 -9999 -9999 18.506 18.38 17.536 16.182 13.322 8.609 6.438 4.909 4.391 4.472 4.646 4.685 4.727 4.721 4.648 4.587 4.537 4.535 4.529 4.19 4.462 4.627 4.562 4.521198 4.425367 4.403967 4.494795 4.530273 4.534167 4.497 4.252 4.063 4.069 4.116 4.192 4.404 4.391 4.318 4.649 4.817 4.832 4.763 6.118526
