test/DeltaShell.Plugins.DelftModels.HydroModel.Tests/test-data/AcceptanceModels/SOBEK2/DarEsSalaam/FIXED/dtm_plus_wwtp_v8.asc
ncols         707
nrows         506
xllcorner     517520.00012207
yllcorner     9239740.0001221
cellsize      20
NODATA_value  -9999
[rows 34 to 67 of 506, columns 608 to 683 of 707]
-9999 -9999 -9999 -9999 -9999 -9999 -9999 -9999 -9999 -9999 -9999 -9999 -9999 -9999 -9999 -9999 -9999 -9999 -9999 -9999 -9999 -9999 -9999 -9999 -9999 -9999 -9999 9.945001 9.819 9.779 8.951999 6.502 5.785 5.461 5.088 4.792 4.692 3.989 3.224 3.146 3.011 2.883 2.78 2.753 2.722 2.71 2.611 -9999 -9999 -9999 -9999 -9999 -9999 -9999 -9999 -9999 -9999 6.405 6.13 5.865 5.513 4.779 4.425 5.5 -9999 -9999 -9999 -9999 -9999 -9999 -9999 -9999 -9999 -9999 -9999 -9999
-9999 -9999 -9999 -9999 -9999 -9999 -9999 -9999 -9999 -9999 -9999 -9999 -9999 -9999 -9999 -9999 -9999 -9999 -9999 -9999 -9999 -9999 -9999 -9999 -9999 -9999 -9999 9.937 9.792 9.652 9.205 7.72 5.983 5.38 5.018 4.761 4.691 3.933 3.212 3.072 2.857 2.69 2.488 2.59 2.758 2.752 2.732 2.56 2.417 -9999 -9999 -9999 -9999 -9999 -9999 4.075 6.24 6.49 6.18 5.8 3.308 2.964 3.43 3.703 5.5 -9999 -9999 -9999 -9999 -9999 -9999 -9999 -9999 -9999 -9999 -9999
-9999 -9999 -9999 -9999 -9999 -9999 -9999 -9999 -9999 -9999 -9999 -9999 -9999 -9999 -9999 -9999 -9999 -9999 -9999 -9999 -9999 -9999 -9999 -9999 -9999 -9999 -9999 9.916 9.797 9.774999 9.07 7.17 5.948 5.17 4.776 4.527 4.028482 3.150486 2.912444 2.86164 2.577 2.519 2.568 2.788 2.789 2.706 2.739 2.5 2.378 2.412 -9999 -9999 -9999 -9999 3.385 4.758 6.095 6.198 6.212 5.091 2.908 2.41 2.379 2.914 5.5 -9999 -9999 -9999 -9999 -9999 -9999 -9999 -9999 -9999 -9999 -9999
-9999 -9999 -9999 -9999 -9999 -9999 -9999 -9999 -9999 -9999 -9999 -9999 -9999 -9999 -9999 -9999 -9999 -9999 -9999 -9999 -9999 -9999 -9999 -9999 -9999 -9999 10.048 9.951 9.852999 9.799 8.813 7.144 5.858 4.777 4.016701 3.228668 2.423066 1.860762 1.886307 2.143349 2.186033 2.373 2.505 2.5 2.658 2.772 2.812 2.844 3.504 3.593 3.516 3.433 -9999 3.342 3.66 5.221 6.116 6.192 6.219 3.246 2.748 2.177 1.866 1.92 5.5 -9999 -9999 -9999 -9999 -9999 -9999 -9999 -9999 -9999 -9999 -9999
-9999 -9999 -9999 -9999 -9999 -9999 -9999 -9999 -9999 -9999 -9999 -9999 -9999 -9999 -9999 -9999 -9999 -9999 -9999 -9999 -9999 -9999 -9999 -9999 -9999 -9999 10.036 9.959 9.885 9.832 8.677 6.994 5.52 3.907699 2.749361 1.889821 1.382824 1.181 1.152 1.36947 1.721946 1.881 2.018 2.158 2.37 2.778 2.804 2.809 4.565 4.402 4.047 3.729 3.573 3.727 3.806 4.647 6.195 6.382 5.25 2.805 2.516 2.131 1.92 1.88 5.5 -9999 -9999 -9999 -9999 -9999 -9999 -9999 -9999 -9999 -9999 -9999
-9999 -9999 -9999 -9999 -9999 -9999 -9999 -9999 -9999 -9999 -9999 -9999 -9999 -9999 -9999 -9999 -9999 -9999 -9999 -9999 -9999 -9999 -9999 -9999 -9999 -9999 9.995 9.969 9.909 9.637999 8.77 6.059 4.400133 2.810404 1.512759 1.588 1.464 1.406 1.277 1.16 1.348689 1.563554 1.609 1.735 2.037 2.513 2.584 2.896 3.868 4.564 4.577 4 3.533 3.692 3.711 3.93 5.888 6.4 4.354 2.019 2.345 1.949 1.923 1.864 2.576 5.5 -9999 -9999 -9999 -9999 -9999 -9999 -9999 -9999 -9999 -9999
-9999 -9999 -9999 -9999 -9999 -9999 -9999 -9999 -9999 -9999 -9999 -9999 -9999 -9999 -9999 -9999 -9999 -9999 -9999 -9999 -9999 -9999 -9999 -9999 -9999 -9999 9.913 9.942 9.833 9.194 8.806 4.840724 3.030937 1.511842 1.341 1.328 1.398 1.528 1.493 1.3 1.160007 1.256111 1.29868 1.319549 1.484 1.825 2.205 2.707 3.351 3.804 4.127 3.679 2.88 2.629954 3.331 2.765 2.425 2.712 2.736 1.913 1.929 1.921 1.948 1.837 2.029 5.5 -9999 -9999 -9999 -9999 -9999 -9999 -9999 -9999 -9999 -9999
-9999 -9999 -9999 -9999 -9999 -9999 -9999 -9999 -9999 -9999 -9999 -9999 -9999 -9999 -9999 -9999 -9999 -9999 -9999 -9999 -9999 -9999 -9999 -9999 -9999 -9999 9.816 9.817 9.688 9.023 6.852 3.512379 1.584166 1.321 1.399 1.295 1.32 1.367 1.475 1.533 1.16 1.101 1.227565 1.29106 1.336894 1.440458 1.507449 1.83121 1.991511 2.098103 2.209874 2.234074 2.042403 1.983205 1.991533 1.659579 1.726251 1.789948 1.761 1.749 1.848 1.911 1.918 1.793 2.007 5.5 -9999 -9999 -9999 -9999 -9999 -9999 -9999 -9999 -9999 -9999
-9999 -9999 -9999 -9999 -9999 -9999 -9999 -9999 -9999 -9999 -9999 -9999 -9999 -9999 -9999 -9999 -9999 -9999 -9999 -9999 -9999 -9999 -9999 -9999 -9999 -9999 9.656999 9.74 9.557 8.07 3.810671 2.23649 1.242 1.275 1.361 1.319 1.259 1.291 1.707 1.683 1.392 1.245 1.26844 1.285138 1.302594 1.294775 1.37722 1.482834 1.488469 1.483817 1.604828 1.638192 1.614577 1.572253 1.375224 1.367511 1.374183 1.483899 1.543768 1.60585 1.67056 1.693 1.729 1.688 2.191 5.5 -9999 -9999 -9999 -9999 -9999 -9999 -9999 -9999 -9999 -9999
-9999 -9999 -9999 -9999 -9999 -9999 -9999 -9999 -9999 -9999 -9999 -9999 -9999 -9999 -9999 -9999 -9999 -9999 -9999 -9999 -9999 -9999 -9999 -9999 -9999 9.68 9.681 9.7 9.633 5.038 2.404547 1.652166 1.368 1.321 1.37 1.436 1.372 1.469 1.521 1.456 1.402 1.37 1.42 1.459 1.463 1.236 1.287 1.342 1.213547 1.219 1.188 1.462 1.516 1.58 1.533 1.402 1.279 1.358 1.438 1.516 1.582486 1.561319 1.603 1.862 2.47 3.326 5.5 -9999 -9999 -9999 -9999 -9999 -9999 -9999 -9999 -9999
-9999 -9999 -9999 -9999 -9999 -9999 -9999 -9999 -9999 -9999 -9999 -9999 -9999 -9999 -9999 -9999 -9999 -9999 -9999 -9999 -9999 -9999 -9999 -9999 9.944 9.792 9.78 9.902 9.411 3.511 1.902 1.54 1.447 1.421 1.455 1.574 1.557 1.376 1.228 1.167 1.113 1.412 1.497 1.643 1.643 1.509 1.58 1.83 1.713 1.592 1.245 1.474 1.67 1.832 1.79 1.736 1.657 1.588 1.671 1.721 1.571 1.527472 1.689254 1.893219 2.176 2.35 5.5 -9999 -9999 -9999 -9999 -9999 -9999 -9999 -9999 -9999
-9999 -9999 -9999 -9999 -9999 -9999 -9999 -9999 -9999 -9999 -9999 -9999 -9999 -9999 -9999 -9999 -9999 -9999 -9999 -9999 -9999 -9999 9.908 9.962 9.975 9.934 9.887 10.09 6.115 1.91 1.515368 1.575 1.547 1.555 1.555 1.633 1.558 1.34 1.238 1.246 1.234 1.646 1.789 1.835 1.845 1.801 1.781 1.829 1.738 1.646 1.53 1.719 2.015 2.15 2.103 2.016 1.948 1.843 1.768 1.765 1.661 1.485 1.593352 1.806349 1.894 2.145 5.5 -9999 -9999 -9999 -9999 -9999 -9999 -9999 -9999 -9999
-9999 -9999 -9999 -9999 -9999 -9999 -9999 -9999 -9999 -9999 -9999 -9999 -9999 -9999 -9999 -9999 -9999 -9999 -9999 -9999 9.773 9.826 9.871 9.942 10.046 10.09 10.182 10.233 3.694 1.684 1.494368 1.626 1.612 1.579 1.614 1.639 1.451 1.519 1.551 1.383 1.447 1.648 1.865 2.058 2.074 2.039 1.967 1.926 1.858 1.768 1.788 2.019 2.351 2.596 2.394 2.232 2.124 1.954 1.791 1.749 1.71 1.597 1.525 1.562918 1.597922 1.644537 5.5 -9999 -9999 -9999 -9999 -9999 -9999 -9999 -9999 -9999
-9999 -9999 -9999 -9999 -9999 -9999 -9999 -9999 -9999 -9999 -9999 -9999 -9999 -9999 -9999 -9999 -9999 -9999 -9999 9.635999 9.682999 9.772 9.9 9.995 10.121 10.387 10.586 9.265 2.87 1.569 1.552757 1.692 1.63 1.622 1.646 1.627 1.481 1.449 1.543 1.425 1.501 1.732 1.998 2.293 2.356 2.251 2.219 2.069 1.995 1.925 1.995 2.202 2.45 2.717 2.539 2.387 2.218 2.035 1.864 1.778 1.716 1.66 1.692 1.459 1.50486 1.816802 3.03385 5.5 -9999 -9999 -9999 -9999 -9999 -9999 -9999 -9999
-9999 -9999 -9999 -9999 -9999 -9999 -9999 -9999 -9999 -9999 -9999 -9999 -9999 -9999 -9999 -9999 9.755 9.635999 9.519 9.585 9.637 9.755999 9.897 10.039 10.147 10.544 10.766 4.708 2.016 1.587 1.503087 1.606 1.633 1.563 1.509 1.616 1.57 1.521 1.568 1.489 1.603 1.862 2.161 2.456 2.53 2.233 2.437 2.276 2.158 2.162 2.203 2.253 2.337 2.608 2.671 2.5 2.253 2.068 1.866 1.776 1.771 1.932 1.817 1.713 1.600051 2.07992 3.287664 5.5 -9999 -9999 -9999 -9999 -9999 -9999 -9999 -9999
-9999 -9999 -9999 -9999 -9999 -9999 -9999 -9999 -9999 -9999 -9999 -9999 -9999 10.031 9.771 9.64 9.639 9.564 9.658 9.611 9.601 9.691 9.884 10.116 10.375 10.707 10.412 3.242 1.884 1.521 1.392235 1.448224 1.544 1.586 1.518 1.533 1.538 1.577 1.578 1.538 1.736 2.028 2.322 2.62 2.669 2.419 2.285 2.4 2.371 2.377 2.375 2.319 2.374 2.439 2.564 2.533 2.286 2.016 1.694 1.627 1.781 1.903 1.852 1.801 1.682 1.873688 3.23163 4.071 5.5 -9999 -9999 -9999 -9999 -9999 -9999 -9999
-9999 -9999 -9999 -9999 -9999 -9999 -9999 -9999 -9999 -9999 10.554 10.249 9.996 9.777 9.719 9.548 9.514 9.455 9.608 9.689 9.630999 9.505 9.785 10.127 10.52 10.715 6.619 2.04 1.696 1.559 1.422315 1.499686 1.647 1.645 1.628 1.665 1.526 1.57 1.53 1.643 2.022 2.285 2.529 2.759 2.804 2.699 2.615 2.667 2.616 2.631 2.578 2.641 2.629 2.773 2.616 2.517 2.287 1.975 1.542 1.443 1.685 1.822 1.874 1.847 1.757 1.699 2.894332 3.938036 5.5 -9999 -9999 -9999 -9999 -9999 -9999 -9999
-9999 -9999 -9999 -9999 -9999 -9999 -9999 11.468 11.142 10.797 10.385 9.967 9.55 9.507 9.667 9.462 9.368 9.613 9.37 9.222 9.64 9.564 9.635999 9.959 10.459 9.629 3.971 1.754 1.575 1.586 1.592 1.747787 1.82436 1.709 1.68 1.716 1.581 1.593 1.458 1.867 2.343 2.586 2.721 2.93 3.081 3.019 2.893 2.902 2.866 2.837 2.798 2.777 2.835 2.862 2.724 2.554 2.318 1.951 1.56 1.219 1.497 1.777 1.878 1.899 1.905 1.868 2.595005 3.782028 4.306 5.5 -9999 -9999 -9999 -9999 -9999 -9999
-9999 -9999 -9999 -9999 -9999 11.749 11.739 11.646 11.13 10.635 10.203 9.784 9.498 9.449 9.583999 9.229999 8.805 9.148 9.404 9.151 9.016 8.479 8.165 5.895 3.95 3.048 1.997 1.733 1.681 1.628 1.629 1.797372 1.828 1.733 1.692 1.684 1.669 1.559 1.619 2.11 2.543 2.773 2.843 3.378 3.992 3.328 3.171 3.294 3.075 3.008 3.016 3.092 3.156 3.031 2.781 2.608 2.461 2.072 1.821 1.606 1.629 1.84 1.917 1.935 1.961 1.9 2.184161 3.299528 4.100709 5.5 -9999 -9999 -9999 -9999 -9999 -9999
-9999 -9999 -9999 -9999 11.906 11.717 11.669 11.546 10.982 10.412 10.016 9.537 9.142999 8.844 8.052999 5.925 5.787 5.526 5.961 5.849 5.376 4.201 3.298 2.543 2.341 1.835 1.671 1.69 1.819 1.767 1.571408 1.737805 1.822059 1.676 1.642 1.697 1.729 1.762 1.991 2.423 2.725 2.891 3.02 3.757 4.02 3.48 3.505 3.465 3.217 3.151 3.187 3.222 3.446 3.393 2.787 2.623 2.733 2.403 2.181 2.077 1.819 1.835 1.887 1.919 1.926 1.828 1.729199 2.384208 3.255182 4.3 5.5 -9999 -9999 -9999 -9999 -9999
-9999 -9999 -9999 -9999 11.887 11.566 11.354 11.159 10.726 10.245 9.436 7.404 5.41 4.281 3.616 3.565 3.452 3.672 3.843 3.835 3.086 2.801 2.693 2.426 1.895 1.751 1.621 1.71 1.823 1.803 1.579 1.661207 1.774 1.396 1.501 1.501 1.808 1.96 2.168 2.475 2.784 2.91 2.948 3.389 3.663 3.209 3.152 3.387 3.277 3.257 3.292 3.245 3.393 3.27 2.522 2.062 2.451 2.561 2.478 2.616 3.059 2.308 1.849 1.846 1.835 1.697 1.103329 1.071059 2.036068 2.643582 5.5 -9999 -9999 -9999 -9999 -9999
-9999 -9999 -9999 11.997 11.77 11.392 11.167 10.86 10.4 9.231 6.456 3.57 3.122 3.058 2.938 2.877 2.837 3.04 3.143 3.136 2.877 2.599 2.33 2.25 2.053 1.88 1.765 1.807 1.86 1.802 1.68 1.58 1.629745 1.307 1.326 1.454 1.721 1.931 2.117 2.321 2.647 2.877 2.918 2.82 2.841 2.928 3.07 3.348 3.374 3.349 3.316 3.367 3.302 3.086 2.556 2.037 2.571 2.742 2.834 3.09 3.359 3.33 3.201 1.758 1.772 1.771 1.391 0.590601 1.26006 2.32173 5.5 -9999 -9999 -9999 -9999 -9999
-9999 -9999 -9999 11.881 11.676 11.456 11.046 10.613 7.227 5.683 3.27 2.755 2.757 2.812 2.789 2.782 2.661 2.656 2.91 2.835 2.688 2.424 2.268 2.221 2.096 2.009 1.959 1.931 1.882 1.817 1.692 1.537213 1.426255 1.305 1.436 1.715 1.885 1.979 2.119 2.26 2.528 2.79 2.897 2.874 2.853 2.839 2.978 3.256 3.437 3.463 3.396 3.381 3.247 3.118 2.973 2.823 3.024 3.027 3.12 3.436 3.508 3.428 3.276 2.898 1.675 1.875 1.838 1.457704 1.442844 1.739718 5.5 -9999 -9999 -9999 -9999 -9999
-9999 -9999 -9999 11.756 11.536 11.318 11.03 8.215 4.3 3.262 2.95 2.654 2.65 2.782 2.808 2.794 2.701 2.698 2.776 2.695 2.514 2.395 2.302 2.213 2.11 2.084 2.114 2.075 1.968 1.878 1.742 1.438295 1.198244 1.203 1.491 1.719 1.866 1.985 2.103 2.252 2.466 2.709 2.857 2.897 2.865 2.846 2.969 3.171 3.428 3.541 3.524 3.399 3.298 3.186 3.192 3.33 3.377 3.29 3.308 3.408 3.567 3.546 3.484 3.245 2.863 2.191 2.327 2.085 1.799 1.76 5.5 5.5 -9999 -9999 -9999 -9999
-9999 -9999 -9999 11.614 11.35 11.18 9.677 4.799 3.398 3.066 2.851 2.617 2.554 2.638 2.795 2.838 2.799 2.784 2.808 2.762 2.64 2.519 2.355 2.234 2.157 2.186 2.347 2.257 2.098 1.943 1.735 1.417323 1.18276 1.193 1.405 1.641 1.8 1.955 2.078 2.24 2.498 2.701 2.846 2.866 2.826 2.814 2.965 3.193 3.358 3.572 3.544 3.222 3.436 3.414 3.29 3.595 3.532 3.239 3.254 3.453 3.682 3.617 3.562 3.414 3.139 2.822 2.763 2.599 2.397 2.25 2.564 5.5 -9999 -9999 -9999 -9999
-9999 -9999 11.76 11.463 11.211 11.027 6.622 3.68 3.113 2.867 2.795 2.575 2.462 2.588 2.704 2.776 2.763 2.785 2.811 2.794 2.715 2.579 2.462 2.351 2.346 2.436 2.635 2.474 2.159 1.96 1.710909 1.544218 1.422489 1.455 1.533 1.588 1.818 1.88 2.01 2.153 2.273 2.495 2.752 2.85 2.696 2.725 2.922 3.165 3.426 3.549 3.491 3.454 3.426 3.513 3.528 3.498 3.553 3.426 3.354 3.353 3.638 3.756 3.654 3.518 3.268 2.982 2.814 2.731 2.66 2.688 2.868 3.674 5.5 -9999 -9999 -9999
-9999 11.868 11.602 11.271 10.922 9.891 5.658 3.47 2.91 2.746 2.649 2.445 2.375 2.544 2.663 2.707 2.76 2.753 2.805 2.827 2.774 2.68 2.613 2.526 2.592 2.724 2.795 2.572 2.204 1.919 1.768256 1.723597 1.682724 1.672 1.679 1.673 1.717 1.816 1.946 2.09 2.198 2.34 2.515 2.72 2.597 2.669 2.878 3.106 3.3 3.372 3.434 3.495 3.396 3.36 3.488 3.527 3.597 3.645 3.553 3.518 3.692 3.721 3.664 3.586 3.377 3.109 2.903 2.777 2.856 2.911 2.95 3.002 5.5 -9999 -9999 -9999
12.139 11.913 11.721 11.495 11.266 10.247 4.454 3.315 2.654 2.679 2.528 2.399 2.512 2.648 2.687 2.707 2.73 2.738 2.809 2.866 2.834 2.775 2.744 2.673 2.801 2.86 2.81 2.61 2.25 1.917541 1.893511 1.896652 1.956 1.937 1.87 1.885 1.687 1.789 1.97 2.092 2.144 2.327 2.615 2.706 2.713 2.73 2.929 3.075 3.234 3.375 3.421 3.541 3.525 3.501 3.568 3.626 3.686 3.718 3.668 3.65 3.675 3.694 3.717 3.654 3.498 3.245 3.063 3.026 3.068 3.085 3.16 3.587 3.637 5.5 -9999 -9999
12.065 11.877 11.712 11.554 11.553 10.71 5.274 3.125 2.556 2.706 2.463 2.481 2.592 2.627 2.612 2.605 2.62 2.713 2.788 2.809 2.791 2.676 2.641 2.616 2.736 2.769 2.737 2.668 2.352 2.037 2.075855 2.167173 2.184 2.069 1.995 1.919 1.806 1.875 2.084 2.189 2.3 2.592 2.733 2.779 2.812 2.914 3.043 3.172 3.372 3.449 3.496 3.583 3.632 3.605 3.586 3.606 3.668 3.654 3.636 3.598 3.598 3.648 3.65 3.653 3.546 3.464 3.299 3.323 3.429 3.583 3.707 3.723 3.807 5.5 -9999 -9999
11.965 11.848 11.732 11.4 11.487 10.31 5.256 3.058 2.713 2.853 2.565 2.589 2.622 2.656 2.596 2.582 2.617 2.698 2.762 2.765 2.707 2.582 2.518 2.48 2.515 2.576 2.769 2.773 2.616 2.368519 2.338495 2.4243 2.351 2.179 2.124 2.079 2.058 2.059 2.662 2.713 2.593 2.657 2.779 2.857 2.884 2.969 3.165 3.372 3.478 3.489 3.505 3.518 3.532 3.453 3.609 3.557 3.614 3.606 3.626 3.597 3.596 3.643 3.649 3.712 3.72 3.739 3.699 3.616 3.675 3.79 3.867 3.937 4.06 4.218 5.5 -9999
11.886 11.81 11.812 11.58 11.181 9.666 5.287 3.167 2.806 2.91 2.755 2.655 2.632 2.626 2.636 2.603 2.617 2.646 2.667 2.68 2.583 2.485 2.416 2.369 2.338 2.357 2.702 2.753 2.633 2.454632 2.450513 2.51112 2.288 2.189 2.263 2.383 2.979 3.488 3.667 3.647 3.61 3.39 3.13 3.102 3.405 3.437 3.401 3.501 3.512 3.492 3.489 3.493 3.454 3.499 3.558 3.583 3.497 3.569 3.565 3.549 3.559 3.637 3.722 3.737 3.764 3.789 3.776 3.807 3.824 3.907 3.987 4.076 4.149 4.326 5.5 -9999
11.737 11.673 11.674 11.38 10.975 10.147 4.767 3.151 2.886 2.882 2.817 2.666 2.626 2.632 2.658 2.624 2.627 2.618 2.599 2.596 2.552 2.408 2.324 2.292 2.331 2.421 2.644 2.649 2.567 2.308 2.394171 2.56 2.458 2.232 3.662 4.549 4.48 4.184 3.934 4.143 4.008 3.748 3.699 3.925 4.356 4.175 3.464 3.586 3.53 3.493 3.536 3.49 3.531 3.503 3.57 3.669 3.512 3.515 3.569 3.481 3.532 3.644 3.742 3.714 3.753 3.821 3.78 3.796 3.885 3.979 4.072 4.105 4.15 4.429 5.5 -9999
11.704 11.606 11.515 11.25 10.779 9.448 4.171 3.189 2.892 2.822 2.82 2.562 2.565 2.598 2.628 2.638 2.645 2.611 2.586 2.562 2.448 2.293 2.287 2.443 2.566 2.611 2.753 2.616 2.551 2.236733 2.270768 2.529 2.57 5.473 9.35 10.964 9.852 6.807 4.764 4.491 4.183 3.971 3.884 4.558 4.348 4.24 4.15 3.58 3.497 3.413 3.456 3.43 3.381 3.404 3.415 3.506 3.498 3.531 3.524 3.507 3.604 3.65 3.689 3.701 3.821 3.743 3.698 3.773 3.92 4.02 4.054 4.097 4.174 4.414 4.982 5.659
11.52 11.472 11.277 11.193 10.951 10.447 6.064 3.249 3.445 3.697 2.907 2.511 2.557 2.632 2.66 2.653 2.635 2.559 2.465 2.366 2.3 2.448 2.427 2.502 2.599 2.669 2.693 2.703 2.68 2.326 2.854 4.319 8.04 11.431 11.547 11.437 10.644 9.25 7.64 5.111 4.522 4.299 4.748 4.844 4.557 4.219 4.176 3.826 3.521 3.456 3.46 3.418 3.409 3.398 3.451 3.454 3.515 3.47 3.438 3.427 3.531 3.556 3.503 2.09 3.81 3.563 3.569 3.771 4.004 4.066 4.056 4.146 4.147 4.497 5.604 5.957
