test/DeltaShell.Plugins.DelftModels.HydroModel.Tests/test-data/AcceptanceModels/SOBEK2/DarEsSalaam/FIXED/dtm_plus_wwtp_v8.asc
ncols         707
nrows         506
xllcorner     517520.00012207
yllcorner     9239740.0001221
cellsize      20
NODATA_value  -9999
[rows 340 to 373 of 506, columns 228 to 303 of 707]
-9999 -9999 -9999 -9999 -9999 -9999 -9999 -9999 48.38 48.074 47.642 47.078 46.509 45.693 46.896 46.783 46.485 46.617 47.448 48.763 49.277 49.229 46.419 43.476 40.466 37.928 35.92967 35.6775 35.25729 34.67289 34.37589 34.207 34.513 34.577 34.535 34.455 34.212 34.235 34.343 34.308 34.148 34.117 34.156 34.187 33.868 33.687 33.529 33.495 33.491 33.316 33.036 32.329 31.266 31.812 32.476 32.843 32.515 32.113 32.182 32.14 31.936 31.708 31.694 31.571 31.552 31.57 31.379 31.104 31.066 30.934 30.782 30.628 30.526 30.336 29.954 30.149
-9999 -9999 -9999 -9999 -9999 -9999 49.753 49.172 48.614 48.046 47.435 46.881 46.267 44.584 43.571 43.904 43.82 43.856 45.082 46.459 47.067 46.45 42.544 39.107 36.818 35.98 35.26763 35.1822 34.85899 34.50134 34.593 34.744 34.758 34.749 34.68 34.387 34.176 34.298 34.354 34.268 34.382 34.445 34.178 34.142 33.963 33.565 33.379 33.348 33.55 33.426 33.303 32.611 31.775 32.167 32.641 32.475 32.432 32.321 32.206 32.122 31.948 31.784 31.647 31.437 31.382 31.282 31.162 31.151 31.071 30.93 30.836 30.621 30.609 30.658 30.561 30.6
-9999 -9999 -9999 -9999 -9999 50.581 50.122 49.481 48.951 48.345 47.768 47.345 46.992 45.817 43.176 42.834 42.844 42.74 43.133 43.676 43.68 41.837 38.817 37.913 39.71374 37.95701 36.01728 35.22757 34.66979 34.39024 34.806 34.875 34.831 34.824 34.591 34.404 34.228 34.315 34.387 34.505 34.452 34.449 34.135 34.212 34.02 33.779 33.638 33.73 33.636 33.543 33.543 32.67 31.627 32.394 32.619 32.546 32.763 32.38 32.387 32.191 32.001 31.768 31.451 31.4 31.303 31.218 31.171 31.132 31.037 30.936 30.847 30.678 30.638 30.587 30.509 30.534
-9999 -9999 -9999 50.565 50.897 50.892 50.722 50.303 49.66 48.862 48.204 47.7 47.518 46.622 43.841 42.972 43.008 42.821 42.606 42.032 41.638 40.706 40.003 41.354 40.17389 38.25078 36.7452 35.62533 34.85558 34.608 34.894 34.905 34.861 34.855 34.698 34.57 34.49 34.517 34.614 34.543 34.549 34.467 34.409 34.218 34.005 33.833 33.705 33.708 33.576 33.556 33.313 32.089 31.17 32.471 32.554 32.638 32.732 32.675 32.475 32.378 32.094 31.855 31.606 31.402 31.277 31.409 31.3 31.142 30.996 30.893 30.81 30.752 30.696 30.682 30.572 30.468
-9999 -9999 48.548 49.769 50.704 51.23 51.812 51.608 50.792 49.564 48.587 47.786 47.392 46.614 44.389 43.901 44.329 44.562 44.546 44.165 43.428 43.008 42.424 39.387 39.22231 38.05988 36.79731 35.74479 35.07265 34.868 34.926 34.905 34.893 34.819 34.72 34.645 34.665 34.666 34.56 34.445 34.485 34.418 34.19 34.179 33.958 33.787 33.675 33.708 33.461 33.121 32.364 31.51 32.088 32.651 32.753 32.703 32.72 32.614 32.262 32.386 32.179 31.932 31.72 31.61 31.339 31.402 31.256 31.101 30.935 30.781 30.724 30.705 30.775 30.72 30.6 30.557
43.341 44.489 46.237 46.892 48.701 51.061 51.824 52.275 51.491 50.148 48.909 47.609 47.234 46.686 44.861 45.554 46.915 46.932 46.55 45.822 44.876 42.775 38.812 36.65173 37.39517 36.99457 36.27029 35.59314 35.07417 34.91 34.964 34.952 34.953 34.881 34.835 34.698 34.673 34.76 34.763 34.33 34.491 34.465 34.314 34.098 33.881 33.731 33.635 33.663 33.193 32.457 31.234 31.511 32.519 32.891 32.901 32.855 32.818 32.674 32.373 32.252 32.123 31.903 31.664 31.621 31.415 31.213 31.098 30.965 30.857 30.664 30.686 30.72 30.74 30.639 30.603 30.587
42.345 42.127 41.597 42.402 44.424 48.886 51.19 51.948 51.454 50.291 49.235 48.176 47.584 47.195 46.533 47.111 47.827 47.633 47.04 44.858 42.818 39.239 36.28447 35.81909 35.90032 35.77221 35.41892 35.07494 34.93098 34.98 35.026 35.043 35.036 34.96 34.867 34.864 34.735 34.574 34.407 34.238 34.348 34.337 34.183 34.052 33.872 33.704 33.222 32.715 32.025 31.309 31.81 32.383 32.993 33.329 33.113 32.891 32.861 32.635 32.467 32.292 32.111 31.965 31.903 31.546 31.365 31.143 31.003 30.799 30.812 30.706 30.717 30.707 30.695 30.644 30.593 30.579
43.116 43.286 42.723 41.086 41.708 46.008 49.947 50.815 51.002 50.29 49.289 48.431 48.189 48.067 47.829 48.068 47.816 46.191 44.052 40.539 38.34708 37.12162 36.07006 35.25794 34.92989 34.79902 34.65502 34.42406 34.68968 35.052 35.089 35.136 35.199 35.061 34.925 34.875 34.689 34.29 34.113 33.947 33.859 34.04 34.125 33.803 33.658 33.315 32.537 31.592 31.848 32.558 33.255 33.39 33.3 33.337 33.116 32.904 32.755 32.517 32.373 32.366 32.097 31.92 31.764 31.469 31.471 31.198 31.001 30.824 30.882 30.835 30.802 30.743 30.671 30.639 30.518 30.512
45.043 45.386 45.067 43.157 40.95 41.863 45.638 48.825 50.651 50.052 49.167 48.509 48.503 48.552 48.571 48.183 45.869 42.513 40.20597 38.59102 37.76265 36.51243 35.40275 34.66848 34.33432 34.31448 34.38232 34.25131 34.718 34.997 35.105 35.202 35.296 35.03 34.884 34.755 34.459 34.271 34.067 33.838 33.572 33.445 33.244 32.995 32.993 32.04 31.925 32.812 33.512 33.824 33.898 33.721 33.488 33.17 32.952 32.73 32.634 32.576 32.395 32.18 32.034 31.883 31.686 31.423 31.317 31.133 31.079 31.017 30.964 30.9 30.853 30.748 30.633 30.647 30.517 30.478
46.692 46.954 47.103 45.505 43.422 40.365 40.951 44.541 48.099 48.914 48.763 48.494 48.574 48.721 48.598 47.512 42.805 39.8936 39.50583 38.40236 37.16006 35.99921 34.99398 34.22091 33.9189 33.89702 34.39245 34.985 35.092 35.115 35.167 35.252 35.1 34.94 34.85 34.539 34.339 34.224 34.074 33.92 33.715 33.672 33.588 32.959 32.616 32.484 33.753 34.927 35.291 34.705 34.181 33.849 33.495 33.182 32.891 32.686 32.603 32.629 32.642 32.22 32.074 31.924 31.771 31.706 31.504 31.256 31.215 31.156 31.077 30.926 30.816 30.744 30.754 30.654 30.492 30.64
48.214 48.212 48.447 48.019 46.254 43.746 40.391 41.691 46.542 48.118 48.473 48.524 48.493 48.673 48.338 46.305 40.211 39.24865 38.68749 37.65442 36.57219 35.59558 34.70368 33.97212 33.5935 33.5129 34.35 35.26 35.437 35.268 35.168 35.164 35.036 34.794 34.456 34.59 34.567 34.376 34.238 34.37 33.802 33.512 33.512 33.32 32.656 32.324 34.46 35.824 35.708 35.222 34.514 34.143 33.734 33.231 33.022 32.835 32.675 32.598 32.57 32.215 32.075 31.943 31.749 31.582 31.619 31.326 31.279 31.192 31.112 30.897 30.577 30.695 30.544 30.578 30.524 30.525
48.518 48.455 48.294 47.906 47.651 46.787 43.643 39.626 42.441 46.388 48.029 48.546 48.274 48.413 47.607 43.499 38.74248 38.33303 37.67886 36.89579 36.04892 35.24576 34.68592 34.347 33.912 34.454 35.294 35.475 35.607 35.406 35.203 35.144 35.025 34.793 34.557 34.768 34.693 34.493 34.188 34.3 33.973 33.641 33.612 33.547 32.985 32.252 33.222 35.722 36.051 35.547 35.091 34.543 34.242 33.55 33.259 33.001 32.661 32.623 32.622 32.395 32.132 31.989 31.718 31.656 31.629 31.417 31.195 31.183 31.153 30.948 30.56 30.614 30.586 30.463 30.468 30.604
48.345 48.101 47.822 46.959 46.698 47.629 46.3 41.233 39.098 42.203 45.262 47.105 47.266 46.734 43.669 38.413 36.89023 36.93329 36.62071 36.17473 35.57113 34.95965 34.717 34.791 34.582 34.844 35.77 35.644 35.674 35.459 35.31 35.218 35.161 35.027 34.928 34.868 34.802 34.723 34.373 34.415 34.354 34.115 33.906 33.691 33.184 32.478 32.57 35.895 36.804 36.815 36.123 35.816 35.099 34.083 33.731 33.522 33.171 32.854 32.677 32.36 32.186 32.104 31.874 31.683 31.735 31.448 31.325 31.243 31.117 31.077 30.891 30.802 30.662 30.515 30.575 30.575
47.86 46.928 46.823 45.72 44.472 45.783 46.617 45.11 39.296 39.492 42.165 44.805 44.715 43.359 39.523 35.699 35.45971 35.76777 35.7715 35.6024 35.22404 34.79534 34.632 34.926 35.037 35.691 35.663 35.661 35.675 35.382 35.406 35.354 35.4 35.239 35.113 35.033 34.849 34.656 34.658 34.577 34.597 34.431 34.301 33.762 33.288 32.501 32.731 36.715 39.311 39.669 38.747 37.847 36.67 35.994 35.716 34.663 33.62 32.996 32.746 32.483 32.307 32.205 32.073 31.891 31.775 31.505 31.368 31.334 31.464 31.331 31.164 31.04 30.898 30.807 30.698 30.644
46.806 45.356 45.247 44.839 43.47 43.542 43.881 44.305 40.502 38.004 40.003 41.615 41.548 40.24 37.57 35.236 34.92085 35.14229 35.29207 35.29063 35.20999 35.08911 35.212 35.637 35.833 35.894 35.798 35.76 35.712 35.604 35.615 35.558 35.473 35.467 35.246 35.156 34.983 34.694 34.727 34.543 34.798 34.802 34.489 33.857 33.293 32.445 33.75 37.235 41.407 42.324 41.205 40.472 39.397 38.692 38.275 37.092 35.361 33.739 33.203 32.778 32.583 32.442 32.351 32.229 32.014 31.878 31.784 31.677 31.79 31.683 31.502 31.169 31.07 30.965 30.884 30.671
45.69 44.652 44.036 44.026 42.018 41.055 40.83 40.276 39.82 37.452 38.513 38.924 38.84 37.726 36.413 35.042 34.73879 34.88255 35.07463 35.20078 35.35406 35.71525 36.163 36.369 36.23 36.066 35.995 35.912 35.874 35.806 35.808 35.727 35.602 35.544 35.419 35.402 35.14 34.877 34.715 34.663 34.822 34.863 34.533 33.739 33.16 32.609 35.019 37.677 42.302 42.561 42.851 43.021 42.547 41.8 40.573 39.067 36.532 34.377 33.984 34.015 33.375 32.905 32.812 32.725 32.543 32.563 32.449 32.672 32.306 32.004 31.751 31.248 31.169 31.1 31.227 31.151
46.145 45.537 44.354 43.328 40.822 39.558 38.965 37.907 37.384 36.434 37.655 37.801 37.557 36.484 34.985 34.24979 34.51539 34.76883 35.00818 35.14995 35.3772 35.84101 36.399 36.673 36.378 36.167 36.161 36.088 35.984 35.879 35.791 35.691 35.565 35.421 35.414 35.397 35.265 35.062 34.842 34.762 34.725 34.708 34.49 33.637 33.817 35.149 37.043 41.409 44.482 44.206 44.372 44.674 44.509 43.829 41.633 38.987 36.259 35.72 36.087 36.575 36.542 35.534 35.468 35.958 36.101 35.156 33.96 33.1 32.509 32.175 31.879 31.601 31.448 32.001 32.189 32.395
47.814 47.29 46.114 42.446 39.368 38.326 37.762 37.615 36.97 35.997 36.196 36.2 35.909 35.21 34.597 34.33005 34.58706 34.92237 35.11098 35.13947 35.10339 35.29552 36.37 36.586 36.421 36.134 36.143 36.098 36.07 35.934 35.767 35.619 35.486 35.348 35.57 35.45 35.238 35.259 34.968 34.799 34.638 34.694 33.771 33.103 35.039 36.91 41.921 44.321 44.955 44.908 45.591 45.62 45.427 44.032 41.44 38.443 36.664 38.323 39.905 40.615 40.696 40.258 39.294 38.836 37.742 35.689 34.396 33.408 33.031 32.601 32.897 33.767 34.306 35.069 35.454 35.191
49.157 48.217 46.301 40.734 38.48 38.007 37.306 37.374 37.411 36.442 35.748 35.581 35.45 35.538 35.73235 35.26157 35.10558 35.31082 35.41195 35.31278 34.88467 34.40635 36.62 36.548 36.438 36.338 36.21 36.113 36.155 35.973 35.743 35.743 35.561 35.322 35.565 35.575 35.58 35.326 34.892 34.644 34.708 33.936 33.015 33.316 37.055 39.397 42.613 45.179 45.761 45.954 46.343 45.949 45.084 42.923 39.963 37.891 38.428 40.96 43.16 43.958 43.4 42.408 40.75 39.68 38.101 36.216 35.312 34.907 33.992 33.868 34.413 36.78 38.479 39.166 39.135 38.541
43.745 42.7 42.525 39.708 38.274 37.866 37.455 37.555 37.578 37.46454 37.18332 36.532 35.96682 35.86728 35.90127 35.77025 35.69933 35.87961 35.94635 35.92529 35.83586 36.588 36.733 36.493 36.387 36.475 36.253 36.169 36.108 35.934 35.69 35.782 35.702 35.358 35.376 35.503 35.297 35.038 34.459 33.95 33.483 33.326 33.167 35.569 40.814 43.387 44.817 46.073 46.492 46.623 46.492 45.821 44.075 40.833 38.73 38.673 40.46 43.273 44.993 45.21 43.848 42.292 40.585 39.134 37.839 37.181 37.132 36.749 35.243 34.561 34.939 39.14 41.616 42.224 42.242 41.975
39.182 38.879 38.536 38.273 38.056 37.911 37.88061 37.74148 37.69989 37.54094 37.22455 36.83514 36.40258 36.19735 36.1452 36.13154 36.19767 36.31693 36.48893 36.61729 36.614 36.692 36.691 36.633 36.483 36.506 36.304 36.345 36.182 35.912 35.761 35.592 35.098 34.778 34.756 34.946 34.955 34.59 33.963 33.371 33.208 33.883 35.274 39.869 44.051 45.328 46.398 47.078 47.142 46.929 46.5 45.301 43.56 40.796 38.85 38.786 40.959 42.994 44.708 44.601 43.233 41.976 40.017 39.407 39.178 38.509 38.388 37.86 35.411 34.83 35.278 39.372 42.116 42.982 43.297 43.172
38.611 38.456 38.241 38.152 38.026 37.83692 37.77367 37.63015 37.50583 37.38812 37.19005 36.91951 36.63414 36.45057 36.39528 36.43412 36.49016 36.5481 36.631 36.728 36.64 36.582 36.538 36.502 36.248 36.223 36.375 36.386 36.192 35.902 35.827 35.239 34.397 34.106 33.92 34.264 34.671 34.067 33.525 33.386 34.364 37.395 38.353 41.013 43.697 45.761 46.904 47.51 47.305 46.862 45.746 44.521 43.076 40.697 39.133 38.806 39.882 41.137 42.302 43.529 42.865 41.923 40.664 40.378 40.309 39.13 37.939 36.814 35.317 35.304 35.751 39.019 41.018 41.889 42.411 42.464
38.632 38.536 38.478 38.256 38.028 37.79318 37.60041 37.37573 37.28096 37.18905 37.0792 36.95531 36.70958 36.53531 36.46694 36.49985 36.6835 36.771 36.791 36.648 36.607 36.726 36.357 36.295 36.148 36.161 36.361 36.365 36.243 35.887 35.613 34.338 34.181 33.873 33.707 33.52 33.539 33.404 34.151 35.288 36.778 40.521 42.823 42.672 43.922 45.78 46.888 47.437 47.18 46.262 44.864 43.707 42.591 40.706 39.613 39.675 39.965 40.373 41.776 43.369 43.745 43.286 42.713 41.561 40.859 39.171 37.283 36.244 36.114 36.004 36.178 37.442 40.025 41.141 41.884 41.995
38.75 38.671 38.608 38.136 37.99217 37.73718 37.3894 37.00845 37.02945 37.02929 36.94862 37.00931 36.74249 36.60425 36.728 36.978 37.19 37.069 36.838 36.627 36.375 36.209 36.103 35.01 34.522 34.565 35.138 35.975 35.917 35.518 34.435 34.839 35.108 34.731 34.899 35.456 34.846 35.608 36.256 37.072 38.921 44.236 44.279 44.861 46.072 46.613 47.049 47.306 47.151 46.547 45.773 44.534 43.691 42.516 41.663 41.244 42.063 42.039 43.631 44.878 44.847 44.424 43.486 42.036 40.279 39.036 37.34 38.272 39.018 36.81 36.595 37.065 38.945 40.697 41.792 42.319
38.803 38.787 38.583 38.15156 38.04475 37.7302 37.37841 36.94391 37.00951 37.038 37.21 37.651 37.321 37.183 37.259 37.2 37.19 37.075 36.785 36.397 35.96 35.687 35.299 34.613 34.885 34.915 34.552 34.821 34.599 34.334 34.509 35.686 35.742 35.958 37.035 42.251 39.461 37.961 38.019 39.573 44.425 46.083 45.763 46.264 47.165 47.626 47.513 47.396 46.933 46.76 46.679 46.145 46.441 45.767 44.719 44.094 44.157 43.867 45.06 45.922 45.973 44.841 42.76 40.361 39.43 38.956 39.094 40.067 39.6 38.096 37.761 38.124 38.887 40.327 41.634 43.245
38.698 38.731 38.65105 38.34213 38.11363 37.76175 37.61028 37.734 37.929 37.828 37.707 37.755 37.629 37.464 37.258 37.111 37.136 37.002 36.685 36.249 35.754 35.415 34.917 35.499 35.644 35.35 34.896 34.632 34.187 34.244 34.71 35.702 35.921 36.544 39.353 43.052 43.632 42.642 41.815 42.688 45.864 47.467 47.142 46.979 47.449 47.64 47.794 47.544 47 46.771 46.916 46.623 46.639 46.292 46.385 46.513 46.107 45.473 45.783 46.204 45.896 44.404 41.511 40.394 40.511 41.331 42.659 42.744 41.19 39.523 39.289 39.285 39.69 40.382 41.755 43.59
38.457 38.377 38.4872 38.36783 38.17236 37.848 37.964 38.251 38.256 38.018 37.835 37.722 37.64 37.344 37.457 37.104 37.024 36.873 36.562 36.102 35.828 35.384 35.132 35.889 36.269 36.049 35.498 35.246 35.118 34.791 34.668 35.575 36.028 37.212 39.488 42.096 43.482 44.708 45.649 46.33 47.216 47.409 47.442 47.42 47.669 47.713 47.758 47.518 47.145 47.006 46.934 46.633 46.714 46.329 46.545 46.603 46.484 46.031 45.84 45.308 44.452 42.45 40.575 41.353 42.597 44.143 44.8 43.935 42.401 41.147 41.468 41.353 41.056 41.482 42.449 42.775
37.84468 37.9798 38.31909 38.34964 38.25355 38.13944 38.285 38.348 38.421 38.247 37.833 37.774 37.6 37.234 37.054 36.838 36.846 36.754 36.417 35.823 35.444 35.187 35.312 36.415 36.574 36.202 35.86 35.472 35.525 35.001 34.62 35.565 36.496 38.008 41.486 44.725 46.218 46.728 47.401 47.303 47.347 47.546 47.572 47.684 47.671 47.669 47.623 47.448 47.359 47.23 47.102 46.67 46.546 46.46 46.539 46.462 46.352 46.265 45.616 44.888 43.913 42.846 42.924 43.688 44.347 45.155 45.081 44.308 43.603 43.38 43.472 42.814 42.57 42.544 42.572 42.477
37.988 38.09641 38.29379 38.35334 38.34036 38.317 38.339 38.349 38.38 38.249 37.901 37.796 37.568 37.095 36.644 36.214 36.425 36.252 35.748 35.413 35.792 36.077 36.26 36.496 36.292 36.032 35.711 35.72 35.544 34.856 34.688 35.593 37.107 40.081 44.396 46.712 47.658 47.812 47.69 47.432 47.481 47.704 47.728 47.649 47.497 47.437 47.537 47.473 47.448 47.297 47.048 46.781 46.638 46.608 46.661 46.411 46.226 46.529 46.156 45.786 44.977 45.056 45.219 45.251 45.22 45.262 45.216 44.706 44.355 44.287 44.537 44.315 43.258 42.554 42.273 42.157
37.91325 38.12427 38.31427 38.36948 38.34932 38.31524 38.259 38.363 38.368 38.224 37.942 37.816 37.546 36.901 36.43 35.979 35.741 35.381 35.79 36.283 36.299 36.414 36.42 36.587 36.374 35.922 35.384 34.971 34.769 34.821 34.986 36.219 38.419 42.215 45.974 47.284 47.791 47.763 47.803 47.725 47.726 47.756 47.692 47.51 47.333 47.349 47.43 47.403 47.219 47.173 47.033 46.925 46.785 46.584 46.625 46.39 46.177 46.172 46.254 45.934 45.73 45.718 45.354 45.476 45.394 45.4 45.164 44.91 44.638 44.723 44.832 44.779 44.398 42.837 42.055 41.942
37.7286 38.09609 38.32361 38.40488 38.31874 38.238 38.285 38.306 38.329 38.093 37.917 37.781 37.425 36.836 36.33 35.93 35.675 36.161 36.608 36.798 36.825 36.836 36.795 36.678 36.397 35.926 35.328 35.224 35.581 35.66 35.577 37.256 40.668 44.233 47.047 47.639 47.915 47.909 47.896 47.853 47.828 47.801 47.773 47.541 47.257 47.345 47.472 47.381 47.246 47.096 46.999 46.937 46.832 46.602 46.576 46.337 46.282 46.152 46.159 46.056 45.835 45.746 45.621 45.421 45.168 45.194 45.199 45.161 45.054 44.791 44.743 44.407 44.246 42.962 41.255 41.412
37.75139 38.07473 38.32359 38.45018 38.528 38.446 38.283 38.311 38.176 37.921 37.834 37.662 37.323 36.748 36.26 36.218 36.534 37.01 37.291 37.119 36.927 36.81 36.745 36.447 36.055 35.818 35.648 35.759 35.444 35.633 36.834 39.207 43.079 46.634 47.838 48.072 48.23 48.094 48.037 47.957 47.88 47.803 47.757 47.573 47.345 47.506 47.335 47.364 47.277 47.038 46.922 46.782 46.652 46.63 46.566 46.441 46.507 46.501 46.345 46.265 46.1 45.859 45.649 45.364 45.14 45.254 45.392 45.318 45.23 44.876 44.489 44.36 43.605 41.449 40.194 40.18
37.83035 38.08845 38.29792 38.317 38.504 38.265 38.267 38.348 38.082 37.864 37.719 37.422 37.044 36.48 36.31 36.486 36.989 37.405 37.542 37.343 36.711 36.682 36.487 36.243 35.933 35.88 35.781 35.48 34.808 36.054 38.159 40.807 45.305 47.732 48.321 48.347 48.331 48.271 48.187 48.055 47.958 47.866 47.843 47.709 47.614 47.602 47.428 47.267 47.207 46.948 46.843 46.565 46.601 46.51 46.501 46.453 46.5 46.615 46.488 46.349 46.137 45.992 45.773 45.631 45.443 45.384 45.584 45.484 45.117 44.819 44.503 43.939 42.189 40.5 40.351 40.384
37.72801 38.04495 38.30167 38.498 38.409 38.309 38.308 38.302 38.044 37.829 37.731 37.112 36.71 36.217 36.381 36.89 37.291 37.436 37.371 37.247 36.876 36.764 36.428 36.159 35.817 35.897 35.696 35.236 35.033 37.117 39.888 42.76 46.638 48.065 48.631 48.469 48.346 48.206 48.131 48.089 48.019 47.873 47.85 47.728 47.591 47.414 47.372 47.264 47.136 46.95 46.869 46.676 46.591 46.586 46.57 46.547 46.514 46.499 46.462 46.352 46.066 45.969 45.809 45.674 45.49 45.54 45.481 45.415 45.007 44.727 44.003 43.043 -9999 -9999 -9999 -9999
