test/DeltaShell.Plugins.DelftModels.HydroModel.Tests/test-data/AcceptanceModels/SOBEK2/DarEsSalaam/FIXED/dtm_plus_wwtp_v8.asc
ncols         707
nrows         506
xllcorner     517520.00012207
yllcorner     9239740.0001221
cellsize      20
NODATA_value  -9999
[rows 272 to 305 of 506, columns 380 to 455 of 707]
22.467 21.963 21.61 21.298 21.385 21.48391 22.08752 22.544 22.502 22.581 22.329 22.293 22.201 21.996 21.828 21.701 21.679 21.606 21.422 21.329 21.347 21.302 21.054 20.828 20.644 20.718 20.763 20.703 20.704 20.427 20.421 20.368 20.292 20.435 20.263 20.024 19.897 19.869 19.889 19.711 19.507 19.728 19.514 19.41 19.445 19.342 19.479 19.582 19.367 20.346 21.911 20.336 20.444 20.671 20.726 20.022 19.789 19.796 19.662 19.557 19.775 20.038 20.19 20.382 21.326 25.925 30.436 30.943 31.434 30.39 29.4 28.859 28.627 -9999 -9999 -9999
22.478 22.025 21.64 21.485 21.532 21.52359 22.43389 22.648 22.457 22.545 22.388 22.413 22.344 22.003 21.797 21.659 21.414 21.567 21.448 21.255 21.378 21.121 20.94 20.799 20.767 20.718 20.699 20.722 20.734 20.567 20.398 20.29 20.157 20.132 20.156 20.007 19.91 19.779 19.656 19.504 19.458 19.611 19.444 19.422 19.369 19.427 19.656 19.509 19.345 19.419 19.922 23.443 20.291 20.472 20.657 20.201 20.453 20.848 20.78 20.741 21.129 21.791 22.639 22.931 24.841 29.722 31.169 31.39 31.303 30.599 29.955 29.461 -9999 -9999 -9999 -9999
22.5 22.083 21.779 21.489 21.104 21.57215 22.59899 22.64 22.607 22.585 22.367 22.207 22.305 22.002 21.817 21.809 21.572 21.46 21.56 21.395 21.199 20.985 20.853 20.761 20.682 20.563 20.539 20.563 20.552 20.492 20.413 20.259 20.116 20.065 20.008 19.916 19.841 19.681 19.576 19.468 19.451 19.434 19.423 19.405 19.383 19.359 19.656 19.2 19.2 19.308 19.633 21.787 20.603 20.38 20.391 20.467 20.788 21.325 22.085 22.555 23.954 25.546 26.051 27.791 29.468 31.3 32.133 31.72 31.366 30.702 30.424 -9999 -9999 -9999 -9999 -9999
22.434 22.049 21.552 21.044 21.02245 21.94726 22.402 22.618 22.613 22.359 22.232 22.254 22.163 22.009 21.906 21.862 21.686 21.619 21.595 21.47 21.301 20.945 20.826 20.85 20.816 20.788 20.51 20.527 20.533 20.421 20.359 20.186 20.096 20.057 19.926 19.864 19.758 19.655 19.562 19.52 19.379 19.307 19.362 19.485 19.461 19.631 19.604 19.2 19.2 19.284 18.878 20.058 23.89 20.481 20.321 20.401 20.55 20.988 21.581 22.617 25.207 27.674 28.686 30.054 31.12 32.235 32.284 31.851 31.422 30.787 30.687 -9999 -9999 -9999 -9999 -9999
22.42 22.065 21.24 21.07905 21.8413 22.416 22.622 22.627 22.612 22.318 22.136 22.19 22.144 22.029 21.844 21.678 21.681 21.51 21.288 21.375 21.44 21.153 21.046 20.989 20.868 20.729 20.639 20.684 20.499 20.343 20.252 20.109 20.095 20.083 19.851 19.741 19.698 19.543 19.53 19.444 19.296 19.439 19.433 19.334 19.755 19.786 19.2 19.2 19.2 19.2 19.369 19.251 20.929 21.924 20.602 20.613 20.673 20.571 21.177 22.011 24.129 26.578 30.011 30.917 31.573 31.953 31.948 31.607 31.104 30.748 -9999 -9999 -9999 -9999 -9999 -9999
22.542 21.83268 21.4993 21.8342 22.26 22.556 22.666 22.676 22.725 22.409 22.268 22.28 22.272 22.124 21.794 21.635 21.512 21.279 21.299 21.561 21.665 21.443 21.306 21.07 20.811 20.51 20.401 20.76 20.562 20.413 20.303 20.138 20.11 20.004 19.758 19.699 19.643 19.826 19.636 19.52 19.413 19.577 19.53 19.424 19.672 19.733 19.344 19.2 19.2 19.2 19.257 19.419 20.258 24.542 20.667 20.688 20.752 20.652 21.048 22.034 23.36 25.876 27.959 30.803 31.805 31.844 31.608 31.376 30.983 -9999 -9999 -9999 -9999 -9999 -9999 -9999
22.24368 21.88412 21.86792 22.258 22.639 22.751 22.796 22.789 22.788 22.46 22.252 22.226 22.369 22.231 21.912 21.667 21.534 21.667 21.564 21.496 21.392 21.417 21.382 21.169 20.914 20.735 20.649 20.867 20.646 20.404 20.604 20.167 20.034 19.903 19.82 19.725 19.6 19.711 19.504 19.573 19.67 19.677 19.668 19.552 19.688 19.2 19.2 19.241 19.2 19.2 19.2 19.614 19.207 21.566 22.475 20.739 20.832 21.198 21.24 21.805 23.462 25.378 27.278 29.951 31.732 31.871 31.561 31.413 31.145 -9999 -9999 -9999 -9999 -9999 -9999 -9999
21.92663 21.83044 22.235 22.598 22.901 22.885 22.869 22.824 22.55 22.513 22.468 22.468 22.317 22.257 22.126 21.796 21.743 21.737 21.547 21.432 21.235 21.2 21.232 21.203 21.072 20.929 20.826 20.818 20.669 20.478 20.371 20.225 19.976 19.847 19.823 19.756 19.657 19.721 19.646 19.506 19.399 19.392 19.561 19.662 19.73 19.2 19.2 19.242 19.2 19.2 19.2 19.2 19.487 20.168 25.613 21.16 21.636 22.073 21.783 22.519 24.043 24.947 26.259 29.154 31.773 32.282 32.054 31.696 -9999 -9999 -9999 -9999 -9999 -9999 -9999 -9999
22.182 22.471 22.738 22.863 22.943 22.907 22.862 22.764 22.368 22.359 22.653 22.497 22.42 22.367 22.205 22.08 21.892 21.824 21.348 21.245 21.235 21.234 21.248 21.25 21.111 20.952 20.883 20.767 20.412 20.257 20.338 20.263 19.987 19.896 19.805 19.724 19.685 19.702 19.645 19.517 19.393 19.41 19.505 19.692 19.398 19.2 19.2 19.2 19.327 19.2 19.2 19.2 19.564 19.335 24.369 23.568 22.498 25.495 25.179 23.553 24.69 26.051 26.975 30.367 32.058 32.332 32.219 31.876 -9999 -9999 -9999 -9999 -9999 -9999 -9999 -9999
22.733 23.061 23.074 23.056 23 22.849 22.761 22.725 22.689 22.614 22.626 22.515 22.538 22.404 22.166 22.173 22.158 21.771 21.53 21.406 21.405 21.388 21.427 21.481 21.107 20.617 20.521 20.634 20.735 20.42 20.204 20.225 19.963 19.676 19.721 19.7 19.634 19.635 19.647 19.606 19.587 19.53 19.521 19.698 19.27 19.2 19.2 19.2 19.201 19.2 19.2 19.2 19.335 19.353 21.326 26.8 22.103 23.448 26.943 26.721 26.096 27.725 29.842 31.481 32.356 32.717 32.3 -9999 -9999 -9999 -9999 -9999 -9999 -9999 -9999 -9999
23.304 23.237 23.331 23.219 23.107 22.968 22.864 22.784 22.714 22.683 22.644 22.452 22.491 22.436 22.178 22.273 22.302 21.85 21.46 21.381 21.522 21.498 21.266 21.434 21.108 20.78 20.622 20.49 20.424 20.463 20.129 20.077 19.822 19.584 19.701 19.752 19.637 19.436 19.502 19.717 19.741 19.644 19.718 19.508 19.2 19.2 19.2 19.2 19.2 19.309 19.2 19.2 19.764 19.574 19.733 24.391 24.611 22.576 25.19 28.158 28.787 30.596 31.794 32.19 32.765 32.839 -9999 -9999 -9999 -9999 -9999 -9999 -9999 -9999 -9999 -9999
23.359 23.232 23.444 23.359 23.245 23.097 22.969 22.844 22.685 22.736 22.689 22.623 22.657 22.691 22.668 22.385 22.164 21.738 21.316 21.297 21.412 21.531 21.308 21.259 21.017 20.778 20.654 20.464 20.451 20.302 20.299 20.074 19.916 19.795 19.807 19.857 19.722 19.594 19.549 19.553 19.653 19.661 19.692 19.2 19.2 19.309 19.2 19.2 19.2 19.2 19.236 19.587 19.864 19.75 19.84 20.044 26.888 22.567 23.512 28.439 30.399 31.393 32.154 32.686 32.855 32.908 -9999 -9999 -9999 -9999 -9999 -9999 -9999 -9999 -9999 -9999
23.54 23.28 23.348 23.227 23.284 23.162 23.059 22.973 22.879 22.85 22.738 22.608 22.569 22.592 22.557 22.497 22.04 21.639 21.476 21.435 21.364 21.166 21.043 20.905 20.855 20.696 20.729 20.602 20.331 20.411 20.441 20.164 20.175 20.006 19.925 20.003 19.906 19.757 19.496 19.597 19.746 19.794 19.611 19.2 19.2 19.2 19.2 19.2 19.2 19.2 19.37 19.681 19.681 19.825 19.932 19.867 23.454 26.528 23.338 26.206 31.358 31.824 32.166 32.482 32.561 -9999 -9999 -9999 -9999 -9999 -9999 -9999 -9999 -9999 -9999 -9999
23.326 23.347 23.357 23.271 23.267 23.19 23.208 23.169 23.093 23.217 23.12 22.75 22.807 22.822 22.769 22.566 22.229 21.535 21.275 21.254 21.144 20.897 20.661 20.626 20.789 20.662 20.607 20.71 20.396 20.345 20.305 20.217 20.108 20.047 20.045 20.162 20.216 20.154 19.883 19.946 19.953 19.832 19.2 19.2 19.2 19.2 19.253 19.2 19.2 19.2 19.885 19.681 19.681 19.789 20.122 20.14 21.034 27.824 24.059 25.408 29.107 31.493 32.142 32.192 -9999 -9999 -9999 -9999 -9999 -9999 -9999 -9999 -9999 -9999 -9999 -9999
23.279 23.381 23.371 23.398 23.279 23.316 23.222 23.314 23.229 23.604 23.73 24.089 24.653 25.384 24.765 23.157 22.412 21.628 21.338 21.248 21.11 21.008 20.848 20.635 20.765 20.684 20.609 20.559 20.587 20.33 20.235 20.274 20.154 20.058 20.05 20.115 20.229 20.166 19.958 19.831 19.926 19.824 19.2 19.2 19.2 19.2 19.2 19.311 19.2 19.664 19.681 19.681 19.833 19.793 19.78 20.236 20.651 23.268 28.181 24.998 28.314 30.851 31.745 32.089 -9999 -9999 -9999 -9999 -9999 -9999 -9999 -9999 -9999 -9999 -9999 -9999
23.28 23.444 23.422 23.437 23.381 23.286 23.449 23.467 23.367 23.849 25.246 27.455 29.187 29.279 26.862 23.526 22.259 21.59 21.777 21.445 21.242 21.201 21.096 20.919 20.867 20.776 20.746 20.622 20.704 21.18 21.744 21.718 21.193 20.408 20.158 20.103 20.197 20.287 19.844 19.672 20.039 19.548 19.524 19.2 19.2 19.2 19.2 19.2 19.444 20.153 19.701 19.72 19.835 19.821 20.269 20.241 20.508 21.17 28.143 26.395 27.846 30.373 31.75 -9999 -9999 -9999 -9999 -9999 -9999 -9999 -9999 -9999 -9999 -9999 -9999 -9999
23.553 23.51 23.647 23.536 23.487 23.519 23.731 24.576 26.692 28.417 29.242 29.282 28.942 27.825 23.957 22.609 22.238 21.783 21.715 21.644 21.39 21.197 21.155 21.118 21.13 21.142 21.153 21.413 22.205 24.153 26.617 25.415 22.996 22.266 20.671 20.227 20.239 20.266 20.041 20.081 20.174 19.566 19.532 19.524 19.2 19.2 19.2 19.2 19.746 19.689 20.085 19.986 19.805 19.799 20.961 20.25 20.448 21.604 24.658 28.847 27.189 30.828 31.879 -9999 -9999 -9999 -9999 -9999 -9999 -9999 -9999 -9999 -9999 -9999 -9999 -9999
23.605 23.484 23.578 23.694 23.812 23.659 24.028 26.971 29.279 29.991 28.95 27.954 25.91 23.885 22.963 22.695 22.501 22.494 22.046 21.843 21.391 21.375 21.196 21.232 21.29 21.313 21.351 21.866 23.659 27.118 30.839 28.025 25.216 23.77 20.837 20.221 20.273 20.165 20.129 20.266 19.642 19.54 19.517 19.485 19.362 19.2 19.2 19.922 20.277 19.689 19.781 19.883 19.899 20.443 20.485 20.249 20.691 24.001 25.461 29.195 28.458 31.04 -9999 -9999 -9999 -9999 -9999 -9999 -9999 -9999 -9999 -9999 -9999 -9999 -9999 -9999
23.716 23.691 23.722 23.798 23.913 24.086 24.929 26.728 27.319 25.943 24.931 24.195 23.611 23.352 22.981 22.605 22.619 22.417 22.201 21.868 21.61 21.535 21.38 21.478 21.617 22.076 22.783 23.927 26.444 31.027 31.866 29.525 26.804 24.768 21.134 20.577 20.346 20.266 20.559 20.372 19.615 19.53 19.507 19.532 19.517 19.2 19.273 20.42 20.37 19.954 19.973 19.907 19.91 20.492 20.301 20.428 20.575 24.237 25.769 27.027 29.825 28.61 -9999 -9999 -9999 -9999 -9999 -9999 -9999 -9999 -9999 -9999 -9999 -9999 -9999 -9999
23.848 23.768 23.727 23.741 24.048 24.479 25.811 26.308 25.125 24.796 24.685 24.4 24.23 23.476 23.256 22.674 22.773 22.792 22.523 22.294 22.066 21.969 22.106 22.179 22.597 24.256 27.072 27.142 29.961 32.141 32.453 31.068 27.84 25.887 23.453 21.663 21.32 21.335 21.118 20.974 19.708 19.479 19.534 19.622 19.666 19.538 20.603 20.634 19.845 19.58 19.686 19.982 19.925 20.543 20.388 20.396 20.788 23.719 25.319 26.722 29.164 -9999 -9999 -9999 -9999 -9999 -9999 -9999 -9999 -9999 -9999 -9999 -9999 -9999 -9999 -9999
24.025 23.951 23.917 24.077 24.269 25.867 28.384 27.975 25.614 25.351 25.719 25.903 25.729 25.508 24.854 23.295 23.157 22.73 22.407 22.354 22.495 22.671 22.833 23.347 23.754 27.832 29.988 30.365 32.418 33.102 33.112 31.965 29.664 27.765 25.168 23.408 23.368 25.369 23.111 21.258 21.053 19.495 19.525 19.572 19.634 20.004 20.798 20.881 20.624 19.973 19.686 20.782 20.863 20.4 20.318 20.417 20.853 22.654 24.128 26.77 -9999 -9999 -9999 -9999 -9999 -9999 -9999 -9999 -9999 -9999 -9999 -9999 -9999 -9999 -9999 -9999
24.099 24.09 24.13 24.339 24.467 26.349 29.451 28.554 25.627 26.391 27.886 28.22 28.555 28.836 28.378 24.836 23.35 23.095 22.726 22.615 23.56 24.073 24.067 24.392 27.288 29.926 31.43 32.008 33.09 33.633 33.481 32.993 30.769 29.087 27.35 25.311 24.309 24.189 22.529 21.405 21.689 21.268 19.571 19.587 19.715 20.801 21.062 20.774 20.398 20.757 21.081 21.191 20.915 20.602 20.621 20.668 20.868 22.959 25.049 27.962 -9999 -9999 -9999 -9999 -9999 -9999 -9999 -9999 -9999 -9999 -9999 -9999 -9999 -9999 -9999 -9999
24.22 24.184 24.24 24.629 24.7 25.945 27.363 26.218 25.825 27.153 29.4 29.973 30.316 30.282 29.495 26.498 23.96 23.632 24.071 25.45 26.468 26.949 26.18 25.914 29.299 32.011 32.791 33.14 33.839 33.847 33.647 33.468 32.137 31.387 29.852 27.934 24.163 22.768 22.38 21.559 21.483 21.659 21.468 19.83 20.903 21.037 20.768 20.3 20.3 21.07 21.497 21.373 20.91 20.713 20.808 20.882 22.615 25.38 28.576 -9999 -9999 -9999 -9999 -9999 -9999 -9999 -9999 -9999 -9999 -9999 -9999 -9999 -9999 -9999 -9999 -9999
24.386 24.298 24.303 24.833 25.358 26.162 26.527 26.365 26.569 28.498 30.666 31.052 30.912 30.094 28.71 26.074 24.918 24.635 26.545 28.791 29.329 29.043 28.298 29.315 31.56 32.721 33.566 33.843 34.174 33.96 33.788 33.554 32.886 32.344 31.101 28.085 24.725 22.686 22.419 22.145 21.706 21.857 21.81 21.71 21.716 21.104 20.3 20.3 20.955 20.938 21.39 21.198 20.794 20.882 20.949 22.534 25.39 28.441 30.656 -9999 -9999 -9999 -9999 -9999 -9999 -9999 -9999 -9999 -9999 -9999 -9999 -9999 -9999 -9999 -9999 -9999
24.572 24.568 24.853 25.531 26.985 27.326 27.284 27.569 27.867 29.824 31.692 31.753 31.524 29.912 27.719 25.976 26.015 26.013 28.484 31.307 32.279 31.189 30.184 31.696 32.833 33.134 33.517 33.768 33.749 33.668 33.577 33.469 33.095 32.494 31.09 28.622 24.814 23.014 22.728 23.005 23.096 22.873 22.753 22.751 23.074 22.884 20.444 21.032 21.032 21.223 21.486 21.215 21.34 21.538 23.48 25.57 28.873 30.653 -9999 -9999 -9999 -9999 -9999 -9999 -9999 -9999 -9999 -9999 -9999 -9999 -9999 -9999 -9999 -9999 -9999 -9999
24.71 25.338 26.135 28.082 30.221 29.667 27.663 27.806 28.637 31.222 32.312 32.347 32.152 29.328 27.382 28.013 28.713 28.73 30.208 32.419 33.433 32.423 32.138 33.146 33.491 33.49 33.701 33.827 33.512 33.225 33.274 33.003 32.745 31.953 29.013 25.777 23.543 23.213 23.328 24.634 25.29 24.828 23.864 23.89 23.792 23.643 23.172 21.368 21.513 21.833 21.661 22.005 22.354 23.773 25.965 28.42 30.471 -9999 -9999 -9999 -9999 -9999 -9999 -9999 -9999 -9999 -9999 -9999 -9999 -9999 -9999 -9999 -9999 -9999 -9999 -9999
25.414 26.979 29.394 31.158 31.966 30.544 27.786 28.28 29.765 31.879 32.8 32.955 32.535 30.149 28.888 31.219 32.157 32.78 32.869 33.57 33.883 33.781 33.336 33.836 33.992 33.933 34.032 34.238 33.848 33.353 33.152 32.694 31.982 30.239 26.483 23.598 23.253 23.349 23.863 26.079 27.827 27.483 26.21 25.521 24.387 23.825 23.601 23.113 22.251 22.183 22.513 24.237 26.051 26.902 28.718 30.366 30.78 -9999 -9999 -9999 -9999 -9999 -9999 -9999 -9999 -9999 -9999 -9999 -9999 -9999 -9999 -9999 -9999 -9999 -9999 -9999
27.19 30.468 32.58 32.853 32.524 30.519 28.338 29.309 31.069 32.669 33.705 33.86 33.499 32.573 32.073 32.58 33.261 33.746 33.83 33.992 34.258 34.329 34.389 34.198 34.302 34.364 34.136 34.295 33.767 33.368 32.899 32.255 30.911 28.015 24.17 24.164 24.672 23.731 24.161 26.971 29.696 30.24 28.658 27.253 24.85 23.768 23.5 23.614 23.305 23.633 25.611 28.251 30.653 30.567 30.972 31.329 -9999 -9999 -9999 -9999 -9999 -9999 -9999 -9999 -9999 -9999 -9999 -9999 -9999 -9999 -9999 -9999 -9999 -9999 -9999 -9999
30.452 33.057 33.267 32.715 31.409 28.986 28.969 30.692 32.243 33.678 34.522 34.171 33.946 33.614 33.585 33.534 33.917 34.123 34.247 34.363 34.656 34.565 34.36 34.114 34.063 34.073 34.028 34.056 33.508 32.943 32.545 31.074 28.249 25.084 24.889 25.903 25.377 24.446 24.986 28.589 30.904 31.578 30.227 28.67 25.033 23.657 23.815 24.588 26.167 28.772 30.201 30.888 31.622 31.643 31.206 -9999 -9999 -9999 -9999 -9999 -9999 -9999 -9999 -9999 -9999 -9999 -9999 -9999 -9999 -9999 -9999 -9999 -9999 -9999 -9999 -9999
33.336 33.647 32.382 30.92 29.135 28.53 30.144 31.961 33.463 34.524 34.698 34.421 34.216 34.122 33.936 33.99 34.253 34.353 34.395 34.729 34.865 34.677 34.146 33.769 33.221 32.921 32.749 32.844 32.661 31.852 30.577 29.065 26.428 26.176 27.206 27.739 26.127 25.423 25.945 29.156 31.223 32.061 31.163 28.791 24.51 24.351 25.159 29.489 31.791 32.293 32.164 32.108 31.44 31.267 -9999 -9999 -9999 -9999 -9999 -9999 -9999 -9999 -9999 -9999 -9999 -9999 -9999 -9999 -9999 -9999 -9999 -9999 -9999 -9999 -9999 -9999
33.837 32.708 31.202 29.596 28.853 29.402 31.172 32.925 34.239 34.9 34.886 34.744 34.728 34.716 -9999 -9999 34.326 34.296 34.209 34.437 34.61 34.628 34.245 33.55 32.14 31.099 30.565 30.697 30.751 30.125 28.632 27.742 28.304 28.919 29.459 28.686 26.834 26.218 26.672 29.421 31.577 32.322 32.02 28.436 25.659 26.742 29.75 31.866 32.649 32.22 31.82 31.367 31.464 -9999 -9999 -9999 -9999 -9999 -9999 -9999 -9999 -9999 -9999 -9999 -9999 -9999 -9999 -9999 -9999 -9999 -9999 -9999 -9999 -9999 -9999 -9999
32.385 30.996 29.764 29.166 29.922 31.09 32.337 33.508 34.335 34.795 34.768 34.855 -9999 -9999 -9999 -9999 -9999 34.362 34.335 34.445 34.448 34.307 34.154 33.179 32.209 31.56 31.182 30.829 30.049 29.577 29.981 30.895 31.01 30.807 29.968 28.734 26.889 26.932 28.308 30.372 32.143 32.799 32.625 30.613 26.682 31.134 32.567 32.614 32.642 31.946 31.601 31.42 -9999 -9999 -9999 -9999 -9999 -9999 -9999 -9999 -9999 -9999 -9999 -9999 -9999 -9999 -9999 -9999 -9999 -9999 -9999 -9999 -9999 -9999 -9999 -9999
31.029 29.716 29.362 30.415 31.362 32.386 33.4 34.093 34.571 34.815 34.872 -9999 -9999 -9999 -9999 -9999 -9999 -9999 -9999 34.447 34.346 34.106 33.77 33.035 32.712 33.273 32.587 32.061 31.761 31.669 32.44 32.817 32.456 31.181 29.96 27.772 27.09 28.664 30.779 31.955 33.223 33.536 33.07 32.4 30.787 32.297 32.447 32.289 32.31 -9999 -9999 -9999 -9999 -9999 -9999 -9999 -9999 -9999 -9999 -9999 -9999 -9999 -9999 -9999 -9999 -9999 -9999 -9999 -9999 -9999 -9999 -9999 -9999 -9999 -9999 -9999
30.203 30.174 30.657 31.444 32.763 33.476 34.265 34.807 35.146 -9999 -9999 -9999 -9999 -9999 -9999 -9999 -9999 -9999 -9999 -9999 34.592 34.144 34.029 33.434 33.493 34.245 33.851 33.431 33.495 33.697 34.228 33.84 32.79 30.848 29.165 27.846 28.552 31.253 32.865 33.524 33.835 33.681 33.018 32.468 31.571 32.342 -9999 -9999 -9999 -9999 -9999 -9999 -9999 -9999 -9999 -9999 -9999 -9999 -9999 -9999 -9999 -9999 -9999 -9999 -9999 -9999 -9999 -9999 -9999 -9999 -9999 -9999 -9999 -9999 -9999 -9999
