test/DeltaShell.Plugins.DelftModels.HydroModel.Tests/test-data/AcceptanceModels/SOBEK2/DarEsSalaam/FIXED/tin2raster.asc
ncols         713
nrows         728
xllcorner     528061
yllcorner     9245694
cellsize      5
NODATA_value  -9999
[rows 495 to 527 of 728, columns 0 to 72 of 713]
-9999 -9999 -9999 -9999 -9999 -9999 -9999 -9999 10.05669 10.03189 10.21789 10.18256 9.73654 9.98957 9.91064 8.90825 8.79276 8.71121 8.70928 8.66719 8.38704 8.39483 8.33999 8.4418 8.30684 8.4536 8.28906 8.22971 8.17992 8.19014 8.27243 8.3579 8.42552 8.49764 8.13661 8.23308 8.15521 8.05211 8.11878 7.93473 7.85941 7.77637 7.83923 7.80614 7.89312 7.88389 7.84295 7.87361 7.85041 7.78352 8.21016 7.83075 7.77718 7.70922 7.75686 7.9932 8.06121 8.16302 7.88319 7.94093 7.96528 8.0975 8.07119 7.79872 7.63823 7.63565 7.48685 7.48361 7.45287 7.4016 7.35844 7.30406 7.26295
-9999 -9999 -9999 -9999 -9999 -9999 -9999 -9999 -9999 -9999 10.18434 10.10089 9.81008 9.98969 9.28407 8.8492 8.68826 8.63746 8.65435 8.66109 8.36499 8.39775 8.46934 8.6038 8.468 8.48938 8.32299 8.23816 8.23078 8.16732 8.17404 8.36116 8.50411 8.3991 8.72789 8.32492 8.46994 8.06593 8.20505 8.06929 7.89075 7.86015 7.79485 7.77478 7.76337 7.66792 7.72456 7.79479 7.80662 7.65797 8.06864 7.89445 7.70516 7.69743 8.01222 7.7829 7.7275 8.35784 8.17631 7.91397 7.94121 8.08362 8.07814 7.67797 7.64286 7.60225 7.46968 7.41916 7.39888 7.40607 7.41588 7.44253 7.35001
-9999 -9999 -9999 -9999 -9999 -9999 -9999 -9999 10.11149 10.18992 10.12684 9.77434 9.94244 9.76356 9.29225 8.93612 8.78795 8.60889 8.61577 8.49242 8.47406 8.49738 8.72212 8.87246 8.44303 8.57498 8.42351 8.12315 8.21356 8.23159 8.23925 8.21643 8.38485 8.38817 8.77041 8.68616 8.49295 8.86863 8.59987 8.08454 7.87027 7.85468 7.73291 7.74176 7.70987 7.66223 7.68653 7.68328 7.75135 7.68097 8.05415 7.89987 7.79748 7.73873 7.86005 8.03475 8.20425 8.27519 8.06142 7.94145 7.91225 8.00971 7.6189 7.68077 7.62816 7.6566 7.51155 7.34443 7.42789 7.46529 7.48544 7.50696 7.51981
-9999 -9999 -9999 -9999 9.61218 10.12089 10.02436 10.27526 10.12993 10.21827 10.10753 9.81651 9.94237 9.53506 9.19936 8.95313 8.87209 8.72889 8.74675 8.61558 8.40805 8.43915 8.48268 8.68193 8.8107 8.52683 8.43056 8.2192 8.276 8.26351 8.22061 8.29467 8.24494 8.22264 8.71745 8.74356 8.57017 8.55149 8.52794 8.26606 7.88178 7.79483 7.73759 7.71287 7.72942 7.80367 7.74353 7.78486 7.77792 7.69082 7.81782 7.90272 7.84294 7.7442 7.81155 8.00837 8.1349 7.99964 7.91054 8.01179 7.94052 7.89357 7.80825 7.64873 7.7068 7.69288 7.86919 7.73181 7.86962 7.6276 7.54546 7.62977 7.44412
-9999 -9999 -9999 9.01665 9.98745 10.10981 10.17282 10.33184 10.11404 10.2273 9.93904 9.84901 9.97078 9.41486 8.90719 8.81485 8.87938 8.77761 8.9373 8.74395 8.55808 8.65354 8.65174 8.5836 8.50682 8.44386 8.4861 8.29089 8.30444 8.23971 8.25693 8.21651 8.20332 8.21442 8.21795 8.44711 8.47326 8.44362 8.43092 8.41032 8.07024 7.88739 7.85177 7.83736 7.79715 7.75232 7.76374 7.81396 7.79941 7.80885 7.78414 7.79125 7.79867 7.82771 7.99482 7.99524 8.11394 8.17318 8.26629 7.94266 8.07771 7.86241 7.84128 8.05402 7.82124 8.15953 8.18804 8.12545 7.80226 7.67096 7.50921 7.59256 7.47383
-9999 -9999 8.82119 8.73586 9.48483 9.86618 10.24616 10.36322 10.2134 10.19932 9.81122 9.88388 9.62873 9.02752 8.78093 8.67081 8.60569 8.76419 8.65578 8.54275 8.45081 8.59374 8.67158 8.69782 8.67453 8.55476 8.57301 8.36779 8.3438 8.26625 8.24385 8.22092 8.20966 8.22024 8.19275 8.25193 8.17062 8.22649 8.36663 8.17388 8.22153 8.03085 8.01262 8.25084 8.26496 8.13003 7.83779 7.88458 7.8248 7.81668 7.82226 7.79191 7.84752 7.92885 7.99581 8.03214 7.97871 7.96294 7.83258 8.05682 7.85834 7.80743 7.86369 8.15481 8.16012 7.87479 8.07421 8.04404 7.71281 7.67653 7.53527 7.60383 7.54606
-9999 -9999 8.95034 8.72169 8.86264 9.99796 10.38532 10.32214 10.22499 10.17112 9.78018 9.96618 9.10015 8.88868 8.77226 8.65626 8.65478 8.74909 8.67394 8.61967 8.55026 8.66493 8.77651 8.74798 8.74746 8.72376 8.53275 8.36569 8.29848 8.27377 8.24568 8.19194 8.23999 8.26758 8.2456 8.1471 8.16214 8.13758 8.3612 8.42096 8.11549 8.40627 8.46412 8.3673 8.2318 8.13898 7.81896 7.84112 7.78507 7.80451 7.81527 7.97465 7.89799 7.93204 7.89965 8.1256 7.90749 7.84845 7.73542 7.72147 7.62315 7.55183 7.72517 7.92108 8.06666 7.72374 7.66854 7.64117 8.02841 7.73792 7.61489 7.58784 7.67167
-9999 -9999 8.9732 8.95724 9.52512 9.68706 10.36307 10.10339 10.19542 10.06307 9.86169 9.91369 9.13721 8.87607 8.73424 8.68045 8.78182 8.68215 8.67595 8.6771 8.64496 8.69544 8.78425 8.81591 8.78929 8.64421 8.40803 8.44969 8.27216 8.25752 8.18049 8.13125 8.15224 8.17275 8.21527 8.33975 8.13783 8.03871 8.38155 8.40913 8.15867 8.48532 8.39325 8.31645 8.2494 8.21269 7.87577 7.79121 7.88359 7.9846 7.93948 7.91095 7.86431 7.99674 7.92201 8.25205 7.95238 7.79052 7.74847 7.65084 7.63416 7.574 7.57327 7.64274 7.66794 7.71185 7.61756 7.67178 7.69087 7.76296 7.61745 7.57513 7.6971
-9999 -9999 9.0064 8.90755 9.28093 10.12022 10.3921 10.12037 10.18221 9.87665 9.92784 10.07367 9.14333 8.81173 8.82187 8.75405 8.74584 8.73872 8.70332 8.7271 8.66657 8.75555 8.7306 8.76392 8.7232 8.5739 8.45185 8.52606 8.22442 8.4733 8.36181 8.30426 8.42148 8.4578 8.44461 8.40062 8.3308 8.23841 8.08621 8.03647 8.0122 8.23374 8.22983 8.31047 8.10741 8.19325 7.89091 7.86205 8.01429 8.09399 8.09843 7.93041 7.87602 7.91118 8.03538 8.2714 8.16355 8.09942 7.82318 7.74589 7.73994 7.70663 7.72604 7.73813 7.67369 7.67601 7.65724 7.70351 7.78017 7.77696 7.66542 7.62948 7.65857
-9999 -9999 9.01032 8.96545 9.26441 10.36967 10.47405 10.3499 10.24844 9.84783 9.96442 9.55303 8.90939 8.8386 8.89721 8.8486 8.77791 8.79336 8.75057 8.7327 8.68316 9.06079 9.15208 9.19123 9.14083 8.5205 8.53683 8.53694 8.29913 8.40881 8.43346 8.22358 8.18268 8.2346 8.38148 8.2296 8.2842 8.18326 8.14916 8.14129 8.1603 8.19832 8.23376 8.21599 8.25505 8.17113 7.93254 7.83592 8.07367 8.08844 8.11225 7.98007 8.0169 7.99456 7.99237 8.13172 7.99079 8.10101 7.94159 7.9181 7.82097 7.73892 7.74808 7.71893 7.66612 7.70575 7.68459 7.72418 7.76083 7.83695 7.87628 7.86233 7.66109
-9999 -9999 9.06207 9.19225 9.49924 10.42246 10.33553 10.27584 10.2253 9.88474 10.0472 9.41822 8.88681 8.91176 8.88858 8.89006 8.87893 8.81724 8.81855 8.81945 8.8546 9.14954 9.20708 9.18957 9.12928 8.54443 8.53214 8.59479 8.39143 8.38252 8.41079 8.29841 8.33997 8.32791 8.34833 8.24677 8.30457 8.22955 8.1857 8.18035 8.25998 8.28288 8.29664 8.22651 8.1972 8.06967 7.90676 7.9362 7.9549 7.95024 7.94369 7.93195 7.89383 7.87782 7.85806 7.88902 7.84514 7.82728 7.85494 7.82424 7.83964 7.78914 7.79701 7.83506 7.72993 7.80943 7.7972 8.23972 8.4993 8.20013 8.02286 7.93679 7.67807
-9999 9.61175 9.69805 9.67646 10.03687 10.50274 10.32369 10.40811 10.16644 9.99485 9.96072 9.30424 8.92667 8.92423 8.90852 8.89656 8.90694 8.85252 8.84658 8.77932 8.83924 9.2407 9.29225 9.29839 9.28465 8.56529 8.55294 8.65996 8.5419 8.45915 8.45561 8.40109 8.57865 8.60242 8.4314 8.41453 8.36207 8.20292 8.31283 8.26349 8.21853 8.18161 8.06725 8.08488 8.09095 8.01142 8.07616 8.00319 7.98093 7.98843 8.00129 7.93401 7.92531 7.94467 7.96429 7.94258 7.89821 7.91664 8.03053 7.96703 7.94865 7.92833 7.92422 7.93536 7.85677 7.92209 7.93901 8.14235 8.41026 8.31543 7.97941 7.87727 7.77247
-9999 9.1133 9.05758 9.55211 10.07603 10.60033 10.41821 10.44328 10.05222 10.03412 10.01439 9.05697 8.93955 8.9382 8.89899 8.92694 9.02504 8.86809 8.78024 8.67654 8.68713 9.02475 9.3091 9.37144 9.34983 9.16284 8.60709 8.76446 8.80348 8.39085 8.34166 8.34402 8.3237 8.34816 8.3355 8.36297 8.40622 8.41001 8.30436 8.26728 8.27452 8.10759 8.10416 8.12327 8.03487 8.02433 8.09784 8.09252 8.03943 8.00048 8.00464 7.96854 7.93064 7.95323 7.97922 7.97283 8.05982 8.09762 8.13576 8.17799 8.10454 8.07641 8.07034 8.11791 8.08705 8.05587 7.99754 7.96621 7.9363 7.9428 8.16507 8.03604 7.85355
-9999 9.08799 9.2694 9.51668 10.32602 10.70872 10.59896 10.46908 10.06825 10.10039 9.48491 9.05797 9.03135 8.96573 8.9378 8.87728 8.9281 8.9187 8.88437 8.74124 8.77371 8.79568 8.92808 9.03016 8.78852 8.70359 8.64169 8.67712 8.72118 8.326 8.40047 8.40163 8.35412 8.3919 8.41406 8.40566 8.42459 8.40139 8.35962 8.32221 8.24136 8.29536 8.18409 8.17346 8.22225 8.19477 8.25053 8.15171 8.08611 8.04234 8.04166 8.04209 8.09256 8.03742 8.12137 8.15991 8.59041 8.37596 8.27393 8.30017 8.23999 8.20963 8.20788 8.1885 8.09113 8.11833 8.17236 8.20974 8.21625 8.18386 8.39581 8.35818 8.0361
-9999 9.26477 9.18394 9.56737 10.64804 10.76795 10.62256 10.55561 10.14104 10.09409 9.25585 9.0329 8.96771 8.94526 8.91551 8.87121 8.91347 8.98406 8.81988 8.8338 8.81183 8.79907 8.79222 8.78728 8.71224 8.67036 8.64181 8.67065 8.6423 8.44826 8.43457 8.45468 8.42796 8.448 8.48381 8.4697 8.48752 8.45443 8.43254 8.39398 8.30814 8.37866 8.27553 8.3531 8.56161 8.51927 8.44721 8.21005 8.23858 8.25109 8.24597 8.23559 8.24807 8.31185 8.29979 8.29389 8.46649 8.52004 8.40409 8.33397 8.34994 8.33419 8.29751 8.2443 8.15135 8.18569 8.21753 8.2378 8.23854 8.10878 8.27764 8.19922 8.06819
-9999 9.34479 9.1433 9.88188 10.93758 10.78153 10.73858 10.66494 10.21041 10.12086 9.35722 9.06436 9.02908 8.96621 8.95837 8.98134 8.96763 8.99913 8.34209 8.93631 8.9381 8.99144 8.84266 8.82181 8.72532 8.67894 8.65059 8.70109 8.66935 8.67369 8.42446 8.45271 8.47975 8.49427 8.51756 8.57762 8.60568 8.57981 8.54704 8.49069 8.40624 8.33517 8.38453 8.36656 8.40674 8.42283 8.42617 8.29755 8.29085 8.25976 8.30596 8.33243 8.28732 8.36563 8.35746 8.34618 8.44672 8.51933 8.48158 8.42993 8.42533 8.35886 8.34414 8.31757 8.28036 8.33888 8.36092 8.3254 8.31229 8.27702 8.32292 8.19881 8.00048
9.22914 9.23155 8.88746 9.9348 11.05758 10.86019 10.89383 10.64759 10.27571 10.05021 9.27365 9.11021 9.06414 9.01001 8.92498 8.95186 9.03804 8.99002 8.60799 8.92797 8.91349 8.96225 8.85458 8.7912 8.70241 8.66698 8.67427 8.79431 8.82753 8.71032 8.47791 8.53141 8.56611 8.5676 8.54961 8.58181 8.60459 8.5713 8.49561 8.45353 8.41907 8.48479 8.51291 8.49004 8.50267 8.65219 8.76049 8.38058 8.38574 8.33478 8.37209 8.38658 8.36674 8.35716 8.37754 8.46693 8.51006 8.51335 8.45629 8.45592 8.40713 8.36041 8.35064 8.34782 8.34338 8.33631 8.28664 8.32449 8.26652 8.28185 8.30448 8.24752 8.14567
9.23885 9.44222 9.37365 10.02259 11.1855 10.87883 11.0075 10.59778 10.2438 10.04284 9.74873 9.3843 9.37607 9.41872 9.6454 9.44992 9.12024 9.08937 9.13794 8.55535 8.98455 8.93508 8.89333 8.86625 8.77416 8.72699 9.04488 9.29044 9.25346 9.00143 8.87845 8.63289 8.73674 8.85303 8.94717 8.64109 8.63555 8.61459 8.49932 8.50522 8.50159 8.5994 8.58291 8.80628 8.86095 8.6077 8.61879 8.4586 8.43403 8.40251 8.40564 8.47795 8.6102 8.57894 8.61327 8.61475 8.62345 8.56822 8.50985 8.47407 8.4358 8.44707 8.50438 8.45608 8.40689 8.29442 8.29282 8.27006 8.29096 8.32318 8.25605 8.24389 8.1901
-9999 9.76335 9.8996 10.41104 11.28784 11.14439 11.03858 10.54512 10.52413 10.39477 9.67779 9.72162 9.76019 9.92766 10.08099 10.18359 10.23339 9.93883 9.87009 9.53191 9.06502 9.28046 8.90401 8.85159 9.34688 9.90153 9.61048 9.66171 9.40704 9.13025 8.96627 8.94011 8.99574 8.78217 8.69928 8.68179 8.65311 8.63504 8.54641 8.51709 8.54494 8.62197 8.58869 8.53492 8.59958 8.76503 8.85435 8.63017 8.70151 8.68329 8.70525 8.73942 8.81526 8.64601 8.65026 8.61949 8.58546 8.52976 8.51574 8.50772 8.52704 8.55949 8.55089 8.48887 8.37491 8.43409 8.38583 8.34652 8.44372 8.43125 8.37781 8.28645 8.26439
9.07191 7.99318 8.20324 11.40419 11.43514 11.24069 11.1622 10.59839 10.67775 10.51068 9.43754 9.72279 9.23107 9.03311 9.2772 9.77272 9.83333 9.66512 9.33506 8.74486 9.37035 8.56829 8.5992 8.47559 9.83853 10.15955 9.97067 10.14174 9.85628 9.28767 9.04767 8.96911 8.98817 8.83918 8.80858 8.72248 8.67319 8.68796 8.57141 8.53975 8.60817 8.61291 8.58492 8.59852 8.57646 8.60702 8.77175 8.65873 8.75967 8.76495 8.77252 8.81925 8.90145 8.64313 8.55534 8.4575 8.4891 8.5747 8.58267 8.53781 8.60165 8.61705 8.53934 8.47804 8.50929 8.51845 8.46673 8.43556 8.55423 8.51976 8.41737 8.37233 8.31871
7.98589 8.333409 7.98518 11.65627 11.54297 11.40899 11.24031 10.71358 10.83621 10.6697 8.00611 8.01405 8.01889 8.00395 7.97989 8.00834 8.00544 7.90301 7.8513 7.88833 7.74096 7.7943 7.77573 7.77874 7.7155 7.77579 7.93221 8.30012 8.10246 7.75634 7.57748 7.54737 7.89813 8.61999 7.60957 8.52267 8.6499 8.66216 8.79653 8.6079 8.52387 8.77672 8.73057 7.44369 7.81759 8.39794 8.27062 8.5782 8.77112 8.66557 8.68058 8.66145 8.5029 8.3647 8.36262 8.34528 8.35398 8.49555 8.53031 8.46754 8.5234 8.58159 8.56085 8.5217 8.57562 8.59599 8.52749 8.54989 8.59581 8.60046 8.44537 8.42858 8.42239
8.77495 9.36994 9.3356 11.68957 11.65614 11.55438 11.29986 10.81407 10.97934 9.82183 7.91212 7.98637 7.93693 7.93484 7.91059 7.80634 7.93217 7.83429 8.179874 8.07588 7.82874 7.98794 7.76785 7.80839 7.62364 7.56868 7.57263 7.5221 7.52158 7.54249 7.54628 7.55745 7.66504 7.56349 7.52266 7.50755 7.45949 7.43635 7.41861 7.36625 7.56495 7.44836 7.46027 7.53207 7.36976 7.4091 7.39461 7.38137 7.36847 7.31749 7.832021 7.43251 7.55509 7.92476 8.12442 8.17087 8.06689 8.04614 8.34162 8.27878 8.30673 8.47776 8.50022 8.48242 8.49881 8.52515 8.43334 8.48896 8.54926 8.56428 8.47578 8.46692 8.48818
10.53643 10.67057 10.57784 11.55674 11.73937 11.67751 11.40068 10.92902 11.0941 8.65828 8.28378 8.59753 8.85039 9.04264 8.75406 8.79145 8.80438 8.34697 8.95847 8.38243 8.82005 8.13129 9.12639 8.28551 7.85491 8.49114 8.5862 9.39809 9.20216 9.20774 8.59366 8.01107 8.48327 7.92628 8.73666 7.82739 8.53797 8.81972 8.49554 8.65392 9.09394 8.36578 8.85273 8.77511 9.24006 9.05787 8.64854 8.48783 8.12858 7.99202 7.89755 7.35873 7.30598 7.39796 7.54256 7.945559 7.29902 7.23702 7.2297 7.25591 7.23935 7.24656 7.21449 7.40708 8.00895 7.83338 8.06134 8.42663 8.21859 8.1512 8.37807 8.51484 8.44691
9.91747 9.86459 10.92387 11.6968 11.85002 11.84821 11.50864 11.07517 11.17683 9.9358 9.63644 10.89812 11.24408 11.38544 11.42687 11.30751 11.46676 11.17665 10.95644 11.27576 10.86928 10.90858 10.1471 9.15531 9.03465 9.57003 10.23375 9.79647 9.97892 9.83511 9.23769 8.96284 9.00179 8.9918 9.18807 9.66479 9.0695 9.38654 9.72317 9.75661 9.76687 9.6594 9.57198 9.68986 10.01227 10.01095 9.86502 9.79065 9.81573 9.62794 9.90145 9.78629 9.46526 9.04634 8.61848 8.76969 8.33748 7.84804 7.82208 7.68569 7.9121 7.61222 7.67443 7.22948 7.1851 7.20536 7.26491 7.18735 7.27308 7.35566 7.37899 7.14933 7.06812
-9999 10.02954 10.41458 11.92199 11.97919 12.00499 11.61304 11.24411 11.14399 9.45003 9.57838 10.06269 9.88943 9.28721 9.32004 9.22269 9.07785 9.11207 9.09103 9.03765 9.04245 9.03805 9.13842 9.13849 9.20126 8.86983 8.83414 9.0088 8.76479 8.81287 8.8887 8.87477 9.01924 8.86365 8.60907 8.73484 8.63802 8.69199 8.68569 8.64864 8.77999 8.75685 8.72443 8.70625 8.64877 8.73908 8.55323 8.59797 8.67474 8.8085 9.0235 8.73638 9.14847 9.36479 9.59617 9.21736 9.43261 9.46783 9.00051 8.44489 9.11189 9.11985 9.21588 8.17229 8.83116 8.35041 7.56008 7.48494 7.86066 8.70074 8.78051 8.30158 8.17951
-9999 10.25633 10.45223 12.23268 12.11164 12.15405 11.70218 11.40996 11.13034 9.45551 9.43606 9.74755 9.54987 9.03223 8.93018 8.98191 9.07604 9.014176 8.9264 8.88515 8.87867 8.91644 9.03191 9.022604 9.21785 9.17809 9.03113 9.08642 8.75813 8.77832 8.7025 8.8039 8.97007 8.78208 8.6538 8.61442 8.6086 8.54531 8.49854 8.43917 8.56743 8.60986 8.57967 8.56733 8.62457 8.506364 8.34611 8.28904 8.31417 8.35181 8.49413 8.29486 8.39368 8.38517 8.5546 8.71267 9.15708 9.50576 8.35899 8.32465 9.88731 9.65085 9.25415 8.89493 8.63647 8.172266 8.07988 8.18692 8.60493 8.21615 9.13938 9.22909 9.22556
-9999 10.23909 10.70621 12.39013 12.27211 12.32465 11.87799 11.54748 11.09215 9.69856 9.23183 9.87429 9.72993 9.40028 9.00649 8.94082 9.04054 8.966665 8.86961 8.88742 8.8707 8.81936 8.74428 8.70199 8.95183 8.68819 8.86129 8.76628 8.70934 8.65965 8.60325 8.66569 8.87762 8.80588 8.60574 8.55401 8.44295 8.55254 8.41912 8.38981 8.44077 8.44249 8.46586 8.45435 8.32138 8.518671 8.445411 8.363192 8.25861 8.20709 8.39998 8.19488 8.26702 8.26858 8.23639 8.43593 8.55169 8.45501 8.3632 8.21557 8.15705 8.15016 8.35603 8.5571 7.95045 7.62208 7.79839 7.99303 7.87558 8.04726 8.11622 8.07979 8.79368
-9999 9.80949 11.18983 12.74817 12.48772 12.53454 11.97024 11.70464 11.11609 9.55775 9.10763 9.592066 9.92199 9.42008 9.02555 8.81556 8.99682 8.979269 8.96023 8.96549 8.86914 8.95096 8.795666 8.67868 8.59393 8.49832 8.44728 8.57716 8.72881 8.75186 8.80444 8.57098 8.53155 8.48779 8.46101 8.47013 8.39784 8.46561 8.4566 8.38453 8.44628 8.41683 8.58735 8.58079 8.85636 8.86869 8.47888 8.47412 8.305 8.23066 8.21546 8.14053 8.28511 8.25199 8.43649 8.50061 8.14362 8.52888 8.37833 8.19226 8.14202 8.06111 8.06163 7.95148 7.55158 7.47582 7.50259 7.58289 7.79175 7.84926 8.33516 8.22113 8.28022
-9999 -9999 12.49737 12.95284 12.63799 12.60809 12.13063 11.8888 11.88576 9.84869 9.03722 9.46419 9.84079 9.21137 8.9066 8.83773 9.01636 9.00569 9.21306 9.23012 8.84766 8.76215 8.80877 8.6956 8.67222 8.52191 8.42459 8.4549 8.84126 8.769176 8.7506 8.55741 8.56254 8.43952 8.43632 8.39234 8.37705 8.429498 8.417281 8.34793 8.37231 8.4156 8.72513 8.62692 8.70136 8.69099 8.27799 8.37189 8.3594 8.25779 8.16259 8.06129 8.10548 8.20939 8.15512 8.18233 8.26028 8.42144 8.74706 8.2316 8.27068 8.08222 8.01983 7.63524 7.67145 7.718458 7.6798 8.00705 7.98036 7.98661 8.25672 8.36851 8.28443
-9999 -9999 11.9711 13.18812 12.84576 12.87176 12.28954 12.06617 11.90398 9.89502 9.08813 9.42651 9.89177 9.40835 8.91935 8.80312 8.98763 9.0693 9.41991 9.28957 8.70881 8.81568 8.721377 8.63211 8.68983 8.56727 8.40315 8.53087 8.93727 8.73298 8.76541 8.47348 8.39065 8.41788 8.5022 8.32352 8.33847 8.42762 8.40463 8.3479 8.31784 8.29876 8.33126 8.31648 8.24897 8.42028 8.26631 8.21396 8.26923 8.330194 8.283636 8.25119 8.24193 8.3006 8.23491 8.19837 8.29474 8.42524 8.77325 8.27151 8.23665 8.0627 8.01169 8.06086 7.82092 8.04699 8.04073 8.3305 8.19462 8.07819 8.12779 8.283047 8.35791
-9999 -9999 11.38939 13.36055 13.06197 13.04414 12.46874 12.25287 12.11071 10.53409 9.16001 9.30626 9.77363 9.15817 8.92186 8.75848 8.83231 9.08468 9.40644 9.25634 8.67133 8.66716 8.654625 8.58552 8.65051 8.61963 8.57888 8.55441 8.46385 8.54276 8.45061 8.30186 8.30052 8.28943 8.48059 8.41553 8.52335 8.35782 8.441077 8.31387 8.34079 8.25415 8.2362 8.27326 8.3205 8.35457 8.25092 8.26398 8.29391 8.48679 8.36713 8.41025 8.34929 8.34076 8.33937 8.22542 8.35654 8.45712 8.84799 8.36607 8.12797 8.24865 8.12157 8.14676 8.47359 8.23497 8.13832 8.04263 8.11408 8.18823 8.40166 8.27794 8.34317
-9999 -9999 12.02321 13.54493 13.26049 13.27832 12.65081 12.45463 12.29648 10.25709 9.09116 9.23248 8.98569 9.03789 8.78085 8.75305 8.81639 8.87517 8.80223 8.66926 8.6235 8.5938 8.67022 8.61771 8.538 8.51732 8.74108 8.90935 8.51688 8.49203 8.45717 8.6357 8.31977 8.35165 8.39763 8.48521 8.44413 8.29933 8.68797 8.24447 8.2298 8.23559 8.22958 8.3058 8.33696 8.31289 8.27262 8.28963 8.29708 8.3612 8.27936 8.39537 8.41623 8.37381 8.27454 8.29316 8.31432 8.29082 8.99934 8.49593 8.15498 8.16428 8.16478 8.24224 8.39412 8.24978 8.16265 8.17076 8.34133 8.32318 8.4694 8.827269 9.16766
-9999 -9999 11.59469 13.74806 13.43736 13.44423 12.85824 12.64141 12.33615 10.59892 9.19892 9.13464 9.03682 8.8639 8.67354 8.72784 8.75602 9.03686 8.748424 8.601999 8.58855 8.6457 8.93022 8.78368 8.71822 8.50512 8.73687 8.90462 8.51382 8.4496 8.40896 8.77971 8.66046 8.46168 8.41615 8.34658 8.27711 8.3656 8.32574 8.32364 8.42242 8.37909 8.24725 8.22664 8.25 8.23848 8.28559 8.33318 8.32109 8.28749 8.22903 8.29397 8.33334 8.51554 8.47847 8.64869 8.10306 8.33998 8.95992 8.28242 8.2262 8.21133 8.22273 8.31794 8.47964 8.31164 8.3044 8.25987 8.65259 8.5676 9.09809 9.39452 9.87525
