test/DeltaShell.Plugins.DelftModels.HydroModel.Tests/test-data/AcceptanceModels/SOBEK2/DarEsSalaam/FIXED/tin2raster.asc
ncols         713
nrows         728
xllcorner     528061
yllcorner     9245694
cellsize      5
NODATA_value  -9999
[rows 165 to 197 of 728, columns 292 to 364 of 713]
-9999 -9999 -9999 -9999 -9999 -9999 -9999 -9999 -9999 -9999 -9999 -9999 -9999 -9999 -9999 -9999 -9999 -9999 -9999 -9999 -9999 -9999 -9999 -9999 -9999 -9999 -9999 -9999 -9999 -9999 -9999 -9999 -9999 -9999 -9999 -9999 -9999 -9999 11.73948 11.70113 11.54555 11.36158 11.3853 11.35769 11.30848 11.32839 11.4247 11.68462 11.19631 10.95887 10.88625 10.74491 11.1004 11.05208 10.75728 9.94423 9.94989 8.70558 4.99738 4.87331 4.73351 3.74141 3.5595 3.99812 4.21691 3.78357 3.64269 3.90875 3.96493 3.79506 3.84659 3.89313 3.6105
-9999 -9999 -9999 -9999 -9999 -9999 -9999 -9999 -9999 -9999 -9999 -9999 -9999 -9999 -9999 -9999 -9999 -9999 -9999 -9999 -9999 -9999 -9999 -9999 -9999 -9999 -9999 -9999 -9999 -9999 -9999 -9999 -9999 -9999 -9999 -9999 11.87277 11.81323 11.7522 11.67996 11.39644 11.35811 11.32014 11.26375 11.272 11.32166 11.61058 11.88113 11.36182 11.29159 10.97069 10.88591 11.60366 11.55879 11.57777 10.93868 10.6644 8.72648 5.18568 4.89485 4.79459 4.26886 3.8898 3.73079 3.64764 3.50879 3.73122 3.97808 3.89326 3.76735 3.91363 3.79962 3.15948
-9999 -9999 -9999 -9999 -9999 -9999 -9999 -9999 -9999 -9999 -9999 -9999 -9999 -9999 -9999 -9999 -9999 -9999 -9999 -9999 -9999 -9999 -9999 -9999 -9999 -9999 -9999 -9999 -9999 -9999 -9999 -9999 -9999 -9999 -9999 11.83698 11.79239 11.76207 11.74995 11.54851 11.33697 11.29723 11.27346 11.24026 11.31137 11.34748 11.45068 11.37481 11.24332 11.2709 11.0128 11.02309 11.32261 11.38395 11.38421 10.84362 10.6335 8.86853 6.779406 4.95918 4.72933 4.55992 3.47468 3.71728 3.71298 3.49693 3.52971 3.95897 3.88696 3.85034 3.65649 3.50923 3.76045
-9999 -9999 -9999 -9999 -9999 -9999 -9999 -9999 -9999 -9999 -9999 -9999 -9999 -9999 -9999 -9999 -9999 -9999 -9999 -9999 -9999 -9999 -9999 -9999 -9999 -9999 -9999 -9999 -9999 -9999 -9999 -9999 -9999 -9999 11.49921 11.50954 11.35259 11.63549 11.5338 11.40579 11.32312 11.28169 11.2878 11.26305 11.2265 11.21293 11.20651 11.1885 11.22863 11.23879 11.13878 11.19637 11.00809 11.00962 10.9789 10.65378 10.22704 8.788384 7.168211 6.66298 4.74214 4.66251 3.94348 3.69439 3.57776 3.37827 3.62013 3.93003 3.86241 3.82981 3.60145 4.01809 4.04171
-9999 -9999 -9999 -9999 -9999 -9999 -9999 -9999 -9999 -9999 -9999 -9999 -9999 -9999 -9999 -9999 -9999 -9999 -9999 -9999 -9999 -9999 -9999 -9999 -9999 -9999 -9999 -9999 -9999 -9999 -9999 -9999 -9999 11.54499 11.51621 11.35783 11.57028 11.43031 11.40609 11.37507 11.34413 11.29545 11.32219 11.27741 11.25861 11.35273 11.22525 11.19311 11.18614 11.13126 11.1857 11.34651 11.1141 10.93454 10.96677 10.83742 9.83366 9.17238 6.03458 5.37211 5.12261 5.10408 4.43546 3.9347 3.42494 3.31504 3.8656 3.78206 3.49405 3.6108 4.08988 3.94068 4.1181
-9999 -9999 -9999 -9999 -9999 -9999 -9999 -9999 -9999 -9999 -9999 -9999 -9999 -9999 -9999 -9999 -9999 -9999 -9999 -9999 -9999 -9999 -9999 -9999 -9999 -9999 -9999 -9999 -9999 -9999 -9999 -9999 -9999 -9999 11.53061 11.52606 11.49538 11.38085 11.37197 11.43261 11.36757 11.332 11.31313 11.26577 11.32385 11.40729 11.30304 11.27701 11.38698 11.39867 11.26385 11.36639 11.16719 10.90813 10.87697 10.84908 10.53314 8.829938 6.69398 5.90015 6.29719 6.23551 4.75567 4.07189 3.45381 3.37454 3.66671 3.72871 3.59661 3.64777 4.36317 4.13654 4.06444
-9999 -9999 -9999 -9999 -9999 -9999 -9999 -9999 -9999 -9999 -9999 -9999 -9999 -9999 -9999 -9999 -9999 -9999 -9999 -9999 -9999 -9999 -9999 -9999 -9999 -9999 -9999 -9999 -9999 -9999 -9999 -9999 -9999 -9999 -9999 -9999 11.56458 11.38468 11.37285 11.52577 11.44029 11.35535 11.33156 11.26231 11.42738 11.37106 11.26069 11.39708 11.39426 11.40388 11.20384 11.11129 11.10894 11.01429 11.04114 10.86416 10.64981 8.92035 8.25168 6.3927 6.29435 5.82632 4.17025 3.78958 3.43037 3.30917 3.50095 3.50005 3.4783 4.33981 4.0789 4.01505 4.09171
-9999 -9999 -9999 -9999 -9999 -9999 -9999 -9999 -9999 -9999 -9999 -9999 -9999 -9999 -9999 -9999 -9999 -9999 -9999 -9999 -9999 -9999 -9999 -9999 -9999 -9999 -9999 -9999 -9999 -9999 -9999 -9999 11.61978 -9999 -9999 11.58629 11.52524 11.34243 11.42796 11.29482 11.30478 11.21823 11.25876 11.27443 11.34097 11.17738 11.22048 11.35202 11.32504 11.33763 11.14851 10.98725 10.92 10.99892 10.92643 10.88543 10.31187 9.39762 8.748144 8.50282 7.92215 4.12282 3.76681 3.58522 3.30596 3.20434 3.31995 3.32188 3.61192 3.67944 3.62483 4.02233 4.08548
-9999 -9999 -9999 -9999 -9999 -9999 -9999 -9999 -9999 -9999 -9999 -9999 -9999 -9999 -9999 -9999 -9999 -9999 -9999 -9999 -9999 -9999 -9999 -9999 -9999 -9999 -9999 -9999 -9999 -9999 11.62988 11.51906 11.49578 11.4157 11.48936 11.54077 11.44285 11.34326 11.45428 11.32071 11.25386 11.26053 11.28624 11.28689 11.2953 11.18906 11.21511 11.24819 11.31065 11.302 11.21059 11.00284 10.85976 10.86688 10.83249 10.74071 10.32251 9.31486 8.84022 8.49815 7.61411 3.99369 3.65896 3.58954 3.45818 3.34125 3.42605 3.28738 3.72227 3.72956 3.67725 3.77929 4.19901
-9999 -9999 -9999 -9999 -9999 -9999 -9999 -9999 -9999 -9999 -9999 -9999 -9999 -9999 -9999 -9999 -9999 -9999 -9999 -9999 -9999 -9999 -9999 -9999 -9999 -9999 -9999 -9999 -9999 -9999 -9999 11.52763 11.57728 11.47527 11.36219 11.37775 11.3717 11.36508 11.32224 11.29497 11.2592 11.2538 11.35181 11.27932 11.2236 11.18076 11.22393 11.28637 11.3674 11.37652 11.17538 10.83411 10.80581 10.80192 10.78215 10.80508 10.4471 9.45767 9.12141 8.68778 7.76027 4.16038 3.73564 3.68563 3.58983 3.49089 3.66495 3.2212 3.68447 3.77866 3.73353 3.79495 3.93556
-9999 -9999 -9999 -9999 -9999 -9999 -9999 -9999 -9999 -9999 -9999 -9999 -9999 -9999 -9999 -9999 -9999 -9999 -9999 -9999 -9999 -9999 -9999 -9999 -9999 -9999 -9999 -9999 -9999 -9999 -9999 11.45635 11.51207 11.53391 11.50378 11.44953 11.38741 11.35934 11.34168 11.30604 11.31887 11.30355 11.26044 11.24274 11.19538 11.21604 11.28027 11.30825 11.38077 11.59723 11.08612 10.84714 10.76765 10.75953 10.69586 10.6822 10.49274 9.792492 9.292873 8.58649 8.46458 4.24358 3.82977 3.74757 3.60152 3.56371 3.43828 3.21439 3.59012 3.74908 3.83106 3.80993 3.95991
-9999 -9999 -9999 -9999 -9999 -9999 -9999 -9999 -9999 -9999 -9999 -9999 -9999 -9999 -9999 -9999 -9999 -9999 -9999 -9999 -9999 -9999 -9999 -9999 -9999 -9999 -9999 -9999 11.48961 11.50315 11.52588 11.49436 11.48078 11.51492 11.52726 11.32005 11.39727 11.44777 11.48531 11.49578 11.47986 11.14598 11.18786 10.99393 11.22223 11.12199 11.31064 11.3002 11.26893 11.54531 11.1502 10.96502 10.99909 10.86388 10.9342 10.79985 10.08882 9.9249 9.66928 9.01255 8.66084 4.6524 4.18932 3.8365 3.5321 3.68032 3.31029 3.5643 3.64322 3.8959 3.83001 3.73452 3.7642
-9999 -9999 -9999 -9999 -9999 -9999 -9999 -9999 -9999 -9999 -9999 -9999 -9999 -9999 -9999 -9999 -9999 -9999 -9999 -9999 -9999 -9999 -9999 -9999 -9999 -9999 -9999 -9999 11.52228 11.5896 11.44268 11.43751 11.36683 11.45124 11.28408 11.07089 11.14061 10.70765 11.50224 11.46596 11.41869 11.42306 11.22933 10.97186 10.85953 10.82087 11.14396 11.31298 11.2572 11.34249 10.94445 11.02845 11.0755 11.26055 11.0347 10.94615 11.05488 10.89998 10.95808 10.80009 9.52894 4.60589 4.12924 3.82493 3.50919 3.56346 3.21819 3.7042 3.76727 3.81203 3.6683 3.75404 3.68018
-9999 -9999 -9999 -9999 -9999 -9999 -9999 -9999 -9999 -9999 -9999 -9999 -9999 -9999 -9999 -9999 -9999 -9999 -9999 -9999 -9999 -9999 -9999 -9999 -9999 -9999 -9999 11.38388 11.51358 11.42737 11.374 11.43038 11.49534 11.25476 11.11085 11.10404 11.23245 10.89588 9.93945 11.31378 11.48451 11.38153 11.33438 11.24935 10.8825 10.75836 11.17218 11.25031 11.31246 11.31556 11.03628 11.07279 11.13323 11.30818 11.12968 10.90523 10.99908 11.06247 10.86609 10.42941 9.81288 4.41069 3.98375 3.74435 3.67073 3.54956 3.29807 3.56967 3.72569 3.67768 3.77615 3.94527 4.24409
-9999 -9999 -9999 -9999 -9999 -9999 -9999 -9999 -9999 -9999 -9999 -9999 -9999 -9999 -9999 -9999 -9999 -9999 -9999 -9999 -9999 -9999 -9999 -9999 -9999 -9999 -9999 11.34018 11.33616 11.27016 11.22444 11.43398 11.18762 11.09045 11.09977 11.15345 11.22595 11.27422 11.2935 11.30029 9.82642 11.27538 11.39859 11.19433 10.66285 10.58256 10.99586 11.42583 11.33527 11.35235 10.98976 11.09322 11.12926 11.02089 10.79328 10.81771 10.91508 11.04561 10.90847 10.63369 9.43227 4.26802 3.74309 3.53226 3.7063 3.47323 3.39004 3.63167 3.55755 3.69828 3.95835 3.87636 3.97048
-9999 -9999 -9999 -9999 -9999 -9999 -9999 -9999 -9999 -9999 -9999 -9999 -9999 -9999 -9999 -9999 -9999 -9999 -9999 -9999 -9999 -9999 -9999 -9999 -9999 11.60013 11.61788 11.55693 11.56835 11.36749 11.30591 11.19488 11.22298 11.58204 11.61155 11.41508 11.23853 11.25175 11.31523 11.32528 10.61858 9.92745 9.86374 10.64968 10.55112 10.6376 10.80301 10.7777 10.82784 10.85753 10.87548 10.84033 10.78884 10.63104 10.78555 10.72698 10.03316 10.09361 9.82249 9.68447 5.74914 3.66311 3.55978 3.58672 3.72538 3.19917 3.53062 3.86116 3.56979 3.69854 4.18438 4.41043 3.93282
-9999 -9999 -9999 -9999 -9999 -9999 -9999 -9999 -9999 -9999 -9999 -9999 -9999 -9999 -9999 -9999 -9999 -9999 -9999 -9999 -9999 -9999 -9999 -9999 -9999 11.57048 11.63484 11.70132 11.57393 11.32553 11.21528 11.16871 11.68232 11.82082 11.87889 11.4638 11.2458 11.52995 11.27221 11.14026 11.13838 11.08779 10.78474 10.7679 10.18231 10.79389 11.04111 11.02667 10.81319 10.63364 10.61921 10.62936 10.75986 10.51385 9.87865 8.69424 8.39671 7.32378 6.50469 5.05419 3.95739 3.62407 3.54042 3.76095 3.49531 3.6127 4.07614 3.37765 3.2752 3.72289 4.09118 4.17474 4.14551
-9999 -9999 -9999 -9999 -9999 -9999 -9999 -9999 -9999 -9999 -9999 -9999 -9999 -9999 -9999 -9999 -9999 -9999 -9999 -9999 -9999 -9999 -9999 -9999 -9999 -9999 11.63048 11.39918 11.33306 11.29613 11.229 11.19098 11.82918 11.96488 12.02375 12.02855 11.54621 11.38009 11.23568 11.1303 11.44536 10.71017 10.58614 10.29942 9.96853 10.37924 10.98919 10.99971 10.72734 10.49539 10.47122 10.53759 10.66362 9.71188 8.38505 7.73439 7.67057 5.07507 4.2164 3.88708 3.59761 3.504 3.45249 3.83347 3.96032 3.61258 3.81691 3.47644 3.49195 3.88624 4.20207 4.08478 3.92038
-9999 -9999 -9999 -9999 -9999 -9999 -9999 -9999 -9999 -9999 -9999 -9999 -9999 -9999 -9999 -9999 -9999 -9999 -9999 -9999 -9999 -9999 -9999 11.67504 -9999 11.60624 11.5159 11.33601 11.28286 11.31982 11.36558 11.49778 11.56564 11.84156 11.98338 12.09413 12.10162 11.21426 10.65197 10.70229 10.88773 10.15641 9.9835 9.38735 9.90353 10.50539 10.92894 10.81988 10.564 10.08266 10.08615 10.02596 7.80288 6.74668 4.3826 3.9783 4.10072 3.94245 3.85147 3.78732 3.67471 3.41653 3.47494 3.80883 3.8199 3.37965 3.39569 3.57953 3.81832 4.03605 4.04571 4.12664 3.79228
-9999 -9999 -9999 -9999 -9999 -9999 -9999 -9999 -9999 -9999 -9999 -9999 -9999 -9999 -9999 -9999 -9999 -9999 -9999 -9999 -9999 -9999 11.62765 11.61398 11.37061 11.33517 11.35659 11.34067 11.40569 11.4631 11.32636 11.34128 11.57008 11.87476 11.97408 11.65226 10.83051 10.83815 10.44871 10.42575 9.73217 9.4231 9.05714 8.46557 9.52459 10.28515 10.42058 10.4484 9.67786 8.45468 5.95132 4.27408 3.95121 3.89566 3.72227 3.59286 3.88095 3.96174 3.84087 3.60951 3.46977 3.4134 3.39015 3.69471 4.01004 3.79509 3.55346 3.6404 4.16281 4.2359 4.08572 3.92613 4.17024
-9999 -9999 -9999 -9999 -9999 -9999 -9999 -9999 -9999 -9999 -9999 -9999 -9999 -9999 -9999 -9999 -9999 -9999 -9999 -9999 -9999 -9999 11.59445 11.53493 11.35961 11.27865 11.40156 11.52958 11.51916 11.55003 11.38637 11.3675 11.49867 11.59456 11.06568 10.68163 10.6888 10.53656 9.89181 8.72498 9.54143 8.20254 7.43144 7.92983 9.57543 10.07054 10.1933 10.14766 8.38564 5.51692 4.09185 3.93314 3.80631 3.86695 3.70177 3.65744 3.98445 3.88827 3.86839 3.53934 3.41974 3.41898 3.33559 3.72198 3.89856 3.53845 3.53709 3.70551 3.73333 3.74579 4.01448 3.97218 3.96705
-9999 -9999 -9999 -9999 -9999 -9999 -9999 -9999 -9999 -9999 -9999 -9999 -9999 -9999 -9999 -9999 -9999 -9999 -9999 -9999 -9999 11.42961 11.45879 11.39928 11.43369 11.46952 11.51488 11.55348 11.55076 11.55413 11.44169 11.27157 11.49463 11.3634 10.70484 10.48372 10.91018 10.98892 10.79124 7.21528 6.68005 5.85858 7.1204 7.48799 8.99192 9.58781 9.60791 9.28548 4.94258 4.25434 3.96798 3.70616 3.56098 3.69208 3.57744 3.80013 3.74399 3.54625 3.44799 3.60207 3.2008 3.17553 3.93589 3.88064 3.86241 3.52173 3.6362 3.72631 3.85799 3.95535 4.03713 4.03308 4.18993
-9999 -9999 -9999 -9999 -9999 -9999 -9999 -9999 -9999 -9999 -9999 -9999 -9999 -9999 -9999 -9999 -9999 -9999 -9999 -9999 11.58342 11.48077 11.38194 11.42498 11.48725 11.65088 11.64886 11.59998 11.55259 11.51722 11.42787 11.03464 10.76764 10.55892 10.16126 10.1554 10.30055 10.33468 10.38187 6.5147 6.28538 5.57585 7.06545 7.21092 7.41499 7.18985 5.01314 4.4976 4.26922 3.7766 3.73684 3.56946 3.57184 3.62276 3.61299 3.67295 3.52863 3.4653 3.50731 3.36948 3.20412 3.65848 3.95811 4.3334 3.87573 3.72606 3.70331 3.76685 4.05465 4.0075 4.16318 4.03888 4.27208
-9999 -9999 -9999 -9999 -9999 -9999 -9999 -9999 -9999 -9999 -9999 -9999 -9999 -9999 -9999 -9999 -9999 -9999 -9999 -9999 11.7141 11.52872 11.19608 11.4646 11.47887 11.50089 11.82957 11.88837 11.5743 11.54578 11.54838 11.17863 10.50877 9.78774 9.73241 9.82635 10.07601 10.08491 9.88643 6.4777 6.20752 5.54227 4.86351 6.37505 6.15887 5.27177 4.36645 3.74217 3.73627 3.67474 3.64026 3.6496 3.79625 3.64031 3.37638 3.92576 3.84509 4.16634 3.52162 3.24192 3.75505 5.11882 5.62538 4.24895 3.82528 3.79776 3.76476 3.99366 3.8822 4.01759 4.02781 3.71126 3.60351
-9999 -9999 -9999 -9999 -9999 -9999 -9999 -9999 -9999 -9999 -9999 -9999 -9999 -9999 -9999 -9999 -9999 -9999 -9999 11.54676 11.69501 11.59729 11.34488 11.63058 11.52361 11.53652 11.58515 11.78442 12.10808 11.53778 11.77304 11.76633 10.55868 8.68574 8.37378 8.6754 8.95664 9.19911 8.05428 5.98816 5.43966 4.90405 4.66987 4.61584 4.79884 3.91773 3.71096 3.64328 3.67486 3.67392 3.6803 3.47008 3.69169 3.53396 3.59052 3.82632 4.19463 3.63542 3.26415 3.64144 4.24688 5.42915 4.23382 3.62194 3.94341 4.02024 3.86729 4.01457 4.06357 4.12694 3.83377 3.62013 3.48653
-9999 -9999 -9999 -9999 -9999 -9999 -9999 -9999 -9999 -9999 -9999 -9999 -9999 -9999 -9999 -9999 -9999 -9999 11.55422 11.53435 11.64331 11.48448 11.40788 11.48798 11.60133 11.58923 11.57102 11.87218 12.04388 11.28866 11.08959 10.93465 10.18361 7.44538 6.84157 6.8966 7.52739 6.9298 5.27058 4.68271 4.57958 4.45318 4.42443 4.44878 4.21248 3.87242 3.81389 3.56487 3.74297 3.78083 4.11053 3.45219 4.16008 3.78635 3.79019 4.12707 3.84063 3.63519 3.48803 3.6957 4.37018 4.36875 3.8392 3.69672 3.67661 3.99208 4.22789 4.20913 3.90618 3.8016 3.71323 3.72774 3.53258
-9999 -9999 -9999 -9999 -9999 -9999 -9999 -9999 -9999 -9999 -9999 -9999 -9999 -9999 -9999 -9999 -9999 11.46298 11.69907 11.60142 11.58828 11.37371 11.36163 11.35974 11.47911 11.68398 11.54689 11.64133 11.48615 11.208 10.74808 10.3176 8.29835 7.50455 6.39181 5.61416 4.98646 5.02436 4.5279 4.34254 4.26794 4.40433 4.22224 4.24909 4.09255 4.0684 3.77453 3.68103 3.51959 3.56758 4.14329 3.5421 4.71538 4.37904 4.14697 3.87813 3.82391 3.48984 3.6736 4.25781 4.13275 4.07158 3.98367 3.66618 3.76924 3.82269 3.71679 3.920155 3.84943 3.76341 3.77743 3.57979 3.47683
-9999 -9999 -9999 -9999 -9999 -9999 -9999 -9999 -9999 -9999 -9999 -9999 -9999 -9999 -9999 -9999 -9999 11.41738 11.5466 11.65914 11.55183 11.64018 11.53617 11.48124 11.39074 11.32943 11.02352 11.05092 11.04201 11.12932 8.37913 8.25324 8.11453 5.86953 5.24605 4.74406 4.67156 4.581 4.38558 4.29245 4.1935 4.23429 4.27467 4.22195 4.12136 3.90772 3.97682 3.72246 3.58134 3.56386 3.72847 3.59585 3.64713 3.44506 3.75746 3.76192 3.60213 3.61802 3.77109 4.02875 4.21998 4.30736 3.92509 3.64949 3.67666 3.82979 3.8399 3.90539 3.87234 3.75592 3.69459 3.59007 3.60366
-9999 -9999 -9999 -9999 -9999 -9999 -9999 -9999 -9999 -9999 -9999 -9999 -9999 -9999 -9999 -9999 11.51898 11.60101 11.54901 11.6996 11.5489 11.59306 11.66149 11.63645 10.61294 11.28403 10.72348 10.68874 10.74674 8.2471 8.10243 8.10646 7.31724 5.561 4.69929 4.53136 4.55245 4.36715 4.27747 4.29158 4.12576 4.15014 4.11706 4.1205 4.02901 3.9669 3.82781 3.84132 3.68043 3.60041 3.94969 3.69457 3.53714 3.45627 3.64961 3.60596 3.95922 3.85135 4.00498 4.14527 4.30233 4.31194 4.308 3.69314 3.78812 3.86028 3.80056 3.78319 3.75413 3.78379 3.72482 3.59937 3.80614
-9999 -9999 -9999 -9999 -9999 -9999 -9999 -9999 -9999 -9999 -9999 -9999 -9999 -9999 -9999 11.80758 11.75437 11.62462 11.67599 11.6157 11.4897 11.35365 11.14978 11.03693 10.07312 10.83758 10.32218 10.73588 9.72845 7.97969 6.61295 5.27522 4.81079 4.76274 4.32675 4.3809 4.43075 4.35802 4.16898 4.28465 3.98026 4.01752 3.96442 4.06498 4.02748 3.89777 3.81256 4.07801 3.96229 3.64494 3.77518 3.58496 3.55212 3.71464 3.84434 3.66812 3.79284 3.83232 3.91387 4.45882 4.38443 4.2205 4.24553 3.67713 3.83323 3.89855 3.89932 3.81631 3.83687 3.89506 3.71355 3.58591 3.73099
-9999 -9999 -9999 -9999 -9999 -9999 -9999 -9999 -9999 -9999 -9999 -9999 -9999 -9999 11.86828 11.78103 11.81568 11.74594 11.7337 11.53525 11.39782 11.1822 11.21365 9.93918 10.04697 9.843406 9.79611 9.20675 5.18244 5.23461 4.97128 4.81463 4.80114 4.88618 4.22544 4.37238 4.50996 4.48804 4.19895 4.10398 3.87068 3.85646 3.78204 4.01978 3.96966 3.7229 3.68414 3.90572 4.49333 4.46553 3.58788 3.71077 3.83424 3.74556 3.77479 3.87835 3.92465 3.79942 4.16988 4.34195 4.31833 4.20138 4.04804 3.77104 3.87698 3.90614 3.9116 3.91652 3.8974 3.83148 3.68083 3.48501 3.5704
-9999 -9999 -9999 -9999 -9999 -9999 -9999 -9999 -9999 -9999 -9999 -9999 -9999 -9999 12.18658 11.63608 11.58969 11.62281 11.69068 11.59118 11.5709 11.30661 11.09493 9.85586 8.66036 8.69382 8.93188 6.21713 4.64904 4.53197 4.65549 4.858 4.79412 3.99204 4.01641 4.28855 4.36264 4.28907 4.077 3.92258 3.74751 3.76046 3.74618 4.02404 4.16859 4.36771 3.67993 3.61467 3.96781 4.31292 3.5261 3.78305 3.90751 3.99768 3.57034 3.99065 4.12132 4.18654 4.19606 4.2747 4.06468 4.00628 4.05948 4.0451 3.88347 4.03192 3.98492 3.92918 3.75189 3.62419 3.43809 3.3734 3.5203
-9999 -9999 -9999 -9999 -9999 -9999 -9999 -9999 -9999 -9999 -9999 -9999 -9999 -9999 11.56138 11.5677 11.60409 11.64856 11.6042 11.56788 11.40604 11.41728 11.46402 9.95076 7.94595 6.94606 5.6613 4.66624 4.31879 4.62792 4.59788 4.66868 3.9273 3.88753 4.1153 3.93373 3.91551 3.90053 3.80276 3.81494 3.68955 3.83579 3.94084 3.69827 3.76043 4.33869 3.94933 3.57643 3.49091 3.78384 3.65143 4.30447 4.34599 3.81081 3.4171 4.12553 4.26929 4.30128 4.35795 4.14079 4.03944 4.03208 4.02044 4.20148 4.44318 4.04941 3.98709 3.76688 3.53633 3.50289 3.48036 3.43539 3.34299
