test/DeltaShell.Plugins.DelftModels.HydroModel.Tests/test-data/AcceptanceModels/SOBEK2/DarEsSalaam/FIXED/tin2raster.asc
ncols         713
nrows         728
xllcorner     528061
yllcorner     9245694
cellsize      5
NODATA_value  -9999
[rows 330 to 362 of 728, columns 292 to 364 of 713]
5.91519 5.6502 5.44824 5.51259 5.79832 6.01255 5.82761 5.75249 5.8599 5.93018 5.85541 6.02888 6.03238 5.97952 5.78816 5.72093 5.48896 5.81415 6.12188 5.97279 4.86476 4.99066 5.06298 5.02022 5.94937 6.47745 6.65428 6.36994 6.1174 5.87932 5.61159 5.48452 5.32523 5.04668 5.12688 5.41588 5.24869 5.25023 5.17181 5.28125 5.37669 5.43129 5.5378 5.4237 5.439 5.38947 5.40953 5.34104 5.27264 5.66264 5.81008 5.44244 5.20614 4.49414 4.46008 4.66695 4.86844 5.39152 5.27745 5.0869 4.9023 4.68216 4.72707 4.97766 4.98934 4.73081 4.70572 4.89514 4.75959 4.28904 5.04891 5.76624 4.74914
5.13956 5.56218 5.31432 5.48877 5.74357 6.02692 6.22263 6.31373 5.91975 5.84646 5.84487 5.90256 5.99456 5.96273 5.87296 5.65857 5.75474 5.50112 5.78113 5.09575 4.47354 4.81008 4.85297 5.43226 6.80976 6.48252 6.74249 6.35301 5.88957 5.97491 5.95619 5.30233 5.01683 4.94365 5.13415 5.30517 5.28318 5.3034 5.16675 5.38542 5.48934 5.39234 5.35237 5.50343 5.41048 5.39141 5.30178 5.3261 5.16923 5.30444 5.20639 5.21284 5.25134 4.59274 4.84487 5.19287 5.09806 5.38279 5.298 4.91478 4.88172 4.74411 4.67694 4.78494 4.93686 4.84525 4.81266 5.30076 4.3835 4.36989 4.15498 5.316798 5.97404
5.04312 5.32252 5.57881 5.60539 5.7477 6.18308 6.11131 5.86217 5.82844 5.89763 5.94039 5.8973 5.86194 5.88254 5.85474 5.7827 5.66947 5.554 6.10459 4.99226 4.34876 4.79443 5.02018 5.69968 6.22566 6.34462 6.36572 5.29865 5.31651 5.18107 5.53138 5.22905 5.23068 5.17406 5.1905 5.12749 5.22207 5.35673 5.34659 5.32489 5.42512 5.28421 5.40973 5.48294 5.33521 5.31891 5.42911 5.48605 5.05479 5.12758 5.70932 5.72295 5.52884 4.3529 4.91622 5.16381 5.33639 5.58601 4.9726 4.74302 4.7911 4.72907 4.69676 4.74553 4.93813 5.02583 4.6183 4.63314 4.43239 4.39711 4.17744 5.37209 5.62027
5.35156 5.24968 5.19895 5.53959 5.92024 5.91677 5.84656 5.83964 5.88598 5.90544 5.82549 5.87134 5.80436 5.77993 5.78846 5.76856 5.7103 5.66591 6.37246 4.92704 4.55817 4.70545 5.36893 5.83049 6.17731 6.44962 6.75137 5.5546 5.20169 5.08029 5.3071 5.53286 5.54171 5.22313 5.27605 5.28034 5.18083 5.22285 5.37265 5.33111 5.44776 5.19034 5.51737 5.53288 5.54104 5.45366 5.4284 5.47264 5.11333 6.11966 6.49729 5.7897 4.99514 4.61625 5.01361 5.25106 5.43872 5.39214 4.97448 4.78778 4.76291 4.70061 4.70315 4.64817 4.61728 4.83786 4.50945 4.53232 4.50983 4.53029 4.35774 5.70455 5.3239
5.50839 5.47696 5.19647 5.48427 5.64431 5.87174 5.97423 5.7433 5.75922 5.7238 5.69895 5.76137 5.83008 5.98502 6.0052 5.8976 5.85262 6.02471 6.35428 5.33839 4.6854 4.81422 4.89717 6.00287 6.36029 6.46319 5.79161 6.04493 6.08058 5.89079 5.86802 6.14515 6.04026 5.83564 5.34751 5.29563 5.60526 5.71014 5.5182 5.52057 5.38003 5.36689 5.43791 5.46302 5.53496 5.62624 5.67579 5.5598 5.34621 5.85561 5.95189 5.54657 5.09754 4.52328 5.50852 5.33107 5.45704 5.40593 5.02705 4.88867 4.81577 4.74813 4.69104 4.65866 4.55771 4.56887 4.58633 4.50783 4.51512 4.34426 4.18606 5.49816 5.24968
5.04235 4.96053 5.09877 5.55032 6.0621 6.14396 5.9759 5.85944 5.79345 5.69676 5.72662 5.82233 5.88974 6.02271 6.05985 6.00438 6.12247 6.79468 5.70652 5.173689 4.70523 4.82049 4.81529 6.24508 6.5986 6.62199 6.40899 5.28003 5.3733 5.4179 5.57262 6.30911 6.30346 5.630722 5.27974 5.1522 5.86583 6.07578 5.53575 5.43114 5.38112 5.25386 5.37655 5.36954 5.46344 5.55389 5.64645 5.68326 5.39278 5.85632 5.40519 5.25152 4.70152 4.70929 4.91449 5.29365 5.39433 5.33079 4.88477 4.97308 4.95483 4.88945 4.88699 4.92293 4.74716 4.71884 4.63954 4.50982 4.44304 4.23855 4.22204 4.83519 5.21103
5.11917 4.94654 5.19683 5.3881 6.11647 6.75573 5.8197 5.87027 5.81921 5.73966 5.69741 5.76051 5.9152 5.99886 6.01205 5.94922 6.25739 6.92982 4.65695 4.748067 4.74054 4.82963 4.67139 5.79468 6.67779 6.59289 6.67391 6.00234 5.30136 5.02408 5.42979 6.4605 6.29356 5.10434 5.25254 5.80839 5.24544 5.41343 5.57763 5.5707 5.37946 5.286 5.41762 5.46614 5.54954 5.51405 5.62983 5.50456 5.04502 5.16293 5.14433 5.20208 5.10139 4.52468 5.01788 5.21139 5.49932 5.23411 5.08876 4.95319 4.82451 4.77709 4.67902 4.92838 4.97903 5.17111 4.52396 4.43978 4.43777 4.32379 4.27985 4.7243 5.57014
5.10056 4.94445 5.13185 5.07864 5.54776 5.46559 5.59123 5.67944 5.56978 5.61242 5.53337 5.49972 5.7288 5.87512 5.87569 5.91377 6.42799 6.25959 4.49537 4.608639 4.655391 4.73591 4.43738 4.93311 6.7163 6.6267 6.61342 6.15303 5.8983 6.40741 6.07073 6.10276 5.88724 5.39416 5.333576 5.34781 5.37958 5.41234 5.39199 5.3674 5.62594 5.24851 5.42934 5.44303 5.4493 5.47223 5.20187 5.01824 5.29235 5.08515 5.29204 5.15581 5.1439 5.01564 4.9315 5.14404 5.4244 5.08818 5.08181 4.89451 4.77775 4.71012 4.7848 4.76539 4.70377 4.73448 4.66105 4.42647 4.42643 4.44404 4.57005 4.91199 5.11498
4.93234 4.95389 4.93622 4.94541 5.00698 5.23857 5.32127 5.4674 5.5721 5.50765 5.38136 5.43544 5.71616 5.81516 5.79871 5.94595 6.71585 5.70306 4.729954 4.630965 4.5907 4.542297 4.3486 4.56749 6.75502 6.67796 6.53561 6.34929 6.62851 6.64194 6.13158 6.0374 5.29037 5.25073 5.33976 5.48384 5.40482 5.31472 5.31477 5.51955 5.57201 5.32686 5.51576 5.39145 5.41932 5.37211 5.0061 5.16694 5.19131 5.02698 5.06496 5.07151 4.85877 5.26907 5.08526 5.25357 5.32581 5.07012 5.22245 4.96728 4.8519 4.74787 4.82046 4.72666 4.71674 4.51408 4.51592 4.52495 4.50808 4.4491 4.36017 4.35594 4.55891
4.82185 4.90747 4.95752 5.28637 5.14737 5.28087 5.27307 5.35776 5.49069 5.33033 5.3308 5.37286 5.62004 5.71152 5.88564 6.42032 6.84453 4.71737 4.705774 4.625666 4.575835 4.539118 4.500917 4.80356 6.74501 6.70862 6.53765 6.30929 5.60656 6.23529 6.10441 6.48194 5.34753 5.19574 5.56397 5.35233 5.29248 5.55552 5.65036 5.57719 5.51115 5.29085 5.59613 5.46146 5.42382 5.25899 5.05225 5.19777 5.27399 5.16952 5.38366 6.34763 5.85922 5.35889 5.39112 5.33983 5.52972 5.22513 5.04467 4.96909 4.88412 4.92118 5.09695 4.85473 4.59523 4.46364 4.54569 4.54496 4.48063 4.38655 4.33972 4.5246 4.96239
5.09462 4.93736 4.96513 4.99539 5.06443 5.02673 5.19686 5.66828 5.7339 5.60004 5.44021 5.34164 5.63089 5.96731 6.57882 6.73748 5.92518 4.77866 4.66352 4.602391 4.566445 4.54206 4.524616 4.56224 6.72314 6.67351 6.51602 6.38011 6.05917 6.28077 6.52962 6.89319 5.21955 5.12089 5.28027 5.35229 5.43568 5.63949 5.44595 5.72123 5.46975 5.1616 5.61272 5.50989 5.51165 5.15002 5.00883 5.18792 5.26338 5.00006 5.63159 5.56665 6.02398 5.22598 5.24511 5.60443 5.62867 5.15341 5.06758 4.85095 4.90611 4.88688 4.94533 4.82459 4.63935 4.49346 4.5529 4.54577 4.48013 4.3753 4.43399 4.49383 4.53338
5.14863 5.11823 5.01292 4.69058 5.02175 4.99206 5.10636 5.49033 5.89752 5.21824 5.22769 5.27909 5.59336 7.08046 7.19272 6.80857 5.79865 4.73407 4.622043 4.570849 4.550144 4.545289 4.552674 4.52515 6.61973 6.6867 6.55375 6.39389 6.79791 6.91391 7.12822 5.31566 5.589371 5.32017 4.96209 5.13667 5.40447 5.44677 5.42493 5.65562 5.26449 5.20846 5.67802 5.65948 5.45448 5.1607 5.11757 5.24029 5.46195 4.9683 5.81871 5.77041 5.59821 4.91334 5.0499 5.54195 5.76995 5.30892 4.87008 4.73959 4.75336 4.76233 4.82835 4.7425 4.58882 4.39878 4.3849 4.43393 4.4266 4.29488 4.37832 4.35486 4.26216
5.24076 5.03285 4.99774 4.51071 4.84086 5.03249 5.0885 5.11028 5.76309 5.24495 5.14515 5.34983 7.07808 8.04713 7.41991 7.10195 5.32341 4.6572 4.534249 4.519393 4.554451 4.607997 4.657357 4.67288 6.54582 6.68308 6.49848 6.40265 6.27697 6.9511 7.14036 6.55581 6.50159 6.05921 6.13335 5.214 5.18098 5.63446 5.64217 5.73218 5.43915 5.37004 5.62384 5.57566 5.45983 5.33876 5.19521 5.16418 5.12477 5.47344 5.94818 5.69935 5.05797 4.91297 5.1534 5.48264 5.34664 6.01692 5.08009 4.88354 4.65991 4.62626 4.7698 4.62955 4.59583 4.42562 4.40564 4.4812 4.49549 4.32554 4.3464 4.49164 4.35791
5.03358 5.01403 4.92995 4.8254 4.90433 5.15442 5.03944 5.12754 5.48748 5.26928 5.2068 6.12274 8.33669 8.39894 7.44556 7.15542 5.08635 4.66043 4.37766 4.52334 4.648402 4.766786 4.925692 5.200429 6.26719 6.60805 6.51371 6.51758 6.94516 6.35427 6.39747 6.65194 6.48541 6.17767 6.02895 5.47097 5.70586 5.65117 5.77617 5.65556 5.34778 5.34927 5.87318 5.73847 5.37822 5.58817 5.32936 5.47864 5.26727 5.45224 6.02158 5.49185 4.73305 4.72595 5.79195 5.60249 5.19992 5.14716 4.90162 4.64533 4.59297 4.63802 4.58303 4.53042 4.47178 4.3585 4.40143 4.42932 4.43018 4.36286 4.34205 4.73886 4.92781
5.04411 5.06598 5.40038 5.29282 4.90907 5.08927 5.16949 5.24618 5.11961 5.14536 5.46183 7.14954 8.5973 8.1675 7.2475 5.7692 5.03958 4.71545 4.47983 4.664996 4.791094 4.936893 5.126222 5.417551 5.92947 6.53696 6.57807 6.47356 6.82925 6.88204 7.01786 6.65898 5.95897 5.98388 6.2705 5.84297 5.76466 5.75688 5.72773 5.6159 5.29539 5.47784 5.7173 5.69995 5.60427 5.50983 5.27677 5.35481 5.24133 5.52948 6.0547 5.2298 4.9769 5.78196 6.12582 5.41797 5.1478 5.57548 4.81392 5.2863 4.53669 4.53804 4.57077 4.45449 4.46137 4.44114 4.40974 4.33041 4.34635 4.43494 5.00392 5.37097 5.37251
5.01665 5.144 5.29632 5.4603 4.89041 4.95273 5.09211 5.19481 5.18635 5.24464 5.26006 7.53443 8.60943 7.72814 7.23096 5.20873 5.01301 5.06259 4.76397 4.800992 4.921507 5.053169 5.214359 5.432144 5.8749 6.59389 6.54811 6.2996 6.49042 6.81051 6.23949 5.90551 6.79071 6.40966 6.23806 5.47045 5.67601 5.84541 5.78317 5.60683 5.35968 5.65477 5.69167 5.61465 5.34533 5.89625 5.76416 5.22437 6.07837 6.03765 6.271 5.58606 4.59759 5.31255 6.21616 5.49304 5.24516 4.90353 5.38514 5.22699 4.48006 4.44836 4.49623 4.42721 4.39313 4.40828 4.39119 4.34164 4.68635 4.84586 4.94503 4.87513 5.16105
4.94441 5.10896 5.22538 5.25116 5.03756 5.00319 5.2592 5.263 5.25228 5.25277 5.20537 7.6822 8.57435 7.49733 7.1404 5.00083 5.01886 5.09847 4.71176 4.903642 4.994747 5.095093 5.214791 5.353558 5.2795 6.54374 6.44942 6.25837 7.04756 7.5342 6.49628 6.2846 6.75123 6.87242 6.39324 5.3943 5.83358 5.78361 5.7397 5.47229 5.41454 5.48623 5.54755 5.36156 5.33314 5.46306 5.57352 5.34256 5.80307 5.96586 6.1928 5.43345 4.70176 5.35391 6.06766 5.80229 5.06211 5.04916 4.78261 4.68653 4.45507 4.389 4.46901 4.41499 4.48248 4.45922 4.45659 4.44846 4.91679 4.91428 5.32739 5.42477 4.73249
5.0141 5.03256 5.02206 5.21433 5.07339 5.08072 5.05545 5.07134 5.16726 5.29089 5.16741 7.4228 8.85711 7.3709 7.08132 5.22054 5.09076 5.11899 4.95292 4.937533 4.992416 5.063247 5.141631 5.197604 5.33684 6.42626 6.4792 6.50761 7.22794 7.61594 7.06155 7.14315 6.12454 6.72059 7.11323 5.65403 5.80605 5.74906 5.67717 5.49441 5.43331 5.58529 5.32388 5.47472 5.50588 5.33033 5.3108 5.56938 5.55547 6.3251 6.51598 5.34716 4.68955 4.93656 5.84618 4.91062 4.86629 5.2613 4.67195 4.54289 4.53722 4.39435 4.37678 4.4244 4.53426 4.51838 4.46778 4.65826 5.28932 5.26938 5.15605 6.09428 6.08915
5.21305 5.02652 4.97197 5.03424 5.16425 5.16865 5.0682 5.0701 5.17802 5.36615 5.2617 7.33735 9.07898 7.33473 6.96142 5.39733 5.08236 5.11464 5.00324 4.91187 4.925583 4.970625 5.026361 5.091067 5.01244 6.23634 6.34184 6.47624 7.27895 7.30383 7.25559 6.77586 5.85103 6.38777 6.40334 5.89093 5.82278 5.74075 5.63312 5.58024 5.45232 5.75269 5.5324 5.62354 5.4943 5.79067 5.77713 5.38383 5.31185 6.46002 6.7698 5.32183 4.67884 5.20389 5.78661 6.36164 5.38728 5.08171 4.80779 4.49633 4.43207 4.39309 4.42282 4.40947 4.42787 4.47141 4.43161 4.54509 5.21538 4.81208 4.79376 5.98643 5.73804
5.09294 5.34873 5.00811 4.98025 5.158 5.04398 4.99572 4.99911 5.08468 5.34943 5.34122 7.15102 7.625755 7.38735 7.11953 5.55022 4.98528 5.15568 4.74958 4.824354 4.857858 4.883649 4.920206 4.982725 5.20798 6.153 6.29342 6.24801 7.32806 7.1348 6.19705 5.98067 5.72421 5.8624 5.83246 5.81975 5.70518 5.67416 5.69031 5.66442 5.45853 5.719 5.67406 5.68959 5.73647 5.99379 6.21813 5.35356 5.19042 6.37312 6.73484 5.13593 4.82484 5.56223 6.06636 6.12046 6.00342 5.82908 4.86757 4.45005 4.39587 4.41707 4.38729 4.39789 4.41291 4.38663 4.35284 4.27878 4.71025 4.58733 4.80469 5.68682 5.75102
4.84895 4.94038 5.09383 4.85469 4.90348 4.92271 4.89069 4.90887 4.9643 5.14903 5.47948 6.73927 7.320299 7.74663 7.40642 5.93965 4.96526 5.09755 4.62181 4.774714 4.79077 4.794202 4.798868 4.850891 5.23142 6.11587 6.24066 6.57418 7.26602 7.42877 6.05244 6.3774 5.93377 5.78288 5.80355 5.73466 5.5978 5.69737 5.71638 5.56387 5.5055 5.61484 5.55767 5.66732 5.67427 5.5471 5.45435 5.39531 5.33317 5.90037 5.99757 4.99184 5.35817 6.21213 6.92259 5.4148 5.57424 5.57156 4.68876 4.56335 4.41148 4.31865 4.32887 4.36093 4.36007 4.36696 4.35277 4.3403 4.4864 4.50649 4.65806 4.72402 4.43
5.00647 4.90603 4.90336 4.8721 4.85769 4.86735 4.92499 4.93394 4.90916 4.80863 6.07092 7.30391 7.673522 8.05807 7.6116 5.72991 4.93358 5.15014 5.0225 4.79961 4.757799 4.729224 4.697108 4.60388 5.05103 5.88496 6.12916 6.30464 7.12895 7.21012 5.97136 6.22265 5.97122 5.76792 5.52112 5.53694 5.5271 5.55436 5.56077 5.49741 5.50833 5.6792 5.56823 5.3731 5.89885 5.87904 5.95711 5.58143 5.80579 6.16252 5.20079 4.65223 6.22444 6.71089 6.26217 6.07873 6.03871 5.08226 4.58118 4.56417 4.49421 4.46022 4.34542 4.33969 4.36075 4.33017 4.28917 4.30464 4.37665 4.37276 4.58175 4.50047 4.4501
5.15256 5.16919 5.01925 4.97088 4.95504 4.91877 4.90453 5.02301 5.07622 5.1322 6.50638 8.18043 8.216434 7.96784 7.53067 5.41164 5.06519 5.16509 4.88678 4.885001 4.800968 4.734449 4.690161 4.797 5.03718 5.26436 5.50667 5.31407 5.57797 6.01288 5.63592 5.59612 5.46316 5.30684 5.46239 5.46325 5.48502 5.50883 5.48846 5.44152 5.47273 5.51011 5.51398 5.58264 6.01806 5.91805 5.49183 5.53557 5.68038 5.520289 5.07736 4.68388 5.66643 6.51442 5.50497 4.66217 6.12715 5.04635 5.1398 4.65042 4.52841 4.37784 4.36911 4.33018 4.36758 4.39076 4.36489 4.30813 4.37922 4.38426 4.43598 4.48506 4.4514
5.26204 5.36077 5.20115 4.99554 5.09768 4.99995 4.91618 5.04933 5.05124 4.97345 6.55067 8.85621 9.17807 8.00993 7.44928 4.92514 5.07504 5.16202 5.05326 4.923211 4.850226 4.777463 4.67602 4.78491 5.28388 5.39254 5.19938 5.13318 5.64215 5.80651 5.29354 5.13067 5.49444 5.5608 5.43466 5.40534 5.34971 5.36992 5.32747 5.40471 5.39436 5.46628 5.49311 5.52534 5.48353 5.35951 5.50828 5.32541 5.61268 5.515429 4.99207 5.14426 5.67784 6.24542 5.07067 4.66262 4.71527 4.93713 4.94701 4.69724 4.51567 4.39745 4.39828 4.36332 4.37655 4.34812 4.33636 4.31983 4.32284 4.46366 4.51284 4.47702 4.40022
5.23675 5.1536 5.03044 4.96198 5.02428 4.9066 4.95797 5.02745 5.00308 5.42456 7.33211 9.81998 9.00128 8.07326 6.99356 4.96891 5.04262 5.11959 5.02833 4.927242 4.861677 4.810189 4.80572 4.76041 5.45567 5.55714 5.29033 5.56328 5.64448 5.44715 5.35037 5.2116 5.29627 5.26536 5.24014 5.24362 5.27402 5.35166 5.29904 5.34562 5.50641 5.59011 5.56428 5.42631 5.61628 5.54682 5.35342 5.19083 5.183 6.29076 4.82775 5.24093 5.85193 6.19001 5.74017 4.70299 4.70062 4.74254 4.63584 4.59688 4.51578 4.38187 4.36076 4.3499 4.31223 4.30433 4.3469 4.36428 4.35278 4.39609 4.42383 4.42652 4.49149
5.01236 5.11466 5.11322 5.08116 4.99953 4.87702 4.89258 4.9413 4.98596 5.54513 7.33417 9.59868 8.65085 8.14958 6.82354 5.08486 5.00946 4.88818 4.86982 4.876074 4.846605 4.809149 4.75309 4.8812 5.64242 6.53914 5.81321 5.89686 5.649 5.3999 5.28684 5.31736 5.33275 5.32046 5.25711 5.28367 5.27607 5.29869 5.25186 5.22361 5.35312 5.50816 5.63992 5.56701 5.94494 5.61376 5.37206 5.0584 5.42894 6.49469 5.01584 5.2057 6.09465 6.28936 5.3909 4.89044 4.74771 4.84165 4.90199 5.15076 4.45682 4.3574 4.37101 4.38324 4.32513 4.3036 4.31932 4.39384 4.66165 4.71914 4.52023 4.46203 4.57779
5.07693 5.23762 5.33633 5.35545 5.05885 4.93102 4.83939 4.82421 5.13639 5.74028 7.02078 9.58646 8.61308 8.17899 6.47509 5.11119 4.99785 4.91294 4.83575 4.870043 4.850408 4.815718 4.78275 5.16141 6.34384 6.7672 6.77038 6.20978 5.79783 5.75355 6.05221 5.61621 5.60691 5.67132 5.60754 5.48495 5.64355 5.53638 5.44146 5.45727 5.60821 5.93347 5.69335 5.61536 5.41837 5.33383 5.26325 5.03592 6.4385 6.19509 4.53707 5.49676 5.78346 5.59405 5.66694 4.80158 4.91445 4.82393 4.77559 5.30955 4.4979 4.38615 4.37231 4.40696 4.31465 4.33208 4.3428 4.41311 4.68422 4.72615 4.56543 4.65482 4.52067
5.08885 5.44813 5.4816 5.50823 5.27663 5.06994 5.00138 4.94648 5.34976 5.9828 8.43389 10.08618 8.92421 8.19182 6.82962 5.10043 5.11838 5.01485 4.99949 4.929298 4.903805 4.870617 4.82359 6.31747 6.84314 6.92372 6.79432 6.08846 5.76986 5.79773 6.03643 5.99916 5.9822 5.78032 5.78157 5.74943 5.85243 5.73281 5.78624 5.67502 5.75864 5.84021 6.00594 6.87163 6.35508 5.57318 5.17627 5.17058 6.28768 6.24147 5.13212 5.39272 5.35798 5.70813 5.07163 4.8665 4.8473 4.85042 4.95195 5.38088 4.51643 4.40066 4.41232 4.35205 4.34032 4.33956 4.31668 4.81626 4.66811 4.64359 4.652 4.5052 4.60221
5.18255 5.21281 5.33126 5.28464 5.30311 5.1631 5.07925 5.28694 5.86121 6.58913 9.41842 9.91006 8.86274 8.1072 6.67893 5.08215 4.89025 4.8507 4.814302 4.891959 4.933008 4.942736 4.95439 6.75679 6.87232 6.94077 6.84572 5.62804 5.39969 5.68529 5.49785 5.56029 5.56478 5.57696 5.72498 5.64878 5.73515 5.67458 5.69726 5.60981 5.71771 5.80673 6.40893 6.34732 5.68419 5.79526 5.07288 5.0499 5.9476 6.17767 4.91061 5.44159 5.70056 6.09253 5.57568 4.84642 4.72272 4.8984 4.95158 4.94618 4.51606 4.37613 4.36464 4.40294 4.35472 4.41928 4.51218 4.675 4.70681 4.7301 4.7431 4.54253 4.50479
5.12314 5.33812 5.38258 5.286 5.21983 5.10405 5.08228 5.56872 6.12679 6.51356 8.30186 9.12903 8.58501 7.74812 5.51858 4.81322 4.46177 4.40888 4.618528 4.762211 4.87542 5.00015 5.37667 6.86236 6.94523 6.98176 6.89208 5.92283 5.52099 5.96621 5.75727 5.60309 5.53211 5.49997 5.59087 5.65412 5.60856 5.56548 5.58647 5.59621 5.70441 5.71139 5.81071 5.78768 5.616 5.40941 5.24702 5.82893 6.21907 5.20607 4.75518 4.88499 5.50538 5.70968 5.81858 4.88979 5.23334 5.30037 5.05757 4.92322 5.49234 4.37124 4.3387 5.36286 4.99434 4.60654 4.65157 4.97315 5.03259 4.79815 4.75407 4.31609 4.25455
5.39206 5.12343 5.19422 5.18608 5.14069 5.11668 5.14503 5.69531 6.92063 7.60799 8.55624 8.96745 8.17948 6.66327 4.72382 4.52076 4.41346 4.430788 4.521696 4.639777 4.74484 4.70224 6.30466 6.94935 6.91712 6.95381 6.7632 5.50476 5.58111 5.60946 5.60177 5.61869 5.55896 5.61152 5.60457 5.5167 5.60499 5.38228 5.4414 5.51568 5.60521 5.46123 5.57573 5.72347 5.55768 5.38348 5.52118 6.13021 6.3173 4.85535 4.61158 4.78229 5.602 6.06777 5.71132 4.87104 4.98289 4.7655 4.83986 4.56468 4.40577 4.37085 4.33892 5.53901 4.73277 5.43883 4.76842 4.98954 5.47495 4.96876 4.24398 4.63933 4.58674
5.45634 5.23554 5.17373 5.10848 5.20123 5.11472 5.23973 5.85934 7.97279 8.92365 9.05113 8.60186 7.837 5.10038 4.68948 4.39747 4.38351 4.428607 4.491551 4.578585 4.68793 5.55575 6.86856 7.02819 7.04382 6.99534 6.10813 5.56905 5.64235 5.69877 5.64377 5.69747 5.6864 5.6463 5.63721 5.63077 5.60311 5.50996 5.54371 5.44991 5.64284 5.62421 5.61976 5.55849 5.43008 5.42578 5.38128 6.08301 6.49904 4.79296 4.73394 5.05891 5.7596 6.06778 5.4041 4.72503 4.60924 4.56355 4.43997 4.38599 4.37516 4.37774 4.36607 5.43363 5.55579 5.88479 4.81306 5.04487 5.13817 4.95172 4.9243 4.68651 4.82565
5.60478 5.02775 5.0239 5.11349 5.24765 5.0844 5.16794 6.06912 8.15502 9.08441 8.96205 7.98495 5.07152 4.58385 4.610526 4.528458 4.448869 4.428101 4.46763 4.53323 4.63858 6.741 7.06896 7.02484 7.12518 7.05188 6.0148 5.86549 5.86781 5.92449 5.99469 5.84747 5.75134 5.72353 5.75563 5.61541 5.66579 5.50425 5.44434 5.41051 5.59353 5.68421 5.52807 5.50254 5.57447 5.69843 5.30728 6.40256 6.74849 5.213978 4.44338 4.64663 5.16308 6.06357 5.54354 4.96462 4.88902 4.83061 4.52422 4.49689 4.38361 4.4082 4.87128 5.29526 5.74394 6.05515 4.80861 5.18807 5.24591 5.35631 5.29682 4.73587 4.91686
