test/DeltaShell.Plugins.DelftModels.HydroModel.Tests/test-data/AcceptanceModels/SOBEK2/DarEsSalaam/FIXED/tin2raster.asc
ncols         713
nrows         728
xllcorner     528061
yllcorner     9245694
cellsize      5
NODATA_value  -9999
[rows 462 to 494 of 728, columns 0 to 72 of 713]
-9999 -9999 -9999 -9999 -9999 -9999 -9999 -9999 -9999 -9999 -9999 -9999 -9999 -9999 -9999 -9999 -9999 -9999 -9999 -9999 -9999 -9999 14.86769 15.65939 15.51215 15.47584 14.78939 14.81459 14.82247 16.19517 18.22612 18.8233 19.42573 19.55243 19.65629 19.78056 19.98059 20.04092 20.06625 20.15544 20.22196 20.28481 20.32487 20.35655 20.36961 20.37335 20.409 20.43048 20.86609 21.33992 21.10999 20.54464 20.30162 20.30125 20.26683 20.27838 20.22937 20.14881 20.11464 20.31163 20.29314 20.00024 19.85562 19.82436 19.60142 19.43793 19.38311 19.38731 19.36509 19.35119 19.36279 19.41842 19.48614
-9999 -9999 -9999 -9999 -9999 -9999 -9999 -9999 -9999 -9999 -9999 -9999 -9999 -9999 -9999 -9999 -9999 -9999 -9999 -9999 -9999 -9999 15.258 15.53779 15.35664 14.91989 14.52505 14.58996 14.88897 17.11367 18.11905 18.3526 19.29619 19.31111 19.40098 19.51465 19.64858 20.05595 20.04879 20.09515 20.14873 20.2105 20.26964 20.30654 20.31503 20.35479 20.39557 20.47632 20.45139 20.31499 20.31172 20.26582 20.29789 20.30735 20.31102 20.31099 20.20993 20.1807 20.07663 19.99319 20.03273 19.74598 19.37164 19.61649 19.54383 19.37991 19.314 19.29313 19.30085 19.32896 19.28818 19.30428 19.38246
-9999 -9999 -9999 -9999 -9999 -9999 -9999 -9999 -9999 -9999 -9999 -9999 -9999 -9999 -9999 -9999 -9999 -9999 -9999 -9999 -9999 14.93095 15.20087 15.14636 14.91104 14.35334 14.41851 14.28493 15.71024 17.34308 17.85492 17.8315 18.50842 18.91241 19.19285 19.52946 19.59799 19.84661 20.03774 20.14857 20.12929 20.09342 20.18578 20.23093 20.31696 20.3612 20.39924 20.38387 20.39395 20.37657 20.36807 20.36139 20.31246 20.29927 20.27063 20.25608 20.19499 20.25837 20.32787 19.89468 19.82071 19.89722 19.61875 19.48716 19.50965 19.41344 19.32943 19.25549 19.18039 19.17784 19.077 19.18781 19.137
-9999 -9999 -9999 -9999 -9999 -9999 -9999 -9999 -9999 -9999 -9999 -9999 -9999 -9999 -9999 -9999 -9999 -9999 -9999 -9999 -9999 14.80452 14.95508 14.93562 14.4716 14.03851 14.25769 14.00151 15.46811 17.00915 17.38173 17.37486 18.01193 18.52556 18.82163 19.03283 19.53271 19.64243 19.69291 19.66456 19.99105 19.86184 20.16251 20.21129 20.2239 20.51476 20.44287 20.36865 20.36261 20.38258 20.34748 20.31831 20.30894 20.27993 20.2737 20.30699 20.26581 20.2936 20.28904 20.37833 19.61303 19.8419 19.76629 19.50765 19.44508 19.23131 19.02433 18.94597 18.95158 18.89269 18.81413 19.03618 18.94448
-9999 -9999 -9999 -9999 -9999 -9999 -9999 -9999 -9999 -9999 -9999 -9999 -9999 -9999 -9999 -9999 -9999 -9999 -9999 -9999 14.29089 14.53275 14.77179 14.51466 14.14006 13.95341 13.99915 13.22648 15.33537 16.22088 16.22373 17.12664 17.42055 18.36006 18.36373 18.3184 19.36444 19.45 19.45423 19.25656 19.44968 19.45413 19.80368 19.77139 19.57319 20.60578 20.5438 20.46324 20.41276 20.35983 20.32409 20.31103 20.27922 20.30591 20.23068 20.33814 20.32102 20.36163 20.1438 20.17564 19.62288 19.57684 19.71874 19.48108 19.09514 18.63375 18.51345 18.49286 18.52086 18.53834 18.61546 18.81435 18.77974
-9999 -9999 -9999 -9999 -9999 -9999 -9999 -9999 -9999 -9999 -9999 -9999 -9999 -9999 -9999 -9999 -9999 -9999 -9999 13.69739 14.11193 14.54565 14.48067 14.04272 13.54925 13.81194 13.45513 12.99604 14.93659 15.26241 15.12577 15.66819 16.80972 17.82024 18.06403 18.16779 19.15405 19.32435 19.39554 19.12446 19.09732 19.2907 19.87265 19.82004 19.32627 20.07196 20.42896 20.52686 20.45234 20.45526 20.30415 20.3555 20.34753 20.43503 20.38158 20.49379 20.31096 20.13656 20.00466 19.89546 19.55676 19.23119 19.17813 19.11464 18.7975 18.16282 17.75685 17.79228 17.64485 17.99293 18.47638 18.61568 18.36538
-9999 -9999 -9999 -9999 -9999 -9999 -9999 -9999 -9999 -9999 -9999 -9999 -9999 -9999 -9999 -9999 -9999 -9999 -9999 13.24488 14.06805 14.32264 14.17387 13.68649 13.51312 13.48134 12.59127 12.99659 13.89266 14.76648 15.06345 15.20161 16.15314 16.72959 17.58929 17.39672 18.99773 19.21861 19.40971 19.08438 18.99826 19.43644 20.24095 20.27797 19.06465 20.08635 20.48282 20.55858 20.53257 20.50701 20.26718 20.31391 20.3511 20.3708 20.36683 20.41872 20.29763 19.90409 19.81347 19.78562 19.56517 19.41484 18.94184 18.95829 18.27207 17.4634 16.98393 16.90661 16.95572 17.75967 18.20777 18.06635 17.70613
-9999 -9999 -9999 -9999 -9999 -9999 -9999 -9999 -9999 -9999 -9999 -9999 -9999 -9999 -9999 -9999 -9999 -9999 -9999 13.3848 13.92603 14.03094 13.80873 13.11799 13.40742 13.43932 11.61999 11.87799 12.87807 12.64228 13.19902 14.26568 15.36106 16.35911 16.73815 16.63022 17.71226 18.03455 17.97061 18.64299 18.85949 19.33488 20.26014 20.3027 18.72309 20.75278 20.76182 20.65324 20.576 20.57082 20.2495 20.24508 20.35187 20.37295 20.38114 20.3087 20.10341 19.92465 19.6329 19.40842 19.33101 19.34432 18.69469 18.5916 17.67747 16.83665 16.19397 16.09819 16.48646 17.44606 17.5288 17.36562 17.0743
-9999 -9999 -9999 -9999 -9999 -9999 -9999 -9999 -9999 -9999 -9999 -9999 -9999 -9999 -9999 -9999 -9999 11.17388 -9999 13.70251 13.82499 13.6521 13.00781 12.99862 13.2212 12.39722 10.59802 11.78399 11.26245 12.26591 12.69357 12.86141 13.20395 15.06085 15.56812 16.01043 16.30367 17.22583 17.92201 17.98436 17.84521 17.56448 19.28419 18.53339 18.55269 20.73806 20.78304 20.61535 20.51113 20.58533 20.16199 20.20003 20.42975 20.35447 20.38104 20.06635 19.91431 19.48016 19.40576 19.22534 19.18382 19.24896 18.27543 18.02956 17.24564 16.67954 15.92948 15.53836 15.79781 16.57899 16.53703 16.31146 16.13091
-9999 -9999 -9999 -9999 -9999 -9999 -9999 -9999 -9999 -9999 -9999 -9999 -9999 -9999 -9999 -9999 -9999 11.16899 12.43999 13.58652 13.55779 13.40343 12.71629 12.88524 13.05026 10.01489 10.33599 10.4764 11.09465 11.32777 12.51925 12.57067 13.09484 13.76536 14.53727 15.87334 16.22599 16.64373 17.83483 18.11209 17.24506 17.08921 18.58958 18.48894 18.44 18.98856 19.06454 19.70752 20.07845 20.07464 20.08881 20.13292 20.16211 20.10059 20.19769 20.24911 19.57825 19.42082 19.36767 19.32809 18.82701 18.64141 18.04223 17.87903 17.10309 16.5966 16.06636 15.62211 15.34727 15.7989 15.78678 15.76944 15.47254
-9999 -9999 -9999 -9999 -9999 -9999 -9999 -9999 -9999 -9999 -9999 -9999 -9999 -9999 -9999 -9999 -9999 11.25618 12.91974 13.35942 13.31329 12.8649 12.55418 12.84708 11.9869 9.87598 9.92566 10.09438 10.10817 10.41557 10.47414 11.12313 12.43781 12.82338 13.38551 15.25553 15.87746 16.52643 16.98041 16.54529 16.63766 16.87276 17.65199 18.27919 18.37981 19.2825 19.17566 19.99856 20.02068 20.02148 20.12757 20.05948 19.97929 19.99348 20.11405 20.24411 19.68769 19.53369 19.0975 18.83391 18.57603 18.44715 18.22424 18.0581 16.69972 16.27378 15.96785 15.60532 15.01031 15.24641 14.49117 15.25752 13.21194
-9999 -9999 -9999 -9999 -9999 -9999 -9999 -9999 -9999 -9999 -9999 -9999 -9999 -9999 -9999 -9999 -9999 12.54939 13.20036 13.12889 12.91681 12.3477 12.47155 12.56023 10.02989 9.85901 9.39996 9.53372 9.50532 9.90199 10.12845 10.4204 10.87059 11.34922 12.05656 12.64809 12.66972 13.64227 15.2606 15.90128 16.30387 16.53074 16.86714 17.83121 18.59558 19.17799 19.17892 19.70354 20.06124 20.02997 20.16922 20.18425 19.93846 19.86833 20.07398 19.811 19.47123 19.25658 18.69902 18.37882 18.08135 17.9616 18.17613 17.5764 16.41085 15.97206 15.30322 15.0001 14.26741 13.62313 12.95136 12.5789 12.08093
-9999 -9999 -9999 -9999 -9999 -9999 -9999 -9999 -9999 -9999 -9999 -9999 -9999 -9999 -9999 -9999 -9999 13.00854 13.06276 12.84679 12.67823 12.13082 12.31455 11.61928 9.75469 9.35959 9.15364 9.15224 9.23101 9.65157 9.71759 9.87984 10.09886 10.7915 11.06905 12.68359 12.54529 13.75479 14.60057 14.89586 14.98394 16.11907 16.64806 17.58323 18.05556 18.57492 19.39624 19.57559 19.68918 19.61453 20.13618 20.19839 19.76888 19.73696 19.86386 19.5117 19.13605 18.86922 18.66096 18.44271 18.12412 17.54662 17.75269 15.7924 15.62273 15.40697 14.65721 13.83119 12.99135 12.58519 12.25862 11.80415 11.40301
-9999 -9999 -9999 -9999 -9999 -9999 -9999 -9999 -9999 -9999 -9999 -9999 -9999 -9999 -9999 -9999 12.1389 12.87072 12.59758 12.55611 12.03774 12.05055 11.8133 10.52726 8.99192 8.99401 9.06226 9.07151 9.01993 9.04298 9.39324 9.42777 10.10159 10.20185 10.96829 11.99601 12.41401 13.97105 14.5424 14.40501 14.57005 14.2362 15.04184 17.62629 17.68995 17.67051 19.00371 19.22969 19.42179 19.11311 19.09336 19.54629 19.72741 19.67676 19.54854 19.30073 19.15432 18.95808 18.66028 18.28758 17.8133 16.95507 15.94886 15.84603 15.09978 13.93272 12.82892 12.57338 12.23377 11.04423 11.0481 10.74635 10.12701
-9999 -9999 -9999 -9999 -9999 -9999 -9999 -9999 -9999 -9999 -9999 -9999 -9999 -9999 -9999 -9999 -9999 12.68569 12.582 12.19666 11.75079 11.89135 10.98085 9.52629 8.88518 8.89813 8.86845 8.74999 8.920881 9.03097 9.0556 9.24136 9.83548 9.86839 10.75594 11.40505 11.67221 11.99064 13.38239 13.68612 13.74142 13.90575 13.93171 17.47879 17.38941 17.46817 18.04249 19.19385 18.90573 18.98471 18.9457 19.16642 19.487 19.50711 19.49041 19.38364 19.36909 18.8943 18.41111 18.44398 16.62179 16.10414 14.72988 13.50061 13.37234 13.09448 12.35164 12.0697 11.831 9.30549 8.8432 9.26676 8.50966
-9999 -9999 -9999 -9999 -9999 -9999 -9999 -9999 -9999 -9999 -9999 -9999 -9999 -9999 -9999 -9999 -9999 -9999 12.26992 11.62649 11.67977 11.32784 10.07936 8.97256 8.83866 8.82948 8.815434 8.75881 8.88269 9.08519 9.28871 9.52526 9.65981 9.50802 9.77709 10.72912 11.06724 11.38358 11.91543 13.46935 13.60492 13.80964 14.04228 15.8329 16.4736 16.6367 17.05119 17.56032 18.02312 18.31818 18.55002 18.9717 19.34141 19.5765 19.54364 19.22662 19.44824 18.71537 18.23738 17.85159 16.22156 15.70201 14.14118 13.37658 13.1714 12.72169 11.55299 10.76162 10.34646 8.76374 8.3225 7.98463 7.9802
-9999 -9999 -9999 -9999 -9999 -9999 -9999 -9999 -9999 -9999 -9999 -9999 -9999 -9999 -9999 -9999 -9999 12.12309 11.79349 11.36514 11.48473 11.04539 9.38088 8.91059 8.874822 8.81559 8.80502 8.72262 8.75462 9.04945 9.26385 9.64074 9.67847 9.34512 9.63289 10.31356 10.83849 11.1424 11.39842 12.20081 12.30108 13.6858 13.8687 14.99017 16.05902 16.31892 16.73183 18.16599 18.0639 18.27791 18.92961 19.284 19.5326 19.6525 19.66759 18.86265 18.73271 18.13371 17.32879 16.77354 16.21753 14.26549 13.18094 13.34052 11.48006 11.37845 10.3569 9.96317 8.65865 8.35922 8.14239 7.7342 8.18501
-9999 -9999 -9999 -9999 -9999 -9999 -9999 -9999 -9999 -9999 -9999 -9999 -9999 -9999 -9999 -9999 -9999 11.73129 11.36209 11.38114 10.90467 9.91933 9.22198 9.01298 8.932205 8.87937 8.78378 8.72126 8.89256 9.25572 9.82817 9.4588 9.14052 9.56294 9.53979 10.1664 10.48623 10.84934 11.16525 12.07898 12.3011 12.8371 14.282 15.14431 15.9741 16.1847 16.48047 17.29835 17.78866 17.8115 17.91412 19.39788 19.64309 19.37141 19.44249 18.71168 18.12142 17.73409 17.34619 16.5701 13.9715 13.59233 12.2188 11.48434 11.37329 10.51578 9.83314 9.21612 8.44856 8.18312 7.85622 8.00216 8.20511
-9999 -9999 -9999 -9999 -9999 -9999 -9999 -9999 -9999 -9999 -9999 -9999 9.36198 9.87008 11.92529 11.91794 11.86196 11.73142 11.26157 11.18514 9.2578 8.65003 8.70932 9.14281 8.95936 8.79617 8.5375 8.651135 8.85834 9.87 9.8086 9.03045 8.71112 8.89225 10.07467 10.09799 10.0016 10.11125 10.25868 11.65752 12.06018 12.63198 13.4395 14.34692 14.77414 16.09752 16.3933 17.46928 17.7063 17.85536 18.04657 19.05147 19.64605 19.52155 19.49572 18.43831 17.57058 17.3249 16.80632 15.73957 13.97679 13.52831 11.49655 11.02415 10.45397 9.45367 9.3137 8.61807 8.26499 8.06211 7.66444 8.25762 8.50623
-9999 -9999 -9999 -9999 -9999 -9999 -9999 -9999 -9999 -9999 -9999 9.24583 9.45172 10.84889 11.89755 11.69939 11.54413 11.09126 11.11046 9.77139 8.71177 8.56812 8.44159 8.73587 9.32548 8.5662 8.4487 8.48757 8.61299 9.07048 9.14506 8.47252 8.56073 8.77508 9.4416 9.8343 9.98443 9.95948 9.90863 10.65409 11.62419 12.38178 12.9628 13.72725 14.586 16.19595 16.59729 17.94019 17.75745 17.90401 18.02266 19.11602 19.57888 18.95468 18.48769 18.4155 17.5998 17.01707 16.81485 16.18947 14.64772 12.90904 11.55049 10.27707 9.96535 9.46987 9.20676 8.25778 8.13123 7.91086 7.81446 7.7545 7.72788
-9999 -9999 -9999 -9999 -9999 -9999 -9999 -9999 -9999 -9999 8.99196 9.20043 9.79069 11.47403 11.62186 11.52147 11.31373 10.89322 11.03117 10.76615 9.18846 8.91456 8.34894 8.2404 8.26236 8.86322 8.44107 8.46374 8.58708 8.57315 8.42409 8.46645 8.44954 9.01127 9.22399 9.55986 9.79187 9.8012 9.7235 10.01524 10.75554 11.41663 12.58199 13.76382 15.08577 15.16798 16.94027 17.41384 17.72774 18.14006 18.30652 19.15856 19.11642 18.9499 18.52188 18.28107 17.6602 16.81192 16.46666 16.17501 13.43804 12.02505 11.63528 10.08235 9.71793 9.40594 8.816899 8.28559 7.99789 7.85207 7.90719 7.81139 7.52631
-9999 -9999 -9999 -9999 -9999 -9999 -9999 -9999 -9999 8.82209 8.86729 9.32624 10.42142 11.50119 11.37279 11.40288 11.1354 10.84959 11.03042 10.8659 9.70352 9.18645 8.94144 8.57826 8.06072 8.52237 8.98785 8.76243 8.50661 8.44214 8.38512 8.32135 8.466 8.66317 8.8417 9.12781 9.26715 8.9362 9.10099 9.65897 10.02174 10.83294 11.84143 13.80736 15.29245 15.39441 16.19998 17.45584 17.21225 17.37719 18.52241 18.6865 18.35273 18.61637 17.47737 16.52895 16.87459 16.3611 15.62398 14.89932 14.09218 11.81256 11.37947 10.21725 8.66819 8.53113 8.36964 8.17258 7.92706 8.11124 7.90946 7.94065 7.53515
-9999 -9999 -9999 -9999 -9999 -9999 -9999 -9999 -9999 9.07899 9.16406 9.3408 11.10669 11.36172 11.15309 11.16532 10.59019 10.74847 10.80756 10.36915 9.53824 9.25595 9.13459 8.71724 8.14855 8.14621 8.63436 8.85285 8.80932 8.64154 8.44989 8.43278 8.24591 8.43054 8.7539 8.66371 8.83379 8.64769 9.03101 9.49828 9.68009 10.99004 11.4697 13.09402 13.93409 15.07124 15.94169 16.43662 16.9193 17.01504 17.70262 17.84148 17.27464 17.06557 16.9154 15.736 15.65771 16.13419 16.06197 13.75839 13.11198 11.94867 10.44138 10.04318 8.5579 8.09556 8.09205 8.05759 7.77224 7.82601 7.69879 7.73788 7.62054
-9999 -9999 -9999 -9999 -9999 -9999 -9999 -9999 9.41819 9.15708 9.11026 9.54994 11.15609 11.09709 11.1799 10.92029 10.5507 10.72672 10.51118 9.87217 9.44952 9.31863 9.2995 9.09092 8.5564 8.01809 8.29857 8.58798 8.99655 9.07718 8.46123 8.24 8.19794 8.2628 8.24218 8.33611 8.35765 8.73905 9.10432 9.52307 9.90136 10.39042 10.85373 11.95644 13.24054 14.65454 15.35357 15.82755 16.29539 16.37667 17.69406 17.45818 17.04404 16.83504 16.22843 15.40229 15.12742 15.63479 13.76929 13.74529 12.60819 11.00071 9.779046 8.54128 8.06356 7.76508 7.81268 7.78167 7.83924 7.84033 8.23476 7.76604 7.50119
-9999 -9999 -9999 -9999 -9999 -9999 -9999 -9999 8.89848 9.08374 9.07237 10.50095 11.03553 10.90698 11.01769 10.52689 10.49339 10.44484 9.97922 9.4529 9.32598 9.24879 9.24759 9.17668 8.81934 8.61052 8.34225 8.21117 8.46364 9.09952 8.88809 8.38425 8.26026 8.35341 8.18928 8.29562 8.30592 8.64554 9.22467 9.54374 9.74563 10.10667 10.86944 12.22958 12.99812 14.0689 15.2522 15.47302 16.14762 16.28005 16.61894 17.12682 16.99929 16.34689 15.76042 15.53323 15.02066 14.14073 13.80173 12.66305 11.3908 10.2656 9.13183 8.19714 7.80773 7.71491 7.46812 8.30561 8.4275 8.08092 7.93639 7.87748 7.78111
-9999 -9999 -9999 -9999 -9999 -9999 -9999 8.93164 8.97018 9.0521 9.06582 10.94962 10.80469 10.95795 10.84705 10.24964 10.45639 9.92381 9.5382 9.23796 9.04982 8.80919 8.8446 8.92478 8.80248 8.75142 8.50058 8.58701 8.62022 9.07913 9.09095 8.9986 8.41047 8.37336 8.20686 8.21812 8.3607 8.521 9.05463 9.13022 9.17335 9.9088 10.62806 11.69348 12.90635 13.36828 14.20489 15.18549 15.4179 16.10561 16.04962 15.97543 16.07144 16.03318 15.72196 14.03188 13.59171 13.84295 11.01399 11.00676 9.86774 9.49427 8.86789 7.94411 7.70443 7.67423 7.51302 8.3917 8.42101 8.32804 7.58901 7.51911 7.59232
-9999 -9999 -9999 -9999 -9999 -9999 8.78409 8.99202 9.02383 8.93347 10.16462 10.8 10.48446 10.76923 10.33488 10.2485 10.2738 9.50754 9.17536 9.12787 8.74068 8.57088 8.61114 8.74406 8.65438 8.55516 8.35705 8.40086 8.5123 8.76248 8.46662 8.81906 8.84961 8.40628 8.31073 8.21591 8.32063 8.45614 8.93658 8.90672 8.85966 9.08876 9.85067 10.63708 12.50908 13.22885 13.69049 14.49578 14.84721 15.90129 15.55259 15.54698 15.03471 14.99943 15.24373 11.76489 11.95781 11.65648 10.93083 10.42519 9.64366 8.97836 8.27933 7.89868 7.76734 7.54111 7.68449 7.51747 8.19807 8.00542 7.62769 7.54773 7.54493
-9999 -9999 -9999 -9999 -9999 -9999 8.9629 8.94695 9.07762 9.12992 10.7898 10.64902 10.60282 10.43592 10.07169 10.2128 9.85738 9.21516 8.99193 8.78636 8.62829 8.43793 8.43221 8.55955 8.5785 8.5463 8.35484 8.21944 8.24514 8.21889 8.44278 8.4371 8.45265 8.28313 8.12745 8.16132 8.21562 8.31054 8.36178 8.47729 8.71392 8.95747 9.26497 9.70792 10.11776 11.24342 11.65932 13.01781 14.73751 14.64255 14.68679 14.11049 13.52202 13.13552 12.32794 11.45901 11.17765 11.17541 10.98154 9.17092 8.57554 7.92658 7.74492 7.72591 7.59226 7.63428 7.58856 7.53481 7.35459 7.34615 7.34453 7.65323 7.5203
-9999 -9999 -9999 -9999 -9999 -9999 8.93263 9.03437 9.24214 10.13422 10.75935 10.39269 10.62484 10.24937 10.05522 10.28282 9.43785 9.09718 8.94737 8.76574 8.63627 8.64241 8.43189 8.42582 8.56387 8.5538 8.41551 8.48066 8.33095 8.24689 8.34875 8.43276 8.2478 8.14721 8.14009 8.18267 8.2228 8.22598 8.24864 8.13695 8.19483 8.36972 8.67537 9.18798 9.64286 10.04839 10.49725 11.3232 12.49622 13.31857 13.6338 13.55178 12.94477 12.30997 11.28633 10.80508 10.61851 9.9298 8.5122 8.07619 7.88792 7.79186 7.70543 7.68047 7.6162 7.38695 7.59369 7.41281 7.32921 7.38104 7.51392 7.51466 7.51194
-9999 -9999 -9999 -9999 -9999 -9999 -9999 9.30729 9.47751 10.692 10.4674 10.4113 10.50611 9.99817 10.03359 10.22472 9.32068 9.15364 8.81708 8.6337 8.58721 8.56265 8.42438 8.42063 8.50357 8.51352 8.26441 8.35536 8.41547 8.31726 8.27296 8.31008 8.28799 8.20417 8.29223 8.35684 8.26929 8.26676 8.23763 8.12001 7.89619 7.99134 8.22671 8.50636 8.90937 9.34988 9.92003 10.08357 10.37572 10.78319 11.17003 12.12566 11.879 11.0633 9.84743 9.56673 9.10429 8.62433 8.08462 7.76647 7.76344 7.82977 7.96265 7.89738 7.56039 7.59345 7.59604 7.46838 7.35911 7.38204 7.43901 7.50002 7.52545
-9999 -9999 -9999 -9999 -9999 -9999 -9999 9.651886 10.07245 10.51811 10.35299 10.46249 10.34249 9.81475 10.09618 9.97208 9.18386 9.02815 8.91969 9.15346 8.86101 8.5979 8.39253 8.46388 8.48971 8.47591 8.26533 8.31719 8.37912 8.40336 8.34029 8.27129 8.2106 8.34539 8.26331 8.21481 8.18644 8.18629 8.16259 8.01705 8.0053 7.97552 8.00089 8.20396 8.31224 8.80884 9.12276 9.27119 9.46713 9.72742 9.79985 9.72525 9.51559 9.37999 9.2327 8.93977 8.64444 8.09427 7.78845 7.76598 7.81284 8.16708 8.10576 8.03141 7.92284 7.52497 7.47293 7.45708 7.36381 7.40568 7.45539 7.47558 7.47273
-9999 -9999 -9999 -9999 -9999 -9999 -9999 9.6318 10.14399 10.33626 10.10229 10.29514 10.12802 9.86913 10.13735 9.37501 8.99284 8.88037 8.91035 8.8775 8.63334 8.52341 8.3731 8.3554 8.25818 8.45418 8.38622 8.21061 8.2997 8.43269 8.33603 8.15659 8.12004 8.38049 8.32592 8.20696 8.15284 8.19793 8.12443 8.00538 7.98088 7.95118 7.97665 8.0418 8.0884 8.24756 8.36062 8.54397 8.82436 9.2447 9.092 8.88866 8.74123 8.60921 8.5394 8.51287 8.32463 7.90916 7.88859 7.79978 8.17072 8.12715 8.13227 8.18871 8.0447 7.59731 7.54661 7.50614 7.49944 7.43305 7.45936 7.39066 7.40548
-9999 -9999 -9999 -9999 -9999 -9999 -9999 9.97659 10.04857 10.26139 10.28319 10.25336 10.00044 9.88369 10.1165 9.04186 8.94321 8.85017 8.86977 8.66642 8.58317 8.47647 8.25271 8.3488 8.3081 8.40288 8.40502 8.19264 8.24042 8.40642 8.39301 8.30528 8.30225 8.59034 8.32544 8.14322 8.11909 8.14268 8.12575 7.97028 7.81453 7.89073 7.91671 7.97153 7.95837 7.9576 8.00391 8.04476 8.07575 8.27686 8.38099 8.20558 8.30149 8.1953 8.08916 8.16373 8.12249 7.87367 7.78314 8.01095 8.0418 8.11964 8.06525 7.92583 7.90782 7.63708 7.49539 7.45267 7.46737 7.42466 7.41648 7.24002 7.30286
