test/DeltaShell.Plugins.DelftModels.HydroModel.Tests/test-data/AcceptanceModels/SOBEK2/Jakarta/InputData/1/dm2tem00.asc
ncols              319
nrows              324
xllcorner        220584.859
yllcorner        795339.977
cellsize            100.000
NODATA_value       -999.9990
[rows 78 to 103 of 324, columns 60 to 119 of 319]
-999.9990 -999.9990 -999.9990 86.7500 -999.9990 59.0000 73.2500 -999.9990 68.7500 -999.9990 -999.9990 -999.9990 41.7500 -999.9990 -999.9990 -999.9990 40.7500 -999.9990 48.5000 -999.9990 -999.9990 -999.9990 -999.9990 94.5000 95.2500 88.5000 79.7500 94.2500 -999.9990 -999.9990 -999.9990 -999.9990 -999.9990 -999.9990 83.7500 -999.9990 -999.9990 -999.9990 -999.9990 -999.9990 -999.9990 -999.9990 -999.9990 -999.9990 -999.9990 -999.9990 -999.9990 -999.9990 -999.9990 -999.9990 70.0000 -999.9990 -999.9990 -999.9990 -999.9990 -999.9990 -999.9990 70.5000 48.2500 -999.9990
-999.9990 84.0000 -999.9990 29.7500 72.0000 51.0000 52.7500 50.0000 52.2500 -999.9990 44.0000 -999.9990 -999.9990 -999.9990 -999.9990 -999.9990 -999.9990 -999.9990 -999.9990 -999.9990 -999.9990 -999.9990 -999.9990 72.2500 78.5000 80.2500 89.0000 -999.9990 -999.9990 61.5000 72.7500 -999.9990 -999.9990 -999.9990 47.5000 70.7500 -999.9990 -999.9990 -999.9990 54.7500 -999.9990 -999.9990 -999.9990 70.2500 -999.9990 -999.9990 71.2500 66.5000 70.0000 68.7500 -999.9990 -999.9990 -999.9990 -999.9990 -999.9990 -999.9990 -999.9990 -999.9990 69.2500 -999.9990
-999.9990 -999.9990 -999.9990 -999.9990 -999.9990 -999.9990 -999.9990 -999.9990 -999.9990 -999.9990 -999.9990 45.2500 -999.9990 -999.9990 -999.9990 -999.9990 36.2500 34.5000 -999.9990 -999.9990 -999.9990 -999.9990 -999.9990 -999.9990 -999.9990 55.5000 -999.9990 -999.9990 81.2500 -999.9990 -999.9990 85.5000 -999.9990 50.0000 -999.9990 70.2500 71.0000 48.7500 49.2500 54.7500 67.5000 69.0000 -999.9990 65.7500 65.0000 68.0000 64.7500 64.7500 69.5000 63.7500 68.5000 -999.9990 -999.9990 -999.9990 -999.9990 -999.9990 40.7500 -999.9990 54.5000 43.5000
-999.9990 -999.9990 -999.9990 -999.9990 -999.9990 -999.9990 -999.9990 -999.9990 -999.9990 27.7500 58.5000 44.7500 -999.9990 51.0000 34.5000 30.0000 -999.9990 71.2500 -999.9990 -999.9990 -999.9990 -999.9990 -999.9990 -999.9990 -999.9990 -999.9990 -999.9990 74.7500 -999.9990 -999.9990 -999.9990 -999.9990 85.0000 49.5000 65.2500 95.0000 -999.9990 52.5000 49.0000 49.2500 47.0000 54.5000 56.0000 51.0000 54.5000 62.7500 38.5000 67.7500 62.7500 70.0000 70.7500 -999.9990 71.0000 -999.9990 -999.9990 -999.9990 68.0000 -999.9990 33.5000 30.2500
51.0000 49.5000 -999.9990 -999.9990 -999.9990 64.0000 -999.9990 -999.9990 62.2500 80.2500 -999.9990 38.5000 44.0000 32.2500 33.5000 -999.9990 40.0000 -999.9990 3.7500 -999.9990 -999.9990 -999.9990 -999.9990 -999.9990 -999.9990 67.7500 45.2500 -999.9990 -999.9990 -999.9990 -999.9990 -999.9990 45.5000 -999.9990 69.5000 -999.9990 -999.9990 58.7500 48.5000 44.2500 42.0000 52.0000 51.2500 53.7500 56.5000 53.7500 53.5000 67.0000 71.5000 66.5000 70.5000 71.7500 -999.9990 70.5000 -999.9990 -999.9990 -999.9990 -999.9990 49.2500 -999.9990
-999.9990 51.2500 49.5000 35.7500 -999.9990 23.5000 43.7500 41.2500 66.7500 0.5000 0.5000 66.0000 30.7500 -999.9990 63.2500 2.0000 -999.9990 1.2500 -999.9990 -999.9990 -999.9990 -999.9990 -999.9990 -999.9990 75.0000 -999.9990 -999.9990 -999.9990 -999.9990 -999.9990 -999.9990 85.0000 34.7500 -999.9990 -999.9990 -999.9990 -999.9990 73.7500 57.5000 33.7500 42.5000 46.7500 40.5000 41.7500 51.5000 42.0000 55.7500 68.5000 69.0000 65.7500 68.2500 70.5000 -999.9990 -999.9990 -999.9990 -999.9990 -999.9990 -999.9990 -999.9990 -999.9990
-999.9990 -999.9990 -999.9990 -999.9990 -999.9990 -999.9990 -999.9990 68.7500 81.5000 -999.9990 -999.9990 96.0000 0.2500 0.2500 0.2500 0.2500 0.2500 0.2500 76.0000 0.5000 1.0000 1.0000 -999.9990 -999.9990 69.2500 -999.9990 -999.9990 -999.9990 -999.9990 -999.9990 -999.9990 -999.9990 59.7500 61.2500 64.7500 54.0000 72.7500 -999.9990 -999.9990 50.0000 47.7500 41.0000 45.7500 43.0000 52.0000 46.5000 46.5000 52.7500 60.2500 52.7500 68.5000 65.0000 -999.9990 -999.9990 -999.9990 -999.9990 -999.9990 -999.9990 -999.9990 0.7500
-999.9990 -999.9990 -999.9990 -999.9990 -999.9990 -999.9990 36.7500 -999.9990 -999.9990 -999.9990 -999.9990 -999.9990 -999.9990 -999.9990 -999.9990 -999.9990 -999.9990 95.7500 0.2500 0.2500 96.0000 84.5000 -999.9990 94.7500 78.2500 -999.9990 -999.9990 -999.9990 80.0000 -999.9990 85.0000 -999.9990 -999.9990 -999.9990 -999.9990 53.0000 -999.9990 45.0000 49.0000 -999.9990 44.7500 35.0000 -999.9990 48.5000 54.7500 65.0000 73.2500 65.7500 64.0000 68.0000 66.7500 71.0000 -999.9990 71.5000 -999.9990 -999.9990 -999.9990 -999.9990 2.0000 -999.9990
-999.9990 -999.9990 83.0000 -999.9990 -999.9990 -999.9990 -999.9990 44.2500 -999.9990 -999.9990 -999.9990 -999.9990 -999.9990 -999.9990 -999.9990 -999.9990 2.0000 -999.9990 1.7500 0.5000 0.2500 0.2500 0.2500 81.7500 42.5000 -999.9990 -999.9990 43.0000 61.7500 -999.9990 40.2500 55.7500 58.7500 -999.9990 -999.9990 -999.9990 68.7500 -999.9990 27.5000 -999.9990 29.2500 -999.9990 35.5000 46.2500 56.0000 54.0000 55.5000 64.0000 56.5000 73.0000 59.2500 73.2500 72.2500 -999.9990 -999.9990 -999.9990 71.0000 -999.9990 -999.9990 -999.9990
-999.9990 -999.9990 -999.9990 -999.9990 -999.9990 -999.9990 -999.9990 -999.9990 -999.9990 -999.9990 -999.9990 -999.9990 -999.9990 -999.9990 93.0000 77.0000 70.2500 77.5000 78.0000 1.0000 93.5000 0.2500 94.5000 0.2500 0.2500 0.2500 0.2500 0.2500 -999.9990 0.2500 89.5000 77.2500 62.5000 57.7500 58.5000 -999.9990 64.2500 60.2500 38.0000 -999.9990 32.2500 33.2500 30.0000 44.0000 49.5000 55.2500 -999.9990 54.2500 -999.9990 66.2500 71.7500 -999.9990 -999.9990 -999.9990 -999.9990 -999.9990 -999.9990 -999.9990 -999.9990 -999.9990
87.7500 -999.9990 -999.9990 -999.9990 -999.9990 -999.9990 -999.9990 -999.9990 -999.9990 88.2500 -999.9990 -999.9990 -999.9990 29.7500 51.2500 52.7500 50.2500 59.2500 55.7500 0.2500 0.2500 -999.9990 -999.9990 -999.9990 -999.9990 57.5000 0.5000 90.2500 0.2500 0.2500 -999.9990 90.2500 54.2500 42.5000 50.2500 48.5000 50.2500 55.0000 -999.9990 -999.9990 28.2500 34.5000 35.5000 43.2500 53.0000 54.2500 -999.9990 61.0000 63.5000 64.5000 70.7500 -999.9990 -999.9990 -999.9990 -999.9990 71.2500 -999.9990 -999.9990 -999.9990 -999.9990
80.5000 68.7500 51.2500 94.2500 41.7500 92.0000 -999.9990 92.0000 -999.9990 30.2500 21.0000 41.5000 85.2500 63.0000 50.5000 51.5000 54.0000 52.7500 58.2500 0.2500 65.7500 -999.9990 -999.9990 -999.9990 80.0000 79.0000 -999.9990 -999.9990 -999.9990 -999.9990 72.5000 71.7500 45.2500 39.0000 33.5000 47.5000 52.2500 52.7500 47.7500 38.2500 30.0000 38.5000 -999.9990 45.5000 52.0000 56.2500 54.2500 57.7500 57.7500 66.0000 71.5000 -999.9990 -999.9990 -999.9990 -999.9990 -999.9990 -999.9990 -999.9990 -999.9990 -999.9990
83.5000 51.2500 36.0000 33.0000 35.5000 62.7500 -999.9990 -999.9990 87.5000 -999.9990 -999.9990 -999.9990 49.0000 -999.9990 55.5000 50.7500 27.7500 -999.9990 49.5000 66.5000 51.7500 40.2500 69.0000 87.5000 79.7500 82.5000 -999.9990 -999.9990 -999.9990 -999.9990 -999.9990 -999.9990 73.2500 69.2500 -999.9990 52.0000 58.2500 50.2500 66.0000 54.7500 56.0000 55.2500 52.2500 47.7500 51.5000 55.2500 57.2500 50.0000 52.7500 54.5000 71.0000 -999.9990 -999.9990 -999.9990 71.2500 -999.9990 -999.9990 -999.9990 -999.9990 -999.9990
69.2500 64.2500 61.2500 -999.9990 31.2500 64.0000 -999.9990 -999.9990 -999.9990 -999.9990 -999.9990 35.7500 58.7500 52.2500 53.7500 48.2500 -999.9990 -999.9990 37.5000 46.2500 50.0000 51.5000 46.0000 48.7500 71.2500 77.7500 70.2500 -999.9990 88.7500 45.2500 38.7500 -999.9990 -999.9990 -999.9990 -999.9990 -999.9990 -999.9990 -999.9990 -999.9990 -999.9990 -999.9990 77.0000 70.0000 64.2500 64.5000 75.0000 -999.9990 50.5000 50.0000 71.0000 -999.9990 -999.9990 -999.9990 -999.9990 -999.9990 -999.9990 -999.9990 -999.9990 -999.9990 -999.9990
57.7500 56.0000 -999.9990 55.7500 71.7500 70.2500 73.2500 -999.9990 52.2500 -999.9990 -999.9990 46.7500 71.5000 74.7500 58.5000 -999.9990 -999.9990 -999.9990 56.0000 49.7500 50.5000 51.5000 46.5000 44.2500 58.0000 67.5000 -999.9990 60.7500 87.0000 -999.9990 92.7500 -999.9990 -999.9990 -999.9990 -999.9990 -999.9990 -999.9990 -999.9990 -999.9990 -999.9990 -999.9990 -999.9990 -999.9990 55.2500 57.5000 56.7500 42.2500 43.5000 49.2500 65.5000 72.2500 -999.9990 -999.9990 -999.9990 -999.9990 -999.9990 -999.9990 -999.9990 -999.9990 -999.9990
46.5000 49.2500 61.5000 65.0000 70.5000 74.0000 64.5000 -999.9990 53.2500 49.5000 44.2500 -999.9990 -999.9990 91.2500 -999.9990 -999.9990 -999.9990 -999.9990 69.5000 46.7500 45.5000 46.2500 50.5000 56.5000 82.0000 73.0000 70.7500 56.0000 75.7500 -999.9990 -999.9990 87.5000 75.7500 -999.9990 -999.9990 -999.9990 -999.9990 -999.9990 -999.9990 -999.9990 -999.9990 -999.9990 69.7500 50.2500 54.0000 39.7500 -999.9990 -999.9990 43.5000 49.7500 65.0000 -999.9990 -999.9990 -999.9990 -999.9990 -999.9990 -999.9990 -999.9990 -999.9990 -999.9990
19.5000 60.5000 59.5000 67.2500 73.7500 -999.9990 38.5000 48.0000 33.0000 65.0000 94.7500 -999.9990 -999.9990 -999.9990 71.0000 73.5000 72.0000 74.2500 71.0000 64.7500 79.7500 71.0000 65.0000 74.0000 -999.9990 -999.9990 82.7500 84.0000 85.2500 -999.9990 -999.9990 -999.9990 -999.9990 81.0000 76.5000 77.0000 -999.9990 -999.9990 -999.9990 -999.9990 -999.9990 -999.9990 -999.9990 81.7500 52.0000 48.5000 37.0000 -999.9990 47.2500 48.7500 59.0000 69.5000 -999.9990 28.0000 -999.9990 -999.9990 -999.9990 -999.9990 -999.9990 -999.9990
82.0000 81.2500 81.0000 78.2500 88.2500 50.2500 45.5000 73.0000 79.7500 91.7500 94.5000 94.5000 94.5000 0.5000 0.5000 0.5000 93.5000 69.5000 72.0000 69.7500 -999.9990 -999.9990 76.2500 -999.9990 -999.9990 75.0000 45.0000 70.2500 66.5000 75.7500 79.0000 94.7500 -999.9990 -999.9990 -999.9990 -999.9990 -999.9990 79.7500 79.7500 -999.9990 -999.9990 -999.9990 -999.9990 0.5000 -999.9990 -999.9990 -999.9990 -999.9990 42.0000 32.7500 38.0000 48.7500 36.0000 84.0000 -999.9990 -999.9990 -999.9990 -999.9990 -999.9990 -999.9990
-999.9990 -999.9990 -999.9990 -999.9990 -999.9990 -999.9990 -999.9990 24.0000 -999.9990 91.7500 74.2500 -999.9990 44.0000 -999.9990 -999.9990 75.0000 63.2500 61.2500 70.7500 -999.9990 -999.9990 -999.9990 -999.9990 -999.9990 67.7500 32.2500 -999.9990 43.7500 25.7500 33.0000 62.5000 73.7500 -999.9990 73.0000 -999.9990 -999.9990 95.5000 -999.9990 -999.9990 -999.9990 -999.9990 -999.9990 60.7500 88.7500 1.0000 -999.9990 71.0000 -999.9990 -999.9990 -999.9990 -999.9990 -999.9990 39.7500 -999.9990 -999.9990 -999.9990 -999.9990 -999.9990 79.5000 61.2500
48.5000 56.7500 -999.9990 -999.9990 24.0000 -999.9990 -999.9990 -999.9990 -999.9990 -999.9990 -999.9990 -999.9990 35.0000 -999.9990 84.7500 57.7500 56.5000 65.0000 71.7500 -999.9990 -999.9990 72.0000 67.7500 35.0000 -999.9990 -999.9990 -999.9990 -999.9990 33.2500 42.2500 66.5000 63.7500 81.7500 -999.9990 -999.9990 -999.9990 -999.9990 -999.9990 -999.9990 -999.9990 -999.9990 -999.9990 -999.9990 90.5000 -999.9990 -999.9990 87.2500 88.2500 90.5000 85.7500 -999.9990 -999.9990 -999.9990 -999.9990 -999.9990 85.5000 79.7500 94.5000 -999.9990 -999.9990
-999.9990 -999.9990 -999.9990 -999.9990 26.5000 -999.9990 -999.9990 -999.9990 -999.9990 63.0000 -999.9990 41.0000 -999.9990 -999.9990 58.5000 52.2500 49.5000 73.0000 -999.9990 -999.9990 79.0000 -999.9990 -999.9990 -999.9990 -999.9990 -999.9990 -999.9990 -999.9990 -999.9990 53.2500 56.5000 57.0000 76.2500 86.0000 90.0000 -999.9990 -999.9990 -999.9990 -999.9990 -999.9990 -999.9990 -999.9990 -999.9990 -999.9990 1.5000 1.0000 91.7500 -999.9990 91.5000 83.2500 -999.9990 -999.9990 37.5000 -999.9990 96.0000 -999.9990 75.2500 -999.9990 -999.9990 -999.9990
-999.9990 26.7500 -999.9990 20.2500 32.7500 31.0000 30.2500 -999.9990 48.0000 -999.9990 -999.9990 74.2500 -999.9990 58.5000 52.5000 34.2500 58.2500 71.0000 -999.9990 66.2500 36.7500 -999.9990 -999.9990 -999.9990 -999.9990 -999.9990 -999.9990 -999.9990 32.7500 -999.9990 -999.9990 -999.9990 54.7500 73.7500 64.0000 84.2500 -999.9990 -999.9990 -999.9990 -999.9990 -999.9990 -999.9990 0.7500 90.2500 0.7500 93.0000 92.7500 91.0000 92.5000 91.2500 49.0000 84.7500 -999.9990 -999.9990 -999.9990 -999.9990 39.0000 -999.9990 -999.9990 31.5000
29.5000 22.5000 32.7500 29.7500 33.2500 31.7500 32.5000 25.2500 -999.9990 40.0000 61.2500 -999.9990 70.0000 56.5000 42.7500 -999.9990 59.2500 -999.9990 64.0000 28.5000 -999.9990 -999.9990 -999.9990 -999.9990 -999.9990 -999.9990 -999.9990 -999.9990 -999.9990 51.0000 -999.9990 -999.9990 28.2500 47.5000 63.2500 80.0000 82.2500 92.5000 -999.9990 -999.9990 90.2500 79.0000 2.7500 1.0000 1.0000 0.5000 90.2500 81.7500 84.2500 -999.9990 94.2500 87.7500 -999.9990 -999.9990 -999.9990 -999.9990 -999.9990 -999.9990 -999.9990 28.7500
-999.9990 21.7500 31.2500 30.2500 33.5000 30.2500 28.5000 33.2500 34.7500 34.2500 -999.9990 70.2500 58.2500 62.0000 61.0000 -999.9990 60.5000 68.2500 43.2500 -999.9990 -999.9990 -999.9990 -999.9990 -999.9990 -999.9990 -999.9990 -999.9990 -999.9990 -999.9990 56.0000 -999.9990 65.7500 -999.9990 -999.9990 54.5000 68.2500 72.0000 80.0000 58.2500 50.7500 76.5000 94.5000 -999.9990 90.5000 90.0000 89.5000 84.5000 77.5000 89.0000 93.2500 80.0000 34.0000 -999.9990 13.7500 79.2500 -999.9990 -999.9990 -999.9990 -999.9990 -999.9990
-999.9990 21.5000 21.5000 34.2500 37.7500 32.5000 29.0000 31.0000 33.0000 33.0000 22.0000 69.0000 65.2500 -999.9990 63.7500 58.5000 59.2500 49.5000 35.0000 -999.9990 -999.9990 -999.9990 -999.9990 -999.9990 -999.9990 -999.9990 -999.9990 -999.9990 -999.9990 33.0000 -999.9990 49.5000 -999.9990 -999.9990 38.7500 69.0000 33.7500 60.7500 46.5000 48.5000 54.0000 75.7500 -999.9990 90.5000 79.5000 86.5000 71.5000 80.2500 -999.9990 -999.9990 66.7500 -999.9990 -999.9990 -999.9990 14.0000 -999.9990 -999.9990 -999.9990 -999.9990 -999.9990
-999.9990 -999.9990 22.2500 42.0000 34.5000 32.2500 34.7500 32.5000 -999.9990 28.2500 49.2500 -999.9990 -999.9990 -999.9990 61.2500 36.5000 38.5000 -999.9990 -999.9990 -999.9990 -999.9990 -999.9990 -999.9990 -999.9990 -999.9990 -999.9990 -999.9990 -999.9990 -999.9990 -999.9990 -999.9990 49.2500 -999.9990 -999.9990 -999.9990 34.5000 29.0000 -999.9990 39.2500 47.5000 44.2500 44.2500 83.2500 0.2500 -999.9990 -999.9990 -999.9990 -999.9990 95.0000 78.7500 35.7500 -999.9990 -999.9990 -999.9990 -999.9990 -999.9990 -999.9990 -999.9990 -999.9990 -999.9990
