1d2d/test/DeltaShell.Plugins.FMSuite.FlowFM.Tests/test-data/RasterImport/ahn_breach.asc
ncols              252
nrows              173
xllcorner        150343.375
yllcorner        417974.752
cellsize              5.000        5.000
NODATA_value       -999.000
[rows 114 to 151 of 173, columns 84 to 167 of 252]
3.41 3.43 3.38 3.39 3.38 3.43 3.28 3.27 3.28 3.19 2.80 3.21 3.31 3.40 3.51 3.61 3.69 3.69 3.65 3.57 3.59 3.58 3.58 3.74 3.70 3.56 3.79 3.83 3.87 3.83 3.83 3.89 3.90 3.75 3.81 3.98 4.03 4.06 4.12 4.28 4.59 4.76 4.91 5.06 5.22 5.37 5.46 5.45 5.35 5.23 5.16 4.92 4.70 4.34 4.03 3.73 3.44 3.37 3.29 3.25 3.24 3.34 3.39 3.46 3.50 3.53 4.69 3.65 3.59 3.55 3.53 3.52 3.49 3.47 3.21 3.95 3.96 3.97 3.94 3.97 4.00 3.92 3.96 3.92
3.36 3.41 3.45 3.46 3.49 3.41 3.32 3.31 3.32 3.28 2.86 3.17 3.30 3.40 3.50 3.62 3.71 3.71 3.70 3.66 3.67 3.67 3.63 3.71 3.67 3.49 3.78 3.81 3.83 3.84 3.85 3.88 3.44 3.78 3.89 3.93 3.99 4.08 4.19 4.36 4.54 4.72 4.91 5.08 5.29 5.43 5.57 5.58 5.22 4.91 4.52 4.24 3.92 3.69 3.57 3.44 3.36 3.31 3.28 3.25 3.25 3.30 3.36 3.43 3.47 3.49 4.39 3.65 3.55 3.54 3.47 3.44 3.41 3.43 3.08 3.91 3.92 3.93 3.93 3.95 3.99 3.99 4.00 3.99
3.39 3.46 3.54 3.55 3.46 3.42 3.35 3.32 3.31 3.32 3.08 3.15 3.28 3.37 3.49 3.60 3.71 3.74 3.73 3.71 3.68 3.67 3.72 3.76 3.73 3.66 3.75 3.78 3.80 3.84 3.59 3.55 3.82 3.83 3.86 3.92 3.97 4.04 4.12 4.23 4.41 4.63 4.83 5.04 5.17 5.16 5.04 4.64 4.29 3.91 3.86 3.75 3.62 3.54 3.45 3.39 3.31 3.28 3.26 3.24 3.25 3.15 3.19 3.28 3.32 3.29 3.99 3.88 3.47 3.50 3.45 3.45 3.49 3.61 3.49 3.88 4.01 3.99 3.97 3.96 3.99 4.02 4.00 3.96
3.44 3.52 3.60 3.63 3.49 3.45 3.35 3.33 3.33 3.36 3.28 2.99 3.26 3.36 3.48 3.56 3.68 3.75 3.76 3.80 3.74 3.71 3.76 3.77 3.76 3.69 3.54 3.81 3.84 3.80 3.75 3.83 3.79 3.78 3.86 3.90 3.93 3.99 4.08 4.15 4.21 4.30 4.36 4.43 4.31 4.08 3.86 3.85 3.77 3.68 3.63 3.57 3.53 3.45 3.38 3.33 3.28 4.09 3.33 3.09 3.08 3.11 3.21 3.30 3.34 3.33 3.30 3.73 3.64 3.74 3.68 3.71 3.76 3.81 3.79 3.35 4.00 4.00 3.99 3.99 3.99 4.03 4.01 4.00
3.46 3.52 3.59 3.67 3.54 3.46 3.39 3.35 3.35 3.37 3.32 2.85 3.24 3.36 3.47 3.55 3.69 3.76 3.75 3.77 3.77 3.70 3.75 3.76 3.77 3.72 3.53 3.51 3.66 3.80 3.81 3.82 3.80 3.81 3.83 3.85 3.90 3.96 4.05 4.11 4.11 4.08 3.95 3.83 3.78 3.70 3.65 3.63 3.60 3.55 3.50 3.45 3.40 3.36 4.22 4.07 3.53 3.10 3.09 3.12 3.14 3.19 3.24 3.35 3.40 3.37 3.36 3.59 3.64 3.72 3.72 3.79 3.85 3.83 3.83 3.49 4.04 4.04 4.05 4.04 4.05 4.07 4.06 4.07
3.49 3.55 3.59 3.67 3.56 3.45 3.43 3.37 3.37 3.37 3.38 3.03 3.25 3.36 3.45 3.54 3.68 3.74 3.76 3.74 3.78 3.72 3.74 3.77 3.79 3.74 3.73 3.74 3.80 3.78 3.76 3.77 3.78 3.79 3.78 3.81 3.91 4.06 4.04 3.95 3.85 3.80 3.74 3.64 3.58 3.56 3.53 3.50 3.47 3.41 3.37 4.30 4.06 3.82 3.67 3.12 3.08 3.04 3.07 3.16 3.17 3.24 3.26 3.32 3.40 3.38 3.41 3.52 3.64 3.75 3.76 3.77 3.78 3.81 3.83 3.74 4.03 4.04 4.03 4.04 4.05 4.06 4.07 4.08
3.53 3.55 3.59 3.69 3.62 3.50 3.47 3.41 3.40 3.44 3.43 3.21 3.22 3.35 3.44 3.54 3.66 3.75 3.81 3.77 3.78 3.74 3.74 3.75 3.73 3.75 3.79 3.79 3.75 3.75 3.75 3.77 3.76 3.77 3.88 4.00 4.03 3.93 3.84 3.75 3.70 3.60 3.54 3.51 3.47 3.44 3.39 3.38 4.08 4.05 3.96 3.76 3.61 3.21 3.05 3.05 3.08 3.11 3.16 3.20 3.18 3.25 3.30 3.41 3.39 3.47 3.67 3.71 3.73 3.76 3.76 3.78 3.77 3.81 3.83 3.86 3.85 4.08 4.05 4.05 4.06 4.06 4.07 4.09
3.63 3.62 3.59 3.65 3.68 3.55 3.50 3.48 3.48 3.47 3.44 3.35 3.00 3.32 3.41 3.53 3.64 3.82 3.85 3.81 3.80 3.77 3.73 3.74 3.75 3.79 3.85 3.75 3.75 3.75 3.75 3.76 3.78 3.92 3.96 3.82 3.69 3.64 3.59 3.57 3.51 3.49 3.43 3.39 4.30 4.13 3.92 3.64 3.51 3.53 3.53 3.33 3.08 3.05 3.02 3.04 3.09 3.16 3.19 3.21 3.28 3.40 3.42 3.55 3.71 3.73 3.75 3.75 3.74 3.76 3.77 3.78 3.79 3.81 3.84 3.86 3.85 4.07 4.05 4.06 4.06 4.06 4.07 4.09
3.61 3.68 3.68 3.67 3.68 3.67 3.61 3.64 3.48 3.51 3.47 3.48 3.06 3.33 3.43 3.50 3.61 3.81 3.81 3.81 3.80 3.77 3.75 3.80 3.81 3.75 3.75 3.76 3.75 3.75 3.76 3.82 3.77 3.69 3.57 3.52 3.51 3.48 3.42 3.39 3.39 4.26 4.00 3.77 3.64 3.58 3.46 3.27 3.17 3.09 3.06 3.07 3.04 3.00 2.99 3.04 3.14 3.18 3.26 3.39 3.56 3.63 3.78 3.80 3.76 3.76 3.74 3.75 3.77 3.79 3.81 3.79 3.78 3.80 3.82 3.86 3.84 4.01 4.05 4.05 4.04 4.06 4.07 4.08
3.55 3.74 3.73 3.69 3.67 3.72 3.74 3.76 3.58 3.56 3.52 3.58 3.20 3.34 3.43 3.47 3.60 3.76 3.79 3.80 3.78 3.79 3.80 3.91 3.78 3.77 3.77 3.77 3.78 3.75 3.70 3.45 3.30 3.32 3.36 3.35 3.31 3.33 3.33 4.30 3.94 3.72 3.59 3.46 3.32 3.18 3.07 2.97 2.97 2.96 2.96 3.00 3.00 3.01 3.04 3.14 3.19 3.47 3.65 3.67 3.74 3.79 3.80 3.78 3.76 3.77 3.79 3.80 3.80 3.82 3.85 3.85 3.84 3.83 3.83 3.84 3.82 3.83 4.05 4.06 4.06 4.05 4.07 4.08
3.55 3.66 3.75 3.73 3.72 3.77 3.82 3.82 3.73 3.60 3.55 3.57 3.35 3.13 3.40 3.45 3.60 3.67 3.81 3.80 3.81 3.81 3.79 3.79 3.79 3.78 3.78 3.79 3.66 3.38 3.24 3.07 3.22 3.23 3.20 3.22 3.22 4.82 4.23 3.67 3.35 3.19 2.97 2.93 2.82 3.10 3.02 2.96 2.90 2.89 2.90 2.93 2.98 3.04 3.11 3.19 3.60 3.81 3.83 3.79 3.79 3.79 3.77 3.80 3.80 3.80 3.82 3.82 3.82 3.82 3.83 3.85 3.85 3.87 3.86 3.86 3.84 3.75 4.06 4.06 4.06 4.06 4.07 4.07
3.50 3.58 3.76 3.81 3.81 3.84 3.86 3.87 3.79 3.66 3.61 3.59 3.53 2.98 3.37 3.55 3.63 3.75 3.80 3.81 3.90 3.79 3.80 3.80 3.80 3.80 3.71 3.46 3.20 3.01 3.01 3.06 3.05 3.10 3.12 3.14 4.14 3.35 2.98 2.91 2.92 2.95 2.97 2.92 2.94 3.05 3.01 2.97 2.98 2.99 3.02 3.03 3.04 3.10 3.19 3.65 3.77 3.81 3.81 3.80 3.80 3.81 3.80 3.83 3.84 3.84 3.83 3.83 3.81 3.80 3.84 3.88 3.88 3.88 3.88 3.88 3.87 3.84 3.92 4.05 4.06 4.06 4.06 4.07
3.49 3.65 3.73 3.89 3.93 3.93 3.94 3.93 3.87 3.67 3.66 3.61 3.69 3.09 3.48 3.64 3.73 3.81 3.82 3.74 3.77 3.79 3.80 3.81 3.73 3.54 3.29 3.04 2.91 2.98 2.98 2.97 3.00 3.06 4.18 3.16 2.87 2.86 2.90 2.94 2.95 2.98 2.97 2.96 3.00 3.03 3.02 3.01 3.01 3.05 3.08 3.13 3.18 3.38 3.78 3.81 3.81 3.80 3.77 3.77 3.79 3.83 3.84 3.85 3.85 3.83 3.82 3.82 3.84 3.85 3.88 3.90 3.91 3.92 3.91 3.89 3.88 3.87 3.88 3.96 4.04 4.06 4.06 4.06
3.14 3.64 3.67 3.86 3.99 4.00 4.02 4.01 3.95 3.75 3.68 3.62 3.63 3.39 3.64 3.80 3.81 3.65 3.70 3.74 3.78 3.80 3.81 3.65 3.41 3.11 2.94 2.90 2.90 2.90 2.95 2.95 3.41 2.88 2.86 2.86 2.91 2.93 2.94 2.95 2.97 2.98 3.00 2.97 2.99 3.06 3.06 3.08 3.09 3.14 3.20 3.56 3.79 3.79 3.81 3.80 3.78 3.80 3.81 3.82 3.81 3.83 3.82 3.83 3.84 3.82 3.81 3.82 3.85 3.86 3.88 3.90 3.90 3.88 3.89 3.90 3.89 3.86 3.86 3.90 3.99 4.01 4.04 4.06
2.92 3.45 3.70 3.89 3.96 3.98 4.05 4.10 4.08 3.91 3.75 3.69 3.55 3.84 3.84 3.78 3.64 3.65 3.72 3.76 3.78 3.72 3.54 3.25 3.01 2.85 2.86 2.86 2.90 2.90 2.94 2.86 2.86 2.90 2.92 2.92 2.91 2.93 2.96 2.98 3.01 3.03 3.02 3.03 3.06 3.17 3.24 3.36 3.63 3.78 3.81 3.81 3.80 3.76 3.75 3.78 3.81 3.83 3.82 3.82 3.80 3.82 3.81 3.82 3.84 3.83 3.84 3.85 3.86 3.88 3.89 3.89 3.88 3.87 3.88 3.89 3.89 3.89 3.87 3.93 3.96 3.99 4.02 4.06
3.23 3.42 3.71 3.89 3.90 3.97 4.00 4.04 4.10 4.00 3.75 3.76 3.87 3.91 3.67 3.65 3.66 3.69 3.75 3.78 3.62 3.35 3.09 2.91 2.84 2.85 2.86 2.87 2.89 2.81 2.84 2.90 2.93 2.92 2.94 2.93 2.93 2.98 3.01 3.02 3.04 3.06 3.09 3.16 3.23 3.38 3.67 3.73 3.76 3.79 3.79 3.78 3.79 3.82 3.81 3.81 3.81 3.81 3.80 3.80 3.79 3.80 3.80 3.81 3.83 3.84 3.84 3.87 3.87 3.89 3.89 3.90 3.89 3.88 3.88 3.88 3.90 3.89 3.90 3.92 3.94 3.97 4.01 4.06
3.56 3.24 3.70 3.85 3.87 3.92 3.95 4.00 4.06 3.97 3.83 3.82 3.86 3.72 3.70 3.70 3.70 3.74 3.68 3.49 3.16 2.89 2.81 2.83 2.84 2.85 2.86 2.83 2.83 2.86 2.89 2.92 2.92 2.94 2.95 2.95 2.98 3.00 3.07 3.11 3.13 3.19 3.27 3.42 3.49 3.61 3.80 3.76 3.74 3.75 3.78 3.81 3.82 3.82 3.81 3.82 3.81 3.81 3.81 3.82 3.83 3.83 3.83 3.84 3.87 3.87 3.85 3.88 3.89 3.90 3.90 3.90 3.89 3.88 3.87 3.88 3.88 3.88 3.89 3.90 3.92 3.95 4.00 4.05
3.65 3.22 3.61 3.75 3.80 3.87 3.91 3.86 3.93 3.86 3.84 3.83 3.81 3.76 3.74 3.75 3.75 3.60 3.30 2.99 2.80 2.81 2.83 2.84 2.85 2.86 2.80 2.88 2.89 2.89 2.89 2.90 2.92 2.94 2.96 3.04 3.10 3.12 3.17 3.26 3.37 3.49 3.57 3.61 3.66 3.75 3.88 3.77 3.78 3.79 3.80 3.81 3.83 3.83 3.83 3.84 3.85 3.84 3.84 3.83 3.84 3.85 3.84 3.86 3.86 3.88 3.89 3.90 3.89 3.90 3.90 3.90 3.90 3.89 3.89 3.89 3.88 3.88 3.88 3.88 3.87 3.91 3.97 4.00
3.99 3.40 3.54 3.69 3.83 3.92 3.92 3.83 3.86 3.89 3.89 3.87 3.84 3.80 3.78 3.71 3.47 3.11 2.90 2.81 2.82 2.83 2.84 2.86 2.76 2.82 2.88 2.89 2.88 2.89 2.90 2.90 2.94 3.02 3.09 3.15 3.23 3.34 3.41 3.56 3.66 3.69 3.67 3.65 3.66 3.70 3.80 3.82 3.82 3.82 3.81 3.82 3.85 3.84 3.85 3.85 3.86 3.86 3.86 3.86 3.87 3.87 3.86 3.87 3.87 3.88 3.89 3.89 3.90 3.90 3.90 3.91 3.89 3.89 3.89 3.89 3.89 3.88 3.89 3.90 3.91 3.94 3.96 3.98
4.05 3.75 3.43 3.62 3.68 3.78 3.84 3.85 3.88 3.89 3.89 3.88 3.86 3.77 3.57 3.29 3.02 2.83 2.83 2.83 2.84 2.85 2.87 2.76 2.80 2.85 2.86 2.87 2.88 2.89 2.91 3.01 3.07 3.24 3.37 3.46 3.60 3.66 3.69 3.71 3.74 3.73 3.71 3.69 3.67 3.67 3.74 3.80 3.82 3.83 3.82 3.82 3.84 3.82 3.84 3.85 3.85 3.85 3.86 3.87 3.86 3.87 3.87 3.86 3.87 3.87 3.88 3.90 3.90 3.90 3.90 3.90 3.90 3.89 3.89 3.89 3.88 3.88 3.89 3.89 3.90 3.92 3.94 3.96
4.05 3.86 3.64 3.70 3.72 3.84 3.82 3.84 3.87 3.88 3.88 3.87 3.68 3.38 3.10 2.92 2.83 2.83 2.84 2.85 2.86 2.77 2.77 2.82 2.83 2.82 2.84 2.88 2.90 2.94 3.07 3.20 3.40 3.53 3.67 3.73 3.73 3.72 3.71 3.73 3.72 3.73 3.74 3.72 3.69 3.67 3.73 3.78 3.77 3.76 3.77 3.78 3.79 3.81 3.83 3.82 3.82 3.84 3.86 3.87 3.87 3.87 3.87 3.87 3.86 3.87 3.88 3.89 3.89 3.90 3.90 3.90 3.90 3.90 3.90 3.89 3.88 3.89 3.88 3.88 3.89 3.90 3.91 3.92
4.13 4.13 4.00 3.81 3.84 3.81 3.81 3.83 3.85 3.87 3.76 3.53 3.19 2.92 2.83 2.83 2.84 2.84 2.85 2.87 2.75 2.82 2.85 2.86 2.86 2.89 2.92 2.95 3.04 3.14 3.38 3.51 3.65 3.73 3.75 3.74 3.72 3.71 3.70 3.71 3.71 3.72 3.76 3.73 3.70 3.66 3.71 3.79 3.80 3.78 3.79 3.80 3.79 3.80 3.82 3.83 3.82 3.83 3.85 3.87 3.87 3.87 3.87 3.86 3.86 3.87 3.88 3.88 3.89 3.89 3.90 3.90 3.90 3.90 3.90 3.89 3.89 3.89 3.89 3.88 3.88 3.88 3.88 3.85
4.24 3.91 3.82 3.83 3.86 3.82 3.80 3.81 3.84 3.63 3.31 3.00 2.82 2.83 2.83 2.84 2.85 2.86 2.81 2.82 2.84 2.84 2.86 2.89 2.93 2.97 3.04 3.19 3.34 3.51 3.64 3.71 3.73 3.74 3.73 3.72 3.70 3.69 3.70 3.69 3.71 3.73 3.73 3.74 3.71 3.67 3.68 3.77 3.84 3.80 3.81 3.81 3.80 3.80 3.81 3.82 3.83 3.83 3.85 3.87 3.87 3.87 3.87 3.87 3.87 3.87 3.88 3.88 3.89 3.90 3.90 3.90 3.90 3.90 3.90 3.89 3.89 3.89 3.89 3.89 3.90 3.91 3.93 3.94
3.87 3.84 3.85 3.90 3.86 3.81 3.80 3.72 3.49 3.08 2.88 2.80 2.81 2.82 2.84 2.86 2.89 2.81 2.85 2.86 2.85 2.85 2.89 2.97 3.05 3.24 3.35 3.56 3.62 3.69 3.70 3.71 3.72 3.73 3.71 3.71 3.69 3.70 3.68 3.70 3.72 3.72 3.72 3.71 3.70 3.67 3.64 3.73 3.81 3.80 3.81 3.81 3.81 3.81 3.81 3.82 3.83 3.83 3.84 3.85 3.86 3.87 3.87 3.87 3.87 3.87 3.87 3.88 3.89 3.90 3.90 3.90 3.90 3.90 3.90 3.90 3.89 3.89 3.88 3.88 3.89 3.90 3.91 3.93
3.85 3.93 3.95 3.94 3.88 3.84 3.66 3.38 2.96 2.77 2.79 2.80 2.82 2.83 2.86 2.78 2.82 2.87 2.86 2.85 2.86 2.88 2.95 3.13 3.42 3.63 3.75 3.74 3.72 3.71 3.71 3.71 3.71 3.72 3.71 3.70 3.70 3.70 3.73 3.72 3.71 3.71 3.72 3.70 3.69 3.67 3.63 3.69 3.76 3.80 3.81 3.81 3.81 3.80 3.81 3.82 3.83 3.83 3.84 3.85 3.86 3.87 3.87 3.87 3.87 3.86 3.86 3.88 3.88 3.89 3.89 3.90 3.90 3.90 3.90 3.90 3.90 3.89 3.88 3.89 3.89 3.89 3.90 3.91
4.00 3.98 3.97 3.96 3.91 3.69 3.27 2.93 2.76 2.78 2.79 2.81 2.84 2.78 2.76 2.85 2.85 2.86 2.87 2.89 2.92 3.06 3.25 3.48 3.72 3.79 3.78 3.75 3.70 3.70 3.69 3.69 3.71 3.71 3.71 3.72 3.72 3.70 3.73 3.71 3.71 3.72 3.71 3.71 3.71 3.69 3.67 3.68 3.73 3.79 3.80 3.79 3.80 3.81 3.81 3.82 3.82 3.83 3.84 3.85 3.86 3.87 3.87 3.87 3.87 3.87 3.87 3.88 3.88 3.89 3.89 3.90 3.90 3.90 3.90 3.91 3.90 3.89 3.89 3.89 3.89 3.89 3.88 3.89
3.95 3.95 3.95 3.91 3.67 3.27 2.91 2.74 2.77 2.79 2.81 2.84 2.75 2.81 2.84 2.85 2.85 2.85 2.91 2.98 3.17 3.38 3.59 3.73 3.74 3.76 3.73 3.71 3.71 3.71 3.69 3.67 3.67 3.67 3.69 3.71 3.73 3.74 3.73 3.74 3.74 3.73 3.72 3.72 3.71 3.69 3.67 3.66 3.72 3.75 3.77 3.79 3.80 3.81 3.81 3.82 3.82 3.83 3.84 3.85 3.86 3.87 3.86 3.87 3.87 3.87 3.87 3.88 3.88 3.89 3.89 3.90 3.90 3.90 3.91 3.90 3.90 3.89 3.89 3.89 3.89 3.89 3.89 3.88
3.91 3.89 3.89 3.65 3.29 2.90 2.74 2.76 2.78 2.81 2.75 2.71 2.82 2.84 2.84 2.85 2.86 2.94 3.09 3.38 3.60 3.75 3.77 3.74 3.71 3.71 3.73 3.73 3.71 3.68 3.67 3.67 3.68 3.68 3.69 3.72 3.73 3.75 3.76 3.73 3.71 3.71 3.71 3.71 3.71 3.70 3.70 3.71 3.72 3.74 3.76 3.78 3.80 3.81 3.81 3.81 3.82 3.83 3.84 3.84 3.85 3.86 3.86 3.87 3.87 3.87 3.87 3.87 3.88 3.89 3.90 3.91 3.90 3.90 3.90 3.90 3.90 3.90 3.89 3.89 3.89 3.89 3.88 3.89
3.90 3.89 3.64 3.24 2.91 2.74 2.76 2.78 2.82 2.70 2.72 2.80 2.82 2.84 2.86 2.93 3.00 3.28 3.48 3.70 3.77 3.75 3.72 3.72 3.73 3.73 3.70 3.71 3.69 3.68 3.68 3.68 3.68 3.70 3.69 3.70 3.72 3.73 3.73 3.71 3.71 3.71 3.71 3.72 3.72 3.70 3.70 3.70 3.71 3.72 3.75 3.78 3.80 3.81 3.81 3.81 3.82 3.83 3.84 3.84 3.85 3.86 3.86 3.87 3.87 3.87 3.86 3.86 3.87 3.88 3.89 3.89 3.89 3.90 3.90 3.90 3.90 3.90 3.90 3.89 3.89 3.88 3.89 3.90
3.92 3.64 3.17 2.81 2.74 2.76 2.79 2.82 2.66 2.74 2.80 2.82 2.83 2.88 2.98 3.14 3.40 3.62 3.74 3.74 3.74 3.73 3.70 3.69 3.70 3.69 3.68 3.68 3.67 3.66 3.67 3.67 3.69 3.69 3.69 3.67 3.66 3.61 3.62 3.67 3.69 3.70 3.70 3.70 3.70 3.70 3.70 3.69 3.69 3.70 3.73 3.77 3.78 3.79 3.80 3.81 3.82 3.82 3.83 3.84 3.85 3.86 3.87 3.87 3.87 3.87 3.86 3.85 3.88 3.88 3.88 3.89 3.89 3.90 3.90 3.90 3.90 3.90 3.90 3.90 3.89 3.89 3.89 3.89
3.61 2.99 2.69 2.73 2.76 2.79 2.84 2.64 2.73 2.79 2.81 2.85 2.91 3.02 3.31 3.53 3.67 3.73 3.74 3.74 3.72 3.71 3.72 3.72 3.71 3.72 3.71 3.69 3.68 3.69 3.68 3.71 3.69 3.67 3.65 3.47 3.42 3.54 3.57 3.63 3.67 3.69 3.69 3.70 3.71 3.71 3.70 3.69 3.68 3.67 3.73 3.75 3.77 3.79 3.80 3.81 3.82 3.82 3.83 3.84 3.85 3.86 3.87 3.87 3.86 3.87 3.87 3.87 3.88 3.88 3.88 3.89 3.89 3.90 3.90 3.91 3.90 3.91 3.90 3.90 3.89 3.89 3.89 3.89
2.93 2.67 2.72 2.75 2.79 2.84 2.66 2.76 2.78 2.81 2.86 2.96 3.18 3.44 3.63 3.71 3.71 3.71 3.71 3.71 3.73 3.73 3.74 3.74 3.74 3.73 3.73 3.72 3.71 3.69 3.66 3.64 3.16 2.96 2.81 2.74 3.07 3.31 3.49 3.58 3.59 3.63 3.67 3.69 3.71 3.71 3.71 3.70 3.71 3.72 3.73 3.74 3.76 3.79 3.80 3.81 3.81 3.82 3.83 3.84 3.84 3.85 3.85 3.86 3.86 3.87 3.87 3.87 3.87 3.88 3.88 3.88 3.89 3.90 3.91 3.90 3.90 3.90 3.90 3.90 3.90 3.89 3.89 3.89
2.66 2.70 2.74 2.78 2.85 2.70 2.78 2.80 2.82 2.88 3.00 3.21 3.53 3.68 3.71 3.68 3.70 3.70 3.71 3.73 3.74 3.74 3.72 3.73 3.73 3.73 3.69 3.63 3.59 3.14 2.95 2.94 2.97 3.01 3.01 2.89 2.95 3.07 3.33 3.42 3.51 3.60 3.66 3.69 3.70 3.71 3.70 3.70 3.70 3.71 3.71 3.73 3.75 3.79 3.80 3.80 3.80 3.81 3.83 3.84 3.84 3.85 3.85 3.86 3.86 3.87 3.87 3.87 3.87 3.87 3.87 3.88 3.89 3.89 3.89 3.90 3.90 3.90 3.90 3.90 3.90 3.90 3.89 3.89
2.69 2.73 2.78 2.85 2.65 2.78 2.80 2.84 2.90 3.07 3.37 3.61 3.70 3.72 3.71 3.71 3.71 3.70 3.71 3.73 3.74 3.76 3.76 3.74 3.70 3.66 3.07 2.81 2.89 2.91 2.91 2.92 2.94 2.97 2.96 2.91 2.84 3.13 3.24 3.34 3.44 3.56 3.64 3.67 3.69 3.69 3.70 3.70 3.70 3.70 3.69 3.69 3.74 3.79 3.78 3.79 3.80 3.82 3.83 3.83 3.84 3.85 3.85 3.86 3.86 3.87 3.87 3.86 3.86 3.86 3.85 3.88 3.88 3.89 3.89 3.90 3.90 3.90 3.90 3.90 3.90 3.90 3.90 3.91
2.72 2.77 2.84 2.54 2.73 2.80 2.84 2.94 3.20 3.48 3.64 3.68 3.71 3.71 3.72 3.69 3.67 3.64 3.66 3.70 3.76 3.79 3.74 3.32 2.87 2.89 2.92 2.90 2.87 2.87 2.87 2.89 2.92 2.96 2.99 3.01 3.02 3.08 3.15 3.25 3.36 3.53 3.61 3.60 3.64 3.68 3.70 3.70 3.71 3.70 3.68 3.66 3.74 3.76 3.77 3.78 3.80 3.82 3.82 3.83 3.84 3.84 3.85 3.86 3.86 3.87 3.86 3.85 3.87 3.87 3.88 3.88 3.88 3.89 3.89 3.90 3.90 3.90 3.91 3.91 3.91 3.90 3.90 3.91
2.78 2.62 2.53 2.68 2.76 2.84 2.98 3.27 3.57 3.69 3.69 3.70 3.71 3.71 3.65 3.56 3.50 3.47 3.37 3.34 3.50 2.86 2.76 2.90 2.92 2.88 2.86 2.88 2.88 2.87 2.88 2.89 2.90 2.92 2.93 2.93 2.96 3.00 3.06 3.12 3.25 3.42 3.46 3.55 3.63 3.67 3.70 3.71 3.72 3.71 3.71 3.73 3.74 3.75 3.76 3.78 3.80 3.81 3.82 3.82 3.83 3.84 3.85 3.86 3.85 3.86 3.86 3.86 3.87 3.87 3.87 3.87 3.88 3.88 3.89 3.90 3.90 3.91 3.90 3.89 3.89 3.90 3.90 3.90
2.63 2.59 2.69 2.74 2.84 2.97 3.28 3.62 3.69 3.70 3.71 3.72 3.72 3.64 3.09 2.93 2.92 3.03 2.98 2.97 2.94 2.89 2.86 2.87 2.88 2.91 2.93 2.91 2.89 2.88 2.88 2.88 2.89 2.92 2.93 2.93 2.93 2.93 2.92 2.92 3.22 3.31 3.40 3.50 3.61 3.66 3.69 3.70 3.69 3.70 3.71 3.72 3.72 3.74 3.75 3.77 3.79 3.80 3.81 3.82 3.83 3.84 3.84 3.85 3.85 3.86 3.86 3.86 3.86 3.87 3.87 3.87 3.87 3.87 3.88 3.90 3.89 3.89 3.89 3.89 3.89 3.90 3.90 3.90
2.66 2.69 2.74 2.83 2.98 3.30 3.61 3.69 3.70 3.71 3.72 3.64 3.05 2.85 2.91 2.89 2.90 2.93 2.94 2.94 2.94 2.96 2.98 2.95 2.95 2.96 2.95 2.93 2.91 2.89 2.88 2.90 2.90 2.91 2.93 2.94 2.96 2.99 3.02 3.09 3.16 3.24 3.33 3.46 3.60 3.65 3.69 3.64 3.67 3.69 3.70 3.71 3.71 3.72 3.73 3.75 3.79 3.81 3.80 3.82 3.83 3.83 3.84 3.85 3.85 3.86 3.86 3.86 3.86 3.86 3.86 3.86 3.87 3.85 3.88 3.88 3.89 3.89 3.89 3.89 3.89 3.89 3.90 3.90
