1d2d/test/DeltaShell.Plugins.FMSuite.FlowFM.Tests/test-data/RasterImport/ahn_breach.asc
ncols              252
nrows              173
xllcorner        150343.375
yllcorner        417974.752
cellsize              5.000        5.000
NODATA_value       -999.000
[rows 0 to 37 of 173, columns 0 to 83 of 252]
2.61 2.61 2.60 2.57 2.54 2.54 2.55 2.55 2.55 2.54 2.54 2.55 2.58 2.60 2.60 2.85 3.42 3.93 4.59 5.14 5.24 5.28 5.29 5.30 5.25 5.19 4.73 3.15 2.48 2.34 2.59 3.22 3.59 3.68 3.77 3.78 3.81 3.78 3.72 3.28 2.67 2.84 2.87 2.78 2.39 2.58 2.48 2.51 2.56 2.58 2.59 2.58 2.57 2.59 2.56 2.55 2.54 2.58 2.65 2.67 2.63 2.64 2.77 2.91 2.97 2.98 2.96 2.94 2.84 2.78 2.81 2.88 2.68 2.54 2.50 2.53 2.51 2.52 2.58 2.61 2.61 2.65 2.69 2.73
2.60 2.57 2.56 2.55 2.55 2.54 2.53 2.52 2.53 2.70 3.15 3.74 4.33 4.86 5.19 5.22 5.23 5.23 5.25 5.21 5.19 4.68 4.05 3.27 2.71 2.50 2.52 2.51 2.46 2.32 2.50 2.94 3.31 3.40 3.46 3.64 3.61 3.56 3.62 3.62 2.93 2.62 2.56 2.57 2.57 2.79 2.62 2.54 2.61 2.57 2.58 2.55 2.56 2.53 2.50 2.57 2.68 2.80 2.91 2.96 2.97 2.99 2.97 2.88 2.84 2.75 2.67 2.60 2.56 2.57 2.67 2.85 2.69 2.53 2.48 2.53 2.56 2.60 2.61 2.66 2.65 2.67 2.68 2.68
2.54 2.55 2.56 2.60 2.86 3.40 3.94 4.55 5.07 5.34 5.35 5.35 5.32 5.26 5.17 5.11 4.59 3.94 3.24 2.70 2.61 2.55 2.49 2.48 2.45 2.45 2.47 2.46 2.44 2.29 2.48 2.69 3.03 3.10 3.12 3.15 3.27 3.30 3.32 2.90 2.98 2.85 2.60 2.72 2.78 2.80 2.61 2.54 2.56 2.55 2.55 2.64 2.84 2.92 2.97 2.97 2.95 2.93 2.86 2.83 2.72 2.65 2.66 2.67 2.64 2.70 2.71 2.54 2.56 2.60 2.69 2.72 2.66 2.59 2.59 2.59 2.59 2.61 2.60 2.64 2.69 2.71 2.70 2.70
3.57 4.13 4.64 5.12 5.30 5.34 5.36 5.38 5.35 5.28 5.22 4.62 3.99 3.32 2.66 2.56 2.54 2.52 2.50 2.46 2.41 2.38 2.35 2.35 2.32 2.36 2.38 2.24 2.17 2.05 2.33 2.58 2.67 2.65 2.63 2.75 2.96 3.12 3.08 2.92 2.81 2.71 2.67 2.67 2.66 2.66 2.71 2.83 2.88 2.89 2.90 2.90 2.85 2.84 2.91 2.99 3.00 2.84 2.66 2.65 2.65 2.83 2.91 2.94 2.94 2.94 2.94 2.64 2.56 2.61 2.62 2.56 2.55 2.55 2.54 2.57 2.63 2.66 2.70 2.71 2.72 2.71 2.70 2.71
5.24 5.25 5.21 5.18 5.18 5.09 4.43 3.83 3.30 2.70 2.47 2.48 2.47 2.48 2.47 2.44 2.40 2.36 2.31 2.28 2.25 2.22 2.13 2.11 2.06 2.03 2.04 2.02 2.01 2.06 2.27 2.59 2.59 2.62 2.59 2.56 2.73 2.97 2.87 2.49 2.65 2.75 2.84 2.89 2.92 2.91 2.90 2.88 2.79 2.71 2.64 2.65 2.67 2.69 2.74 3.01 3.02 2.98 2.80 2.86 2.92 2.96 3.00 3.01 3.00 3.04 3.08 2.88 2.58 2.58 2.56 2.53 2.52 2.55 2.54 2.61 2.67 2.71 2.73 2.73 2.72 2.73 2.74 2.76
4.90 4.18 3.55 3.00 2.48 2.45 2.45 2.45 2.43 2.43 2.41 2.39 2.36 2.35 2.32 2.30 2.23 2.14 2.11 2.04 2.00 2.00 1.99 2.01 2.03 2.05 2.06 2.04 2.03 2.09 2.16 2.36 2.39 2.29 2.35 2.52 2.83 2.86 2.86 2.88 2.89 2.89 2.84 2.82 2.76 2.68 2.61 2.56 2.54 2.62 2.68 2.86 2.91 2.96 2.99 2.99 2.98 2.91 2.86 2.87 2.89 3.02 3.10 3.08 3.01 2.96 2.94 2.93 2.53 2.55 2.55 2.55 2.54 2.58 2.60 2.65 2.69 2.72 2.72 2.74 2.73 2.74 2.76 2.76
2.36 2.34 2.32 2.33 2.36 2.37 2.38 2.36 2.30 2.26 2.23 2.18 2.13 2.09 2.04 2.02 2.00 2.00 2.02 2.01 2.01 2.03 2.03 2.07 2.13 2.18 2.27 2.22 2.36 2.44 2.49 2.72 2.82 2.86 2.87 2.86 2.87 2.86 2.84 2.77 2.48 2.53 2.77 2.67 2.60 2.61 2.61 2.58 2.50 2.82 2.92 2.93 2.94 2.98 2.99 3.00 2.95 2.86 2.84 2.87 2.87 2.96 2.96 2.97 3.01 2.97 2.96 2.97 2.58 2.55 2.59 2.58 2.59 2.61 2.64 2.65 2.68 2.74 2.74 2.75 2.76 2.76 2.75 2.76
2.28 2.27 2.25 2.27 2.26 2.27 2.17 2.14 2.06 1.99 1.98 1.96 2.00 2.00 2.00 2.01 2.02 2.05 2.07 2.11 2.15 2.21 2.27 2.42 2.52 2.69 2.82 2.84 2.87 2.89 2.87 2.87 2.85 2.75 2.63 2.45 2.31 2.33 2.36 2.43 2.52 2.57 2.63 2.65 2.64 2.63 2.59 2.55 2.53 2.81 2.90 2.92 2.93 2.96 2.97 3.00 2.96 2.86 2.85 2.87 2.87 2.92 2.94 2.95 2.96 2.97 2.95 2.98 2.67 2.54 2.63 2.62 2.63 2.64 2.66 2.64 2.68 2.72 2.77 2.78 2.77 2.75 2.76 2.78
2.18 2.10 2.06 2.03 2.04 2.01 1.99 1.98 2.00 2.01 2.02 2.03 2.03 2.04 2.06 2.08 2.20 2.35 2.43 2.47 2.60 2.74 2.78 2.80 2.81 2.84 2.81 2.76 2.84 2.61 2.45 2.41 2.43 2.42 2.32 2.36 2.41 2.46 2.48 2.50 2.52 2.54 2.59 2.60 2.60 2.58 2.60 2.54 2.52 2.65 2.89 2.90 2.93 2.97 2.97 2.99 2.98 2.90 2.87 2.88 2.87 2.87 2.94 2.93 2.94 2.96 2.96 2.96 2.90 2.54 2.65 2.65 2.65 2.64 2.66 2.66 2.68 2.70 2.76 2.78 2.78 2.79 2.81 2.84
1.93 1.96 1.97 1.98 2.00 2.00 1.99 2.00 2.06 2.13 2.21 2.23 2.34 2.39 2.48 2.66 2.76 2.79 2.80 2.78 2.78 2.81 2.80 2.78 2.50 2.48 2.61 2.49 2.49 2.57 2.47 2.42 2.41 2.42 2.34 2.38 2.39 2.42 2.43 2.48 2.52 2.55 2.58 2.60 2.61 2.59 2.57 2.56 2.49 2.57 2.93 2.94 2.93 2.96 2.97 2.98 3.01 2.93 2.88 2.88 2.87 2.83 2.93 2.92 2.94 2.98 3.00 2.97 2.94 2.56 2.63 2.66 2.65 2.65 2.66 2.68 2.68 2.66 2.74 2.77 2.81 2.82 2.85 2.87
1.97 1.97 2.00 2.04 2.08 2.13 2.15 2.29 2.43 2.63 2.75 2.78 2.81 2.82 2.83 2.85 2.81 2.80 2.77 2.45 2.35 2.39 2.44 2.38 2.35 2.49 2.52 2.52 2.53 2.56 2.43 2.36 2.37 2.43 2.31 2.35 2.39 2.45 2.45 2.49 2.53 2.54 2.55 2.59 2.60 2.57 2.58 2.54 2.48 2.52 2.94 2.96 2.95 2.96 2.98 2.99 3.00 2.96 2.89 2.87 2.85 2.82 2.89 2.94 2.90 2.98 2.99 2.95 2.95 2.64 2.59 2.65 2.65 2.65 2.66 2.68 2.66 2.62 2.74 2.81 2.83 2.85 2.90 2.89
2.12 2.22 2.33 2.39 2.56 2.70 2.78 2.82 2.83 2.82 2.82 2.82 2.84 2.68 2.42 2.50 2.40 2.35 2.43 2.45 2.25 2.44 2.47 2.47 2.32 2.49 2.51 2.54 2.54 2.59 2.57 2.48 2.50 2.56 2.48 2.33 2.40 2.45 2.46 2.49 2.54 2.55 2.56 2.58 2.58 2.57 2.56 2.56 2.50 2.48 2.82 2.98 2.99 2.99 2.99 2.94 2.98 2.99 2.91 2.88 2.86 2.83 2.81 2.93 2.94 2.96 2.97 2.96 2.97 2.81 2.59 2.66 2.65 2.65 2.63 2.66 2.67 2.66 2.73 2.82 2.86 2.87 2.90 2.90
2.72 2.83 2.85 2.82 2.83 2.82 2.80 2.73 2.82 2.70 2.42 2.31 2.24 2.21 2.19 2.53 2.48 2.27 2.45 2.49 2.31 2.44 2.51 2.54 2.35 2.54 2.59 2.57 2.53 2.63 2.70 2.62 2.58 2.57 2.56 2.33 2.40 2.43 2.48 2.51 2.53 2.55 2.58 2.58 2.58 2.57 2.56 2.53 2.51 2.44 2.59 2.96 2.95 2.96 2.99 2.99 3.01 3.00 2.93 2.90 2.87 2.85 2.81 2.91 2.97 2.95 2.97 2.95 2.98 2.95 2.57 2.62 2.63 2.62 2.60 2.66 2.72 2.72 2.71 2.86 2.87 2.87 2.89 2.87
2.76 2.86 2.83 2.43 2.37 2.35 2.39 2.48 2.65 2.66 2.50 2.42 2.34 2.26 2.16 2.47 2.50 2.24 2.44 2.54 2.50 2.36 2.56 2.61 2.54 2.54 2.60 2.61 2.51 2.58 2.75 2.64 2.58 2.54 2.48 2.32 2.38 2.45 2.47 2.52 2.55 2.57 2.59 2.58 2.56 2.54 2.53 2.52 2.50 2.48 2.55 2.97 2.97 2.97 2.99 3.00 3.00 2.98 2.95 2.90 2.87 2.85 2.81 2.84 2.94 2.94 2.95 2.96 2.96 2.96 2.54 2.56 2.60 2.63 2.63 2.66 2.77 2.80 2.72 2.85 2.88 2.84 2.87 2.87
2.23 2.20 2.26 2.31 2.36 2.42 2.49 2.56 2.64 2.67 2.57 2.46 2.39 2.31 2.16 2.26 2.53 2.45 2.42 2.57 2.57 2.31 2.56 2.60 2.59 2.44 2.60 2.63 2.62 2.52 2.73 2.63 2.51 2.51 2.53 2.38 2.36 2.47 2.50 2.53 2.56 2.57 2.58 2.56 2.56 2.54 2.53 2.54 2.51 2.48 2.53 2.91 2.97 2.97 2.98 3.00 3.00 2.99 2.97 2.90 2.87 2.87 2.83 2.78 2.91 2.91 2.91 2.94 2.94 2.96 2.62 2.53 2.63 2.70 2.70 2.65 2.76 2.81 2.75 2.79 2.86 2.83 2.85 2.86
2.55 2.19 2.29 2.37 2.39 2.46 2.51 2.55 2.58 2.64 2.57 2.47 2.41 2.34 2.23 2.17 2.54 2.53 2.31 2.58 2.58 2.36 2.52 2.59 2.59 2.39 2.57 2.62 2.62 2.51 2.68 2.66 2.56 2.54 2.59 2.58 2.33 2.45 2.51 2.52 2.56 2.56 2.58 2.58 2.57 2.57 2.55 2.52 2.51 2.50 2.49 2.70 2.96 2.96 2.97 2.99 2.99 2.99 2.98 2.92 2.88 2.86 2.84 2.76 2.85 2.87 2.89 2.93 2.98 2.99 2.93 2.53 2.62 2.75 2.74 2.63 2.67 2.77 2.75 2.69 2.82 2.83 2.82 2.82
2.60 2.20 2.28 2.39 2.41 2.46 2.52 2.56 2.59 2.64 2.60 2.50 2.46 2.39 2.30 2.18 2.53 2.58 2.30 2.55 2.58 2.47 2.42 2.53 2.57 2.44 2.53 2.59 2.59 2.55 2.61 2.70 2.63 2.58 2.59 2.59 2.32 2.40 2.50 2.54 2.54 2.56 2.59 2.59 2.59 2.58 2.54 2.54 2.51 2.51 2.48 2.59 2.93 2.95 2.94 2.96 2.99 2.99 2.98 2.95 2.88 2.85 2.83 2.77 2.79 2.85 2.87 2.91 2.97 2.99 2.97 2.54 2.61 2.72 2.75 2.64 2.59 2.71 2.73 2.67 2.78 2.81 2.78 2.79
2.63 2.31 2.24 2.37 2.42 2.44 2.52 2.56 2.59 2.63 2.60 2.55 2.48 2.42 2.36 2.23 2.44 2.61 2.45 2.51 2.58 2.51 2.27 2.51 2.55 2.51 2.41 2.56 2.58 2.57 2.54 2.72 2.67 2.55 2.54 2.52 2.37 2.36 2.51 2.54 2.55 2.56 2.59 2.60 2.59 2.57 2.56 2.54 2.54 2.53 2.51 2.53 2.89 2.93 2.93 2.93 2.99 2.99 2.98 2.97 2.89 2.84 2.84 2.78 2.76 2.87 2.85 2.88 2.94 2.99 3.00 2.63 2.57 2.65 2.72 2.65 2.57 2.65 2.70 2.67 2.73 2.80 2.76 2.79
2.63 2.56 2.22 2.35 2.42 2.43 2.52 2.55 2.58 2.60 2.60 2.58 2.50 2.45 2.39 2.29 2.22 2.60 2.53 2.34 2.56 2.53 2.25 2.46 2.50 2.50 2.34 2.55 2.59 2.59 2.54 2.69 2.66 2.52 2.49 2.56 2.54 2.38 2.50 2.54 2.55 2.56 2.58 2.60 2.62 2.60 2.59 2.58 2.54 2.55 2.53 2.49 2.75 2.91 2.92 2.93 2.98 2.98 2.99 2.98 2.91 2.86 2.83 2.80 2.78 2.85 2.83 2.86 2.91 3.00 3.00 2.79 2.55 2.60 2.67 2.67 2.65 2.65 2.69 2.66 2.61 2.79 2.76 2.77
2.60 2.58 2.17 2.29 2.42 2.42 2.49 2.53 2.57 2.56 2.60 2.58 2.53 2.47 2.41 2.31 2.19 2.56 2.54 2.30 2.53 2.54 2.39 2.43 2.52 2.53 2.37 2.55 2.61 2.62 2.57 2.65 2.71 2.62 2.61 2.64 2.60 2.37 2.47 2.52 2.54 2.56 2.58 2.60 2.63 2.60 2.60 2.58 2.56 2.52 2.54 2.48 2.58 2.91 2.93 2.93 2.96 2.99 2.99 2.99 2.95 2.88 2.84 2.83 2.81 2.82 2.66 2.77 2.92 2.96 3.00 2.97 2.57 2.57 2.62 2.68 2.69 2.67 2.68 2.67 2.59 2.74 2.75 2.76
2.56 2.60 2.25 2.25 2.40 2.43 2.44 2.50 2.58 2.55 2.59 2.57 2.51 2.47 2.41 2.35 2.23 2.51 2.57 2.40 2.50 2.57 2.49 2.32 2.52 2.57 2.52 2.50 2.63 2.65 2.62 2.55 2.75 2.71 2.64 2.65 2.62 2.39 2.40 2.51 2.55 2.55 2.57 2.59 2.60 2.59 2.59 2.59 2.55 2.53 2.52 2.50 2.52 2.89 2.93 2.93 2.95 2.99 2.99 2.99 2.97 2.90 2.70 2.67 2.68 2.67 2.66 2.64 2.89 2.97 2.99 2.98 2.58 2.57 2.62 2.69 2.70 2.68 2.66 2.69 2.60 2.71 2.76 2.76
2.54 2.60 2.44 2.23 2.36 2.43 2.43 2.51 2.56 2.57 2.57 2.56 2.52 2.47 2.43 2.37 2.28 2.28 2.58 2.56 2.44 2.58 2.55 2.30 2.51 2.57 2.57 2.42 2.60 2.66 2.64 2.52 2.77 2.74 2.63 2.59 2.56 2.46 2.38 2.49 2.54 2.56 2.57 2.58 2.59 2.59 2.59 2.58 2.56 2.55 2.54 2.51 2.51 2.84 2.93 2.93 2.94 2.98 2.99 2.99 2.99 2.93 2.69 2.69 2.68 2.67 2.67 2.64 2.66 2.97 3.00 3.00 2.62 2.55 2.61 2.68 2.71 2.70 2.64 2.70 2.66 2.68 2.76 2.76
2.51 2.57 2.53 2.23 2.33 2.41 2.44 2.51 2.54 2.57 2.54 2.57 2.53 2.47 2.44 2.39 2.31 2.24 2.60 2.60 2.36 2.59 2.60 2.35 2.51 2.57 2.59 2.42 2.58 2.64 2.66 2.50 2.69 2.72 2.60 2.55 2.58 2.59 2.39 2.47 2.53 2.56 2.57 2.57 2.59 2.61 2.59 2.60 2.59 2.58 2.53 2.52 2.47 2.66 2.92 2.94 2.95 2.97 2.99 2.99 3.00 2.95 2.69 2.68 2.67 2.68 2.67 2.65 2.65 2.94 2.96 2.94 2.89 2.55 2.60 2.67 2.72 2.66 2.61 2.72 2.70 2.63 2.74 2.78
2.47 2.53 2.58 2.29 2.31 2.40 2.46 2.50 2.55 2.58 2.54 2.56 2.53 2.48 2.46 2.42 2.35 2.22 2.57 2.61 2.38 2.59 2.62 2.52 2.43 2.57 2.58 2.49 2.55 2.62 2.65 2.59 2.59 2.71 2.65 2.60 2.62 2.64 2.41 2.40 2.52 2.56 2.57 2.58 2.62 2.64 2.61 2.61 2.62 2.60 2.54 2.50 2.46 2.56 2.93 2.96 2.95 2.97 2.99 3.00 3.00 2.97 2.87 2.67 2.66 2.66 2.67 2.66 2.64 2.89 2.95 2.93 2.93 2.53 2.58 2.65 2.76 2.67 2.61 2.75 2.76 2.65 2.73 2.79
2.46 2.53 2.56 2.31 2.25 2.39 2.46 2.45 2.55 2.58 2.58 2.56 2.54 2.50 2.46 2.44 2.35 2.22 2.42 2.62 2.53 2.53 2.62 2.57 2.33 2.54 2.59 2.57 2.45 2.60 2.64 2.62 2.46 2.73 2.71 2.64 2.63 2.63 2.45 2.39 2.53 2.57 2.59 2.61 2.64 2.64 2.63 2.61 2.61 2.59 2.53 2.51 2.47 2.51 2.90 2.96 2.96 2.97 3.00 3.01 2.99 2.99 2.93 2.68 2.67 2.67 2.67 2.67 2.65 2.70 2.94 2.94 2.95 2.56 2.57 2.64 2.77 2.75 2.63 2.74 2.80 2.69 2.71 2.80
2.45 2.51 2.54 2.49 2.22 2.36 2.45 2.46 2.55 2.58 2.60 2.56 2.56 2.52 2.48 2.45 2.37 2.27 2.23 2.60 2.56 2.34 2.60 2.58 2.33 2.52 2.58 2.58 2.40 2.58 2.60 2.62 2.40 2.72 2.72 2.63 2.60 2.57 2.55 2.36 2.52 2.55 2.58 2.61 2.62 2.65 2.65 2.63 2.60 2.60 2.55 2.52 2.50 2.48 2.74 2.96 2.97 2.97 3.03 3.03 3.04 3.01 2.93 2.68 2.67 2.68 2.69 2.68 2.65 2.94 2.97 2.95 2.94 2.76 2.58 2.63 2.75 2.78 2.64 2.71 2.81 2.75 2.71 2.80
2.45 2.44 2.49 2.48 2.24 2.32 2.41 2.46 2.54 2.58 2.61 2.57 2.58 2.53 2.50 2.45 2.38 2.30 2.21 2.57 2.57 2.35 2.57 2.59 2.45 2.48 2.56 2.58 2.44 2.55 2.58 2.60 2.42 2.61 2.68 2.57 2.53 2.52 2.53 2.37 2.46 2.53 2.58 2.60 2.64 2.66 2.66 2.65 2.64 2.60 2.57 2.54 2.52 2.48 2.61 2.97 2.99 2.97 3.03 3.05 3.06 3.04 2.95 2.70 2.68 2.68 2.68 2.68 2.67 2.68 2.96 2.94 2.95 2.95 2.58 2.63 2.71 2.79 2.69 2.66 2.79 2.79 2.70 2.77
2.40 2.39 2.43 2.44 2.24 2.25 2.38 2.45 2.49 2.55 2.61 2.59 2.57 2.54 2.53 2.46 2.40 2.31 2.22 2.40 2.58 2.40 2.50 2.58 2.50 2.31 2.54 2.57 2.53 2.46 2.56 2.60 2.54 2.42 2.65 2.56 2.51 2.50 2.53 2.38 2.43 2.53 2.57 2.60 2.63 2.66 2.68 2.67 2.65 2.62 2.57 2.57 2.54 2.51 2.51 2.96 2.97 2.96 2.97 3.06 3.05 3.04 2.97 2.89 2.69 2.68 2.67 2.69 2.68 2.64 2.92 2.93 2.92 2.94 2.56 2.60 2.64 2.78 2.72 2.66 2.76 2.80 2.70 2.75
2.34 2.33 2.37 2.37 2.30 2.18 2.33 2.42 2.44 2.54 2.58 2.61 2.57 2.54 2.52 2.46 2.40 2.34 2.26 2.25 2.57 2.50 2.34 2.55 2.51 2.26 2.49 2.55 2.51 2.34 2.56 2.57 2.54 2.33 2.58 2.58 2.55 2.44 2.43 2.42 2.34 2.49 2.54 2.60 2.64 2.64 2.67 2.68 2.65 2.63 2.60 2.59 2.58 2.52 2.49 2.82 2.96 2.95 2.96 3.05 3.05 3.04 3.00 2.91 2.69 2.68 2.66 2.68 2.68 2.65 2.89 2.95 2.94 2.93 2.66 2.57 2.62 2.74 2.74 2.65 2.71 2.77 2.71 2.71
2.28 2.28 2.31 2.32 2.21 2.12 2.28 2.36 2.42 2.52 2.57 2.61 2.57 2.54 2.52 2.48 2.43 2.36 2.28 2.20 2.51 2.48 2.23 2.47 2.48 2.26 2.40 2.46 2.45 2.31 2.48 2.54 2.51 2.29 2.54 2.57 2.50 2.41 2.37 2.41 2.30 2.45 2.52 2.60 2.63 2.64 2.66 2.67 2.64 2.62 2.62 2.62 2.59 2.55 2.47 2.68 2.96 2.96 2.96 3.03 3.05 3.05 3.02 2.93 2.70 2.68 2.67 2.67 2.69 2.66 2.82 2.94 2.98 2.94 2.87 2.54 2.59 2.68 2.74 2.64 2.65 2.75 2.72 2.66
2.25 2.26 2.26 2.30 2.27 2.15 2.28 2.36 2.42 2.46 2.53 2.60 2.57 2.56 2.54 2.50 2.44 2.37 2.29 2.20 2.43 2.47 2.23 2.39 2.45 2.38 2.27 2.41 2.43 2.36 2.41 2.52 2.50 2.39 2.44 2.51 2.47 2.40 2.36 2.36 2.28 2.41 2.51 2.60 2.61 2.66 2.65 2.66 2.66 2.64 2.63 2.61 2.60 2.53 2.47 2.58 2.96 2.97 2.97 3.00 3.05 3.05 3.04 2.96 2.88 2.67 2.66 2.66 2.67 2.66 2.66 2.93 2.96 2.93 2.91 2.54 2.56 2.62 2.72 2.64 2.62 2.72 2.74 2.65
2.24 2.26 2.25 2.29 2.31 2.21 2.20 2.35 2.40 2.43 2.51 2.58 2.58 2.56 2.55 2.52 2.42 2.39 2.33 2.22 2.29 2.49 2.40 2.32 2.45 2.40 2.18 2.40 2.43 2.43 2.27 2.49 2.48 2.46 2.30 2.49 2.47 2.42 2.37 2.32 2.34 2.37 2.51 2.58 2.60 2.64 2.62 2.64 2.65 2.66 2.63 2.61 2.58 2.55 2.49 2.51 2.91 2.98 2.98 2.98 3.05 3.05 3.04 2.99 2.91 2.68 2.66 2.66 2.68 2.68 2.65 2.94 2.97 2.96 2.93 2.60 2.52 2.59 2.70 2.67 2.61 2.68 2.74 2.68
2.25 2.28 2.27 2.30 2.33 2.31 2.19 2.33 2.37 2.40 2.48 2.56 2.59 2.55 2.56 2.55 2.44 2.42 2.34 2.24 2.21 2.50 2.46 2.21 2.43 2.43 2.20 2.39 2.42 2.43 2.27 2.46 2.47 2.46 2.26 2.47 2.47 2.41 2.38 2.37 2.41 2.31 2.50 2.57 2.61 2.64 2.62 2.62 2.65 2.66 2.63 2.61 2.60 2.56 2.52 2.47 2.80 2.99 2.97 2.97 3.04 3.04 3.04 3.01 2.94 2.68 2.67 2.66 2.67 2.67 2.66 2.94 2.94 2.96 2.94 2.74 2.52 2.58 2.68 2.71 2.62 2.65 2.74 2.70
2.26 2.31 2.33 2.33 2.36 2.36 2.19 2.30 2.38 2.42 2.45 2.55 2.59 2.56 2.58 2.56 2.48 2.44 2.35 2.28 2.20 2.48 2.50 2.19 2.43 2.45 2.35 2.34 2.42 2.43 2.31 2.43 2.48 2.49 2.29 2.44 2.45 2.46 2.45 2.42 2.44 2.31 2.45 2.56 2.62 2.64 2.63 2.61 2.64 2.64 2.62 2.61 2.60 2.59 2.54 2.45 2.67 2.95 2.95 2.95 3.00 3.05 3.04 3.03 2.97 2.74 2.67 2.66 2.67 2.67 2.66 2.67 2.95 2.97 2.94 2.94 2.56 2.58 2.64 2.72 2.65 2.62 2.73 2.73
2.30 2.34 2.36 2.36 2.40 2.41 2.22 2.25 2.39 2.43 2.43 2.55 2.60 2.59 2.57 2.55 2.50 2.44 2.39 2.30 2.21 2.30 2.52 2.34 2.36 2.46 2.41 2.20 2.42 2.45 2.40 2.34 2.47 2.49 2.48 2.37 2.45 2.48 2.48 2.45 2.37 2.31 2.40 2.55 2.60 2.64 2.64 2.61 2.60 2.62 2.63 2.61 2.60 2.59 2.56 2.47 2.56 2.89 2.94 2.95 2.96 3.05 3.05 3.04 3.00 2.91 2.68 2.68 2.67 2.66 2.67 2.66 2.98 2.97 3.00 3.00 2.60 2.58 2.62 2.74 2.70 2.63 2.71 2.76
2.35 2.39 2.40 2.41 2.43 2.45 2.40 2.23 2.38 2.42 2.42 2.53 2.59 2.61 2.57 2.57 2.56 2.44 2.43 2.33 2.27 2.23 2.52 2.46 2.23 2.48 2.45 2.19 2.41 2.44 2.43 2.29 2.47 2.50 2.53 2.37 2.49 2.49 2.45 2.44 2.50 2.49 2.37 2.56 2.58 2.62 2.61 2.62 2.61 2.62 2.64 2.61 2.61 2.60 2.58 2.54 2.51 2.84 2.96 2.97 3.00 3.06 3.05 3.05 3.02 2.94 2.68 2.67 2.66 2.67 2.67 2.66 2.98 3.00 3.05 3.02 2.69 2.59 2.63 2.75 2.75 2.66 2.69 2.76
2.40 2.41 2.41 2.44 2.46 2.48 2.46 2.23 2.34 2.42 2.43 2.49 2.57 2.62 2.61 2.62 2.59 2.48 2.45 2.38 2.31 2.23 2.52 2.50 2.23 2.48 2.50 2.30 2.40 2.45 2.44 2.31 2.47 2.54 2.58 2.42 2.45 2.49 2.50 2.62 2.60 2.56 2.35 2.50 2.57 2.61 2.62 2.60 2.62 2.62 2.63 2.63 2.61 2.61 2.60 2.58 2.49 2.68 2.97 2.99 3.03 3.06 3.06 3.05 3.03 2.96 2.67 2.67 2.67 2.67 2.67 2.66 2.72 3.00 3.06 3.04 2.92 2.61 2.63 2.73 2.79 2.72 2.70 2.77
2.43 2.42 2.43 2.47 2.48 2.52 2.51 2.27 2.31 2.42 2.44 2.46 2.58 2.62 2.62 2.65 2.64 2.55 2.48 2.44 2.38 2.26 2.48 2.55 2.34 2.47 2.51 2.43 2.28 2.45 2.47 2.41 2.46 2.56 2.53 2.39 2.46 2.62 2.64 2.57 2.65 2.60 2.35 2.45 2.60 2.62 2.63 2.61 2.64 2.62 2.61 2.63 2.61 2.63 2.62 2.60 2.50 2.60 2.97 3.01 3.07 3.06 3.06 3.06 3.05 2.98 2.93 2.67 2.68 2.67 2.67 2.66 2.68 3.00 3.08 3.04 3.00 2.62 2.61 2.67 2.79 2.77 2.72 2.77
