1d2d/test/DeltaShell.Plugins.FMSuite.FlowFM.Tests/test-data/RasterImport/ahn_breach.asc
ncols              252
nrows              173
xllcorner        150343.375
yllcorner        417974.752
cellsize              5.000        5.000
NODATA_value       -999.000
[rows 0 to 37 of 173, columns 168 to 251 of 252]
3.20 3.22 3.35 3.36 3.37 3.39 3.40 3.40 3.36 3.35 3.36 3.35 3.29 3.22 3.18 3.15 3.13 3.13 3.14 3.13 3.13 3.16 3.14 3.13 3.14 3.15 3.15 3.15 3.12 3.11 3.08 3.10 3.17 3.25 3.35 3.14 3.43 3.47 3.38 3.43 3.34 3.25 3.21 3.20 3.20 3.21 3.24 3.27 3.31 3.32 3.36 3.34 3.35 3.41 3.39 3.32 3.24 3.27 3.40 3.34 3.23 3.20 3.20 3.21 3.22 3.22 3.22 3.23 3.23 3.22 3.22 3.22 3.22 3.25 3.25 3.27 3.25 3.25 3.25 3.24 3.24 3.22 3.22 3.20
3.32 3.28 3.35 3.38 3.40 3.43 3.44 3.44 3.45 3.46 3.45 3.45 3.48 3.54 3.54 3.52 3.44 3.41 3.36 3.22 3.16 3.16 3.14 3.11 3.13 3.14 3.15 3.16 3.18 3.18 3.17 3.20 3.28 3.32 3.32 3.47 3.48 3.38 3.53 3.48 3.38 3.29 3.25 3.24 3.23 3.21 3.22 3.22 3.25 3.27 3.30 3.33 3.35 3.47 3.41 3.34 3.32 3.34 3.34 3.25 3.20 3.18 3.18 3.18 3.19 3.19 3.21 3.23 3.23 3.23 3.23 3.24 3.25 3.24 3.25 3.26 3.26 3.27 3.29 3.27 3.25 3.21 3.20 3.20
3.38 3.30 3.29 3.32 3.36 3.37 3.37 3.38 3.39 3.43 3.48 3.56 3.54 3.60 3.62 3.62 3.60 3.59 3.58 3.57 3.55 3.52 3.50 3.51 3.31 3.24 3.22 3.18 3.17 3.16 3.16 3.19 3.26 3.30 2.97 3.33 3.45 3.15 3.48 3.50 3.36 3.30 3.30 3.29 3.28 3.26 3.25 3.24 3.26 3.26 3.26 3.28 3.33 3.41 3.39 3.35 3.35 3.30 3.23 3.19 3.16 3.16 3.16 3.17 3.17 3.18 3.18 3.19 3.20 3.21 3.22 3.22 3.24 3.25 3.26 3.26 3.26 3.28 3.29 3.26 3.25 3.24 3.24 3.24
3.38 3.25 3.23 3.28 3.35 3.34 3.27 3.30 3.31 3.35 3.42 3.52 3.55 3.52 3.53 3.54 3.54 3.61 3.61 3.61 3.60 3.59 3.59 3.62 3.68 3.75 3.79 3.81 3.77 3.52 3.35 3.26 3.29 3.25 2.95 3.42 3.39 3.13 3.42 3.48 3.35 3.29 3.30 3.29 3.30 3.30 3.30 3.30 3.31 3.30 3.29 3.28 3.28 3.29 3.30 3.27 3.25 3.20 3.17 3.16 3.14 3.13 3.14 3.13 3.15 3.16 3.16 3.16 3.18 3.19 3.18 3.18 3.19 3.21 3.22 3.24 3.26 3.28 3.28 3.28 3.27 3.24 3.24 3.25
3.23 3.17 3.16 3.18 3.20 3.24 3.18 3.21 3.24 3.29 3.38 3.42 3.43 3.47 3.44 3.44 3.47 3.47 3.43 3.49 3.50 3.52 3.60 3.62 3.65 3.72 3.82 4.07 4.09 3.95 3.86 3.77 3.64 3.53 3.43 3.44 3.16 3.23 3.41 3.42 3.32 3.30 3.28 3.30 3.31 3.34 3.33 3.34 3.34 3.33 3.32 3.32 3.31 3.29 3.27 3.25 3.21 3.20 3.18 3.16 3.16 3.14 3.13 3.13 3.13 3.14 3.14 3.15 3.16 3.16 3.16 3.16 3.17 3.18 3.19 3.20 3.22 3.24 3.25 3.24 3.24 3.24 3.24 3.26
3.21 3.20 3.20 3.21 3.20 3.19 3.19 3.19 3.20 3.20 3.20 3.21 3.21 3.24 3.32 3.36 3.42 3.42 3.41 3.43 3.40 3.41 3.48 3.57 3.59 3.68 3.89 4.06 4.10 4.00 3.90 3.80 3.67 3.55 3.46 3.43 3.34 3.55 3.51 3.34 3.28 3.29 3.27 3.31 3.33 3.34 3.36 3.38 3.37 3.38 3.37 3.35 3.33 3.32 3.30 3.27 3.26 3.24 3.24 3.22 3.20 3.18 3.16 3.16 3.15 3.14 3.15 3.16 3.16 3.16 3.15 3.16 3.15 3.15 3.16 3.17 3.20 3.21 3.22 3.22 3.21 3.22 3.22 3.25
3.21 3.21 3.20 3.20 3.19 3.19 3.19 3.19 3.19 3.19 3.19 3.18 3.19 3.19 3.20 3.19 3.20 3.21 3.22 3.23 3.30 3.40 3.40 3.39 3.47 3.59 3.78 4.04 4.01 3.99 3.93 3.85 3.65 3.50 3.45 3.35 3.50 3.50 3.48 3.52 3.55 3.52 3.28 3.27 3.30 3.33 3.35 3.35 3.36 3.37 3.39 3.38 3.37 3.36 3.33 3.30 3.28 3.27 3.26 3.25 3.24 3.24 3.22 3.20 3.18 3.18 3.16 3.17 3.17 3.18 3.16 3.15 3.15 3.14 3.15 3.15 3.17 3.18 3.19 3.19 3.18 3.18 3.20 3.22
3.20 3.21 3.21 3.21 3.21 3.21 3.21 3.20 3.19 3.19 3.18 3.18 3.19 3.20 3.20 3.20 3.20 3.20 3.20 3.20 3.19 3.18 3.19 3.19 3.20 3.24 3.36 3.62 3.68 3.75 3.74 3.72 3.59 3.48 3.43 3.36 3.50 3.43 3.39 3.43 3.50 3.55 3.60 3.65 3.59 3.31 3.31 3.33 3.35 3.37 3.37 3.37 3.37 3.38 3.35 3.34 3.33 3.31 3.28 3.28 3.26 3.26 3.27 3.26 3.24 3.24 3.21 3.20 3.19 3.18 3.18 3.17 3.16 3.15 3.14 3.14 3.14 3.16 3.16 3.16 3.17 3.18 3.24 3.28
3.20 3.20 3.21 3.21 3.21 3.21 3.21 3.20 3.21 3.20 3.20 3.19 3.19 3.20 3.19 3.20 3.20 3.20 3.20 3.19 3.18 3.18 3.19 3.20 3.19 3.17 3.16 3.16 3.18 3.19 3.27 3.47 3.48 3.44 3.42 3.45 3.47 3.38 3.30 3.33 3.40 3.46 3.53 3.60 3.65 3.67 3.69 3.66 3.35 3.34 3.35 3.36 3.36 3.36 3.36 3.35 3.34 3.34 3.33 3.32 3.31 3.30 3.28 3.28 3.27 3.26 3.26 3.26 3.26 3.25 3.22 3.19 3.17 3.17 3.15 3.14 3.14 3.14 3.13 3.13 3.16 3.21 3.30 3.34
3.22 3.21 3.22 3.21 3.22 3.21 3.21 3.21 3.22 3.21 3.20 3.20 3.21 3.21 3.19 3.20 3.20 3.21 3.20 3.20 3.20 3.20 3.20 3.20 3.19 3.18 3.16 3.16 3.17 3.19 3.21 3.27 3.36 3.42 3.44 3.48 3.46 3.40 3.38 3.36 3.37 3.41 3.47 3.53 3.59 3.64 3.69 3.73 3.72 3.67 3.61 3.37 3.34 3.34 3.34 3.33 3.33 3.32 3.32 3.33 3.33 3.33 3.33 3.31 3.30 3.28 3.27 3.28 3.28 3.28 3.27 3.27 3.24 3.21 3.18 3.15 3.15 3.15 3.15 3.15 3.19 3.23 3.28 3.29
3.22 3.23 3.23 3.23 3.23 3.21 3.21 3.23 3.24 3.22 3.23 3.23 3.23 3.20 3.21 3.21 3.22 3.20 3.20 3.20 3.21 3.20 3.21 3.20 3.19 3.19 3.19 3.18 3.18 3.18 3.21 2.98 3.38 3.40 3.44 3.51 3.52 3.49 3.47 3.48 3.48 3.48 3.50 3.51 3.56 3.63 3.72 3.78 3.75 3.72 3.69 3.67 3.66 3.62 3.37 3.32 3.32 3.32 3.33 3.32 3.32 3.32 3.32 3.34 3.33 3.33 3.32 3.32 3.31 3.32 3.29 3.28 3.27 3.27 3.24 3.23 3.22 3.20 3.19 3.19 3.22 3.27 3.32 3.27
3.23 3.23 3.24 3.23 3.23 3.22 3.22 3.23 3.23 3.23 3.23 3.23 3.22 3.22 3.22 3.22 3.23 3.22 3.22 3.22 3.21 3.21 3.20 3.20 3.21 3.19 3.19 3.19 3.19 3.19 3.18 3.15 3.41 3.32 3.51 3.61 3.62 3.58 3.58 3.61 3.62 3.60 3.61 3.61 3.63 3.68 3.77 3.83 3.79 3.77 3.77 3.76 3.75 3.72 3.69 3.65 3.62 3.41 3.31 3.31 3.32 3.33 3.33 3.33 3.33 3.34 3.35 3.34 3.35 3.34 3.34 3.33 3.32 3.31 3.30 3.28 3.28 3.27 3.25 3.26 3.30 3.35 3.38 3.16
3.24 3.25 3.25 3.24 3.24 3.23 3.23 3.23 3.23 3.23 3.22 3.20 3.22 3.23 3.24 3.24 3.24 3.24 3.22 3.23 3.22 3.23 3.20 3.21 3.20 3.19 3.20 3.19 3.19 3.20 2.87 3.33 3.40 3.33 3.55 3.66 3.69 3.71 3.73 3.73 3.70 3.72 3.73 3.71 3.72 3.75 3.83 3.88 3.84 3.80 3.78 3.78 3.78 3.78 3.77 3.74 3.72 3.69 3.66 3.62 3.41 3.30 3.28 3.31 3.33 3.33 3.34 3.34 3.35 3.37 3.38 3.36 3.35 3.35 3.34 3.33 3.31 3.30 3.31 3.34 3.39 3.45 3.41 3.28
3.23 3.23 3.24 3.25 3.25 3.24 3.25 3.24 3.23 3.23 3.23 3.22 3.22 3.22 3.24 3.24 3.23 3.24 3.22 3.23 3.23 3.22 3.21 3.21 3.19 3.19 3.19 3.19 3.18 3.16 3.06 3.42 3.41 3.51 3.62 3.69 3.76 3.77 3.77 3.80 3.83 3.83 3.82 3.77 3.78 3.81 3.87 3.89 3.86 3.84 3.82 3.80 3.80 3.80 3.79 3.78 3.77 3.75 3.74 3.71 3.68 3.65 3.59 3.56 3.32 3.30 3.33 3.35 3.37 3.38 3.37 3.38 3.36 3.37 3.36 3.36 3.34 3.34 3.35 3.38 3.45 3.48 3.29 3.35
3.20 3.21 3.23 3.24 3.24 3.24 3.26 3.26 3.25 3.25 3.24 3.24 3.24 3.23 3.23 3.23 3.23 3.23 3.23 3.22 3.23 3.24 3.22 3.20 3.20 3.18 3.19 3.19 3.17 2.97 3.30 3.39 3.44 3.60 3.64 3.69 3.75 3.79 3.82 3.83 3.85 3.89 3.87 3.81 3.80 3.84 3.85 3.85 3.86 3.86 3.84 3.83 3.83 3.83 3.82 3.84 3.79 3.71 3.72 3.74 3.73 3.70 3.74 3.67 3.58 3.57 3.46 3.33 3.32 3.35 3.37 3.38 3.37 3.36 3.38 3.37 3.37 3.36 3.36 3.40 3.46 3.42 3.39 3.38
3.17 3.16 3.19 3.20 3.22 3.23 3.24 3.24 3.24 3.26 3.26 3.25 3.25 3.25 3.25 3.24 3.24 3.24 3.24 3.24 3.24 3.22 3.21 3.19 3.18 3.18 3.20 3.19 3.16 3.07 3.38 3.29 3.47 3.56 3.62 3.68 3.74 3.80 3.86 3.90 3.92 3.94 3.92 3.88 3.86 3.83 3.72 3.72 3.82 3.84 3.84 3.84 3.84 3.84 3.84 3.84 3.75 3.67 3.65 3.66 3.69 3.68 3.73 3.69 3.64 3.62 3.58 3.49 3.43 3.37 3.35 3.35 3.35 3.38 3.39 3.40 3.38 3.39 3.42 3.46 3.50 3.34 3.44 3.40
3.18 3.19 3.21 3.21 3.20 3.22 3.22 3.25 3.24 3.25 3.26 3.25 3.27 3.26 3.25 3.25 3.26 3.25 3.24 3.24 3.23 3.22 3.19 3.19 3.19 3.19 3.19 3.19 2.94 3.32 3.36 3.30 3.52 3.60 3.65 3.70 3.73 3.78 3.86 3.93 3.99 3.99 3.97 3.93 3.87 3.80 3.69 3.70 3.71 3.72 3.74 3.77 3.83 3.84 3.84 3.82 3.70 3.61 3.55 3.58 3.65 3.69 3.69 3.67 3.67 3.65 3.61 3.52 3.44 3.46 3.44 3.38 3.33 3.31 3.34 3.37 3.40 3.42 3.40 3.48 3.45 3.44 3.62 3.51
3.19 3.19 3.21 3.23 3.21 3.20 3.22 3.23 3.25 3.25 3.25 3.25 3.26 3.24 3.27 3.27 3.26 3.25 3.24 3.25 3.22 3.22 3.19 3.21 3.21 3.20 3.20 3.26 3.33 3.39 3.33 3.47 3.54 3.61 3.66 3.73 3.75 3.78 3.85 3.97 4.01 4.01 3.99 3.92 3.82 3.73 3.68 3.68 3.68 3.70 3.71 3.71 3.75 3.80 3.83 3.77 3.68 3.62 3.59 3.60 3.66 3.65 3.64 3.64 3.64 3.61 3.60 3.56 3.50 3.48 3.47 3.45 3.41 3.37 3.35 3.35 3.35 3.40 3.37 3.35 3.35 3.48 3.63 3.61
3.20 3.19 3.19 3.19 3.20 3.20 3.21 3.23 3.25 3.28 3.28 3.30 3.28 3.26 3.25 3.24 3.24 3.25 3.25 3.23 3.21 3.22 3.21 3.22 3.24 3.21 3.20 3.12 3.39 3.40 3.36 3.48 3.51 3.62 3.67 3.76 3.80 3.80 3.89 3.98 4.00 3.99 3.97 3.83 3.75 3.66 3.65 3.64 3.67 3.68 3.67 3.67 3.73 3.77 3.76 3.70 3.69 3.68 3.65 3.65 3.67 3.64 3.63 3.65 3.64 3.61 3.58 3.54 3.51 3.48 3.48 3.46 3.44 3.44 3.43 3.43 3.43 3.41 3.43 3.38 3.48 3.57 3.61 3.58
3.07 3.07 3.18 3.20 3.20 3.20 3.19 3.24 3.28 3.31 3.30 3.30 3.29 3.28 3.26 3.26 3.26 3.23 3.24 3.23 3.25 3.23 3.24 3.26 3.25 3.21 3.19 3.13 3.41 3.29 3.36 3.49 3.44 3.48 3.63 3.73 3.80 3.84 3.94 4.00 3.98 3.95 3.91 3.76 3.63 3.59 3.60 3.60 3.59 3.60 3.61 3.63 3.68 3.71 3.70 3.66 3.68 3.69 3.68 3.67 3.65 3.63 3.64 3.64 3.64 3.60 3.57 3.51 3.49 3.49 3.47 3.46 3.46 3.45 3.44 3.48 3.48 3.48 3.46 3.49 3.50 3.53 3.56 3.57
3.07 3.06 3.05 3.07 3.19 3.22 3.22 3.25 3.26 3.27 3.30 3.30 3.28 3.25 3.25 3.27 3.25 3.29 3.30 3.26 3.24 3.27 3.29 3.30 3.25 3.22 3.05 3.37 3.39 3.31 3.34 3.24 3.28 3.48 3.60 3.71 3.76 3.84 3.97 4.01 4.00 3.94 3.83 3.71 3.61 3.57 3.57 3.60 3.58 3.57 3.55 3.57 3.63 3.67 3.65 3.64 3.66 3.66 3.66 3.65 3.64 3.64 3.63 3.64 3.63 3.61 3.57 3.53 3.49 3.49 3.46 3.46 3.48 3.49 3.46 3.49 3.49 3.48 3.50 3.52 3.49 3.50 3.52 3.54
3.09 3.07 3.05 3.05 3.03 3.06 3.21 3.23 3.24 3.27 3.29 3.29 3.29 3.27 3.26 3.26 3.20 3.25 3.25 3.29 3.26 3.32 3.36 3.33 3.25 3.21 3.23 3.42 3.36 3.47 3.50 3.46 3.42 3.23 3.33 3.52 3.75 3.83 3.93 4.00 3.99 3.86 3.76 3.67 3.59 3.59 3.56 3.55 3.56 3.59 3.56 3.53 3.57 3.63 3.65 3.64 3.64 3.63 3.64 3.64 3.60 3.60 3.63 3.67 3.65 3.64 3.61 3.55 3.51 3.50 3.47 3.46 3.48 3.49 3.48 3.50 3.50 3.46 3.54 3.57 3.53 3.54 3.55 3.54
3.12 3.11 3.09 3.07 3.08 3.11 3.12 3.08 3.15 3.22 3.23 3.27 3.30 3.27 3.27 3.27 3.25 3.26 3.26 3.26 3.29 3.37 3.36 3.31 3.24 2.92 3.38 3.41 3.42 3.48 3.51 3.50 3.48 3.44 3.41 3.25 3.30 3.56 3.82 3.90 3.83 3.81 3.70 3.66 3.59 3.60 3.56 3.57 3.54 3.53 3.53 3.56 3.55 3.58 3.61 3.67 3.63 3.62 3.62 3.63 3.60 3.59 3.66 3.70 3.69 3.66 3.62 3.58 3.55 3.51 3.50 3.49 3.50 3.51 3.53 3.50 3.50 3.53 3.57 3.58 3.58 3.58 3.59 3.59
3.13 3.11 3.11 3.09 3.11 3.14 3.13 3.10 3.10 3.13 3.16 3.22 3.24 3.27 3.29 3.29 3.28 3.25 3.25 3.39 3.46 3.48 3.34 3.26 3.16 3.20 3.44 3.32 3.42 3.46 3.50 3.51 3.54 3.45 3.46 3.47 3.44 3.32 3.30 3.54 3.81 3.74 3.65 3.62 3.57 3.56 3.53 3.52 3.53 3.53 3.53 3.53 3.55 3.56 3.58 3.61 3.60 3.58 3.57 3.58 3.56 3.56 3.65 3.69 3.68 3.67 3.64 3.61 3.59 3.54 3.52 3.50 3.51 3.54 3.56 3.51 3.53 3.60 3.60 3.58 3.61 3.61 3.61 3.60
3.09 3.11 3.12 3.09 3.07 3.13 3.11 3.09 3.11 3.11 3.08 3.07 3.10 3.21 3.24 3.26 3.23 3.25 3.28 3.46 3.48 3.54 3.48 3.24 3.04 3.42 3.41 3.33 3.41 3.46 3.47 3.50 3.48 3.45 3.44 3.44 3.45 3.45 3.42 3.42 3.27 3.35 3.56 3.56 3.52 3.57 3.56 3.52 3.53 3.53 3.54 3.55 3.56 3.54 3.54 3.57 3.57 3.58 3.58 3.60 3.55 3.56 3.57 3.64 3.66 3.64 3.64 3.61 3.61 3.58 3.56 3.53 3.53 3.55 3.57 3.55 3.62 3.66 3.63 3.62 3.63 3.64 3.63 3.64
3.10 3.12 3.13 3.13 3.11 3.12 3.10 3.08 3.10 3.11 3.10 3.09 3.09 3.14 3.25 3.25 3.23 3.26 3.42 3.62 3.61 3.41 3.45 3.44 3.43 3.46 3.42 3.37 3.32 3.36 3.45 3.44 3.43 3.44 3.44 3.45 3.46 3.45 3.44 3.44 3.46 3.39 3.25 3.25 3.42 3.45 3.49 3.54 3.53 3.53 3.54 3.52 3.51 3.51 3.52 3.53 3.51 3.57 3.55 3.56 3.52 3.54 3.53 3.55 3.58 3.60 3.58 3.57 3.60 3.58 3.57 3.56 3.55 3.55 3.58 3.59 3.70 3.70 3.68 3.66 3.68 3.67 3.67 3.67
3.10 3.10 3.17 3.16 3.13 3.13 3.12 3.10 3.10 3.12 3.12 3.12 3.12 3.13 3.36 3.34 3.19 3.23 3.61 3.62 3.61 3.43 3.31 3.08 3.45 3.43 3.40 3.39 3.36 3.32 3.29 3.30 3.37 3.42 3.43 3.43 3.45 3.45 3.45 3.44 3.48 3.48 3.45 3.41 3.24 3.20 3.34 3.40 3.49 3.53 3.54 3.52 3.50 3.50 3.53 3.54 3.57 3.53 3.50 3.48 3.48 3.47 3.49 3.50 3.52 3.52 3.53 3.54 3.55 3.54 3.54 3.57 3.56 3.56 3.60 3.68 3.74 3.75 3.73 3.71 3.70 3.69 3.69 3.68
3.12 3.11 3.19 3.16 3.15 3.14 3.14 3.14 3.13 3.14 3.14 3.15 3.16 3.20 3.37 3.35 3.29 3.28 3.48 3.62 3.44 3.37 3.10 3.29 3.45 3.25 3.35 3.39 3.38 3.34 3.35 3.33 3.29 3.29 3.35 3.39 3.41 3.42 3.45 3.48 3.51 3.49 3.47 3.45 3.44 3.41 3.21 3.20 3.29 3.38 3.45 3.52 3.53 3.53 3.54 3.54 3.58 3.47 3.41 3.38 3.38 3.39 3.42 3.45 3.47 3.47 3.46 3.47 3.50 3.49 3.49 3.50 3.53 3.54 3.59 3.77 3.78 3.77 3.76 3.76 3.73 3.71 3.72 3.70
3.12 3.19 3.22 3.20 3.17 3.17 3.18 3.18 3.19 3.18 3.17 3.17 3.16 3.31 3.35 3.31 3.24 3.31 3.47 3.53 3.44 3.25 3.00 3.43 3.36 3.25 3.44 3.44 3.45 3.41 3.39 3.37 3.37 3.36 3.32 3.30 3.36 3.41 3.43 3.48 3.50 3.48 3.45 3.45 3.44 3.44 3.41 3.38 3.35 3.19 3.22 3.32 3.41 3.51 3.53 3.53 3.49 3.39 3.33 3.33 3.35 3.36 3.36 3.38 3.41 3.43 3.43 3.43 3.43 3.42 3.41 3.44 3.47 3.51 3.64 3.81 3.82 3.81 3.79 3.78 3.74 3.73 3.73 3.74
3.16 3.15 3.15 3.21 3.22 3.20 3.23 3.22 3.22 3.22 3.22 3.22 3.26 3.26 3.30 3.27 3.24 3.31 3.38 3.38 3.32 3.10 3.33 3.44 3.15 3.18 3.44 3.46 3.48 3.45 3.43 3.43 3.43 3.43 3.43 3.42 3.39 3.40 3.40 3.44 3.45 3.48 3.45 3.44 3.44 3.45 3.41 3.39 3.39 3.40 3.37 3.19 3.22 3.33 3.40 3.46 3.44 3.35 3.30 3.32 3.33 3.33 3.34 3.34 3.38 3.40 3.40 3.39 3.40 3.41 3.39 3.39 3.44 3.50 3.78 3.81 3.83 3.83 3.82 3.79 3.75 3.73 3.74 3.76
3.21 3.20 3.17 3.21 3.16 3.21 3.25 3.25 3.25 3.24 3.26 3.41 3.32 3.26 3.29 3.29 3.28 3.31 3.36 3.30 3.26 3.03 3.44 3.44 3.30 3.36 3.38 3.36 3.45 3.47 3.46 3.42 3.44 3.46 3.47 3.48 3.47 3.46 3.40 3.38 3.38 3.39 3.41 3.43 3.43 3.44 3.44 3.43 3.45 3.44 3.42 3.40 3.37 3.18 3.21 3.37 3.30 3.29 3.31 3.32 3.34 3.34 3.33 3.33 3.35 3.38 3.39 3.38 3.39 3.40 3.38 3.38 3.42 3.51 3.73 3.75 3.75 3.77 3.82 3.79 3.79 3.75 3.74 3.79
3.23 3.24 3.27 3.21 3.15 3.15 3.18 3.28 3.27 3.27 3.30 3.48 3.37 3.34 3.31 3.25 3.31 3.34 3.33 3.30 3.08 3.35 3.43 3.38 3.48 3.50 3.46 3.48 3.29 3.40 3.61 3.24 3.45 3.48 3.47 3.47 3.49 3.48 3.46 3.43 3.38 3.34 3.38 3.39 3.40 3.44 3.48 3.49 3.46 3.45 3.46 3.42 3.40 3.37 3.33 3.18 3.18 3.22 3.28 3.32 3.34 3.36 3.36 3.37 3.36 3.36 3.36 3.37 3.39 3.39 3.37 3.36 3.39 3.48 3.57 3.64 3.64 3.66 3.80 3.81 3.79 3.80 3.82 3.80
3.22 3.24 3.26 3.24 3.18 3.14 3.16 3.16 3.22 3.29 3.47 3.50 3.41 3.37 3.31 3.30 3.29 3.26 3.34 3.36 3.35 3.43 3.32 3.31 3.53 3.48 3.44 3.45 3.45 3.37 3.44 3.67 3.48 3.49 3.47 3.47 3.50 3.50 3.47 3.46 3.44 3.42 3.37 3.37 3.42 3.41 3.46 3.48 3.49 3.47 3.47 3.47 3.47 3.44 3.41 3.38 3.36 3.19 3.18 3.27 3.32 3.32 3.35 3.37 3.38 3.38 3.38 3.38 3.40 3.37 3.36 3.37 3.39 3.45 3.48 3.54 3.60 3.65 3.72 3.76 3.78 3.80 3.83 3.83
3.22 3.22 3.24 3.24 3.24 3.22 3.17 3.18 3.26 3.40 3.46 3.52 3.51 3.49 3.50 3.39 3.35 3.32 3.28 3.18 3.39 3.44 3.27 3.41 3.50 3.42 3.38 3.42 3.43 3.43 3.37 3.32 3.44 3.48 3.47 3.49 3.50 3.49 3.48 3.47 3.47 3.46 3.45 3.38 3.34 3.38 3.43 3.42 3.47 3.47 3.48 3.48 3.48 3.48 3.47 3.43 3.42 3.40 3.34 3.20 3.19 3.27 3.29 3.30 3.34 3.38 3.41 3.41 3.40 3.37 3.37 3.39 3.33 3.38 3.38 3.42 3.48 3.52 3.61 3.70 3.74 3.76 3.78 3.78
3.26 3.25 3.23 3.25 3.26 3.28 3.30 3.28 3.31 3.40 3.48 3.58 3.57 3.60 3.61 3.60 3.48 3.37 3.02 3.03 3.44 3.42 3.46 3.46 3.42 3.38 3.41 3.40 3.41 3.40 3.42 3.41 3.33 3.32 3.48 3.49 3.49 3.41 3.45 3.47 3.47 3.48 3.47 3.44 3.38 3.39 3.40 3.41 3.41 3.43 3.50 3.48 3.49 3.51 3.48 3.47 3.47 3.46 3.44 3.39 3.37 3.20 3.17 3.23 3.30 3.35 3.37 3.40 3.42 3.40 3.40 3.37 3.29 3.36 3.35 3.40 3.40 3.43 3.57 3.59 3.62 3.69 3.72 3.78
3.28 3.29 3.29 3.26 3.26 3.28 3.31 3.33 3.35 3.36 3.46 3.57 3.59 3.63 3.68 3.65 3.56 3.41 2.99 3.37 3.42 3.11 3.31 3.45 3.41 3.34 3.35 3.38 3.42 3.44 3.41 3.42 3.41 3.34 3.25 3.25 3.22 3.28 3.28 3.41 3.47 3.47 3.48 3.46 3.46 3.51 3.48 3.48 3.42 3.43 3.46 3.48 3.50 3.53 3.53 3.52 3.48 3.46 3.47 3.47 3.48 3.44 3.37 3.23 3.11 3.21 3.29 3.36 3.38 3.41 3.41 3.28 3.31 3.35 3.35 3.42 3.42 3.47 3.54 3.59 3.62 3.65 3.69 3.71
3.27 3.32 3.33 3.31 3.30 3.30 3.30 3.31 3.32 3.32 3.36 3.50 3.59 3.64 3.65 3.62 3.56 3.42 3.30 3.44 3.15 3.00 3.21 3.33 3.46 3.36 3.32 3.35 3.35 3.44 3.46 3.40 3.41 3.40 3.36 3.32 3.20 3.19 3.26 3.34 3.44 3.47 3.47 3.46 3.53 3.54 3.56 3.56 3.56 3.52 3.48 3.44 3.46 3.46 3.51 3.52 3.49 3.48 3.47 3.48 3.49 3.48 3.43 3.37 3.33 3.30 3.12 3.20 3.29 3.36 3.37 3.25 3.33 3.33 3.39 3.40 3.41 3.45 3.51 3.56 3.57 3.59 3.63 3.65
3.26 3.36 3.43 3.36 3.36 3.35 3.31 3.28 3.30 3.29 3.32 3.37 3.47 3.55 3.56 3.52 3.43 3.46 3.44 3.34 3.10 3.08 3.23 3.33 3.31 3.46 3.37 3.35 3.34 3.36 3.43 3.43 3.41 3.39 3.39 3.39 3.35 3.26 3.25 3.32 3.46 3.46 3.46 3.54 3.57 3.56 3.56 3.58 3.60 3.59 3.56 3.48 3.45 3.44 3.41 3.47 3.49 3.51 3.54 3.54 3.51 3.49 3.46 3.43 3.39 3.36 3.34 3.30 3.05 3.23 3.22 3.28 3.38 3.37 3.38 3.38 3.40 3.42 3.47 3.52 3.56 3.57 3.57 3.60
