1d2d/test/DeltaShell.Plugins.FMSuite.FlowFM.Tests/test-data/RasterImport/ahn_breach.asc
ncols              252
nrows              173
xllcorner        150343.375
yllcorner        417974.752
cellsize              5.000        5.000
NODATA_value       -999.000
[rows 0 to 37 of 173, columns 84 to 167 of 252]
2.81 2.76 2.71 2.67 2.69 2.73 2.70 2.59 2.58 2.96 3.01 2.96 2.96 2.94 2.91 2.90 2.95 2.95 2.91 2.89 2.92 2.93 2.96 2.99 3.01 3.00 3.00 3.02 3.03 3.08 3.10 3.10 3.10 3.12 3.13 3.13 3.10 3.06 3.03 3.00 2.99 2.93 2.79 3.14 3.40 2.92 2.89 2.99 3.08 3.07 3.06 3.05 3.05 3.05 3.03 3.04 3.03 3.04 3.02 3.02 3.02 3.00 2.97 2.95 2.92 2.91 2.89 2.89 2.91 2.93 2.94 2.96 2.98 2.99 2.99 2.99 2.99 3.07 2.97 2.90 3.26 3.19 3.20 3.20
2.70 2.68 2.66 2.68 2.69 2.71 2.74 2.69 2.56 2.93 3.00 2.93 2.95 2.95 2.96 2.94 2.96 2.97 2.94 2.95 2.95 2.96 2.99 3.00 2.99 3.00 3.02 3.04 3.03 3.05 3.05 3.07 3.09 3.11 3.09 3.07 3.05 3.05 3.03 3.01 3.01 2.97 2.89 2.63 3.35 3.39 2.93 3.06 3.12 3.12 3.10 3.09 3.07 3.06 3.04 3.03 3.01 3.01 3.00 2.99 2.98 2.97 2.95 2.94 2.92 2.91 2.91 2.91 2.92 2.93 2.95 2.98 2.98 2.97 2.99 3.00 3.01 3.08 2.94 2.99 3.31 3.27 3.26 3.26
2.68 2.69 2.69 2.68 2.67 2.74 2.86 2.83 2.62 2.80 3.02 2.96 2.92 2.94 2.94 2.96 2.97 2.96 2.95 2.95 2.96 2.98 2.99 3.03 3.03 3.03 3.04 3.05 3.03 3.06 3.07 3.07 3.06 3.06 3.07 3.07 3.04 3.03 3.01 3.04 3.02 3.00 2.95 2.85 2.93 3.43 3.26 3.03 3.15 3.16 3.12 3.08 3.04 3.03 3.01 3.01 3.00 3.00 3.00 3.00 2.99 2.99 2.99 2.98 2.97 2.95 2.93 2.92 2.93 2.93 2.95 2.96 2.97 2.97 3.00 3.00 2.99 3.02 2.93 3.17 3.36 3.34 3.32 3.32
2.72 2.72 2.70 2.70 2.69 2.83 3.00 2.96 2.78 2.70 2.99 2.96 2.93 2.94 2.93 2.93 2.96 2.96 2.96 2.95 2.96 2.97 2.96 3.01 3.03 3.02 3.02 3.02 3.02 3.05 3.07 3.07 3.07 3.06 3.06 3.07 3.06 3.07 3.06 3.05 3.06 3.04 3.02 2.97 3.04 3.39 3.48 3.05 3.11 3.17 3.12 3.03 3.02 3.02 3.02 3.04 3.03 3.03 3.05 3.04 3.04 3.02 3.03 3.01 2.99 2.97 2.95 2.93 2.93 2.94 2.95 2.97 2.99 3.00 3.01 3.02 3.00 2.98 2.72 3.29 3.46 3.47 3.44 3.44
2.74 2.74 2.74 2.78 2.76 2.83 3.02 3.02 2.92 2.73 2.99 2.92 2.91 2.94 2.95 2.94 2.93 2.92 2.92 2.93 2.94 2.96 2.95 2.98 3.00 3.03 3.04 3.06 3.04 3.05 3.06 3.08 3.08 3.08 3.06 3.05 3.06 3.08 3.10 3.08 3.11 3.10 3.06 3.03 3.00 2.82 3.47 3.48 3.13 3.17 3.10 3.05 3.04 3.07 3.07 3.07 3.07 3.05 3.07 3.08 3.07 3.04 3.02 3.01 2.97 2.94 2.91 2.87 2.86 2.88 2.87 2.88 2.86 2.85 2.82 2.80 2.84 2.75 2.58 3.19 3.21 3.23 3.25 3.26
2.78 2.78 2.82 2.87 2.84 2.81 2.94 3.03 2.98 2.73 2.93 2.98 2.90 2.93 2.93 2.94 2.94 2.92 2.92 2.92 2.92 2.94 2.98 3.00 3.02 3.03 3.03 3.06 3.06 3.06 3.07 3.07 3.08 3.07 3.08 3.08 3.08 3.11 3.13 3.16 3.15 3.14 3.11 3.08 3.05 2.92 3.09 3.50 3.35 3.01 3.07 3.04 3.08 3.09 3.10 3.09 3.07 3.07 3.05 3.04 3.02 3.00 2.96 2.96 2.86 2.81 2.73 2.79 3.00 3.24 3.19 3.18 3.12 3.11 3.09 3.10 3.09 3.06 2.88 3.21 3.21 3.21 3.22 3.22
2.83 2.84 2.85 2.91 2.91 2.81 2.87 2.99 3.01 2.76 2.73 2.99 2.98 2.89 2.90 2.91 2.92 2.94 2.94 2.95 2.95 2.98 3.01 3.01 3.02 3.01 3.02 3.04 3.03 3.05 3.07 3.07 3.08 3.07 3.08 3.07 3.09 3.10 3.12 3.11 3.12 3.12 3.13 3.10 3.05 3.02 2.81 3.34 3.49 2.95 2.96 2.98 3.08 3.10 3.08 3.08 3.01 2.96 2.89 2.79 2.80 2.98 3.35 3.39 3.32 3.35 3.31 3.29 3.31 3.30 3.27 3.30 3.28 3.17 3.15 3.16 3.11 3.10 2.97 3.22 3.19 3.19 3.19 3.21
2.86 2.87 2.85 2.89 2.91 2.85 2.83 2.97 3.01 2.93 2.71 2.91 2.91 2.86 2.87 2.90 2.92 2.94 2.97 2.97 2.97 2.99 2.99 2.98 2.99 2.99 3.00 3.02 3.00 3.01 3.04 3.07 3.08 3.06 3.05 3.07 3.08 3.08 3.10 3.11 3.09 3.10 3.10 3.09 3.07 3.05 2.98 2.92 3.49 3.44 2.85 2.82 2.94 3.01 2.93 3.00 3.11 3.27 3.55 3.61 3.45 3.49 3.45 3.40 3.37 3.38 3.38 3.33 3.36 3.36 3.38 3.41 3.38 3.20 3.13 3.12 3.09 3.01 3.04 3.22 3.20 3.21 3.20 3.21
2.88 2.92 2.88 2.86 2.91 2.88 2.83 2.92 3.01 2.97 2.70 2.88 2.90 2.88 2.88 2.90 2.91 2.92 2.93 2.95 2.96 2.97 2.97 2.99 2.98 2.99 3.00 3.02 3.03 3.02 3.03 3.03 3.05 3.09 3.08 3.07 3.08 3.08 3.07 3.07 3.08 3.09 3.09 3.07 3.07 3.05 3.02 2.92 3.33 3.50 3.00 2.71 3.05 3.44 3.62 3.77 3.89 3.96 3.95 3.90 3.56 3.54 3.60 3.49 3.46 3.44 3.45 3.45 3.46 3.47 3.47 3.50 3.44 3.29 3.13 3.08 3.09 3.04 3.20 3.21 3.22 3.23 3.23 3.21
2.88 2.93 2.90 2.84 2.89 2.91 2.83 2.88 2.99 2.99 2.72 2.84 2.94 2.95 2.90 2.89 2.92 2.92 2.91 2.92 2.94 2.94 2.95 2.98 2.98 2.96 2.97 2.98 3.00 3.00 3.00 3.02 3.03 3.06 3.07 3.06 3.06 3.07 3.03 3.03 3.04 3.08 3.07 3.07 3.07 3.05 3.01 2.98 2.84 3.49 3.48 3.08 3.38 3.44 3.48 3.50 3.61 3.99 4.05 4.02 3.63 3.55 3.56 3.54 3.54 3.53 3.52 3.51 3.51 3.51 3.50 3.50 3.49 3.31 3.11 3.06 3.07 3.05 3.23 3.21 3.23 3.23 3.23 3.23
2.86 2.91 2.91 2.86 2.87 2.92 2.84 2.83 2.96 3.00 2.87 2.74 2.94 2.99 2.95 2.89 2.89 2.89 2.88 2.85 2.88 2.89 2.89 2.92 2.94 2.94 2.94 2.97 2.97 2.98 2.99 3.00 3.02 3.01 3.01 3.02 3.03 3.03 3.03 3.01 3.01 3.00 3.01 3.03 3.07 3.05 3.02 2.98 2.95 2.91 3.49 3.38 3.16 3.43 3.46 3.50 3.78 3.92 3.97 4.01 3.65 3.54 3.53 3.54 3.54 3.53 3.51 3.50 3.50 3.50 3.48 3.47 3.39 3.15 3.04 3.00 2.96 2.95 3.23 3.22 3.22 3.22 3.22 3.23
2.84 2.87 2.89 2.86 2.84 2.91 2.86 2.80 2.92 3.01 2.96 2.76 3.01 3.02 3.00 2.96 2.90 2.88 2.86 2.84 2.82 2.83 2.84 2.86 2.88 2.91 2.92 2.94 2.97 2.96 2.99 2.99 3.00 2.99 3.00 2.97 2.98 2.96 2.97 2.97 2.97 2.97 2.97 2.98 3.00 3.01 3.00 2.99 2.94 2.85 3.26 3.48 3.17 3.39 3.45 3.48 3.64 3.77 3.74 3.72 3.59 3.55 3.52 3.52 3.51 3.49 3.47 3.42 3.18 3.12 3.10 3.09 3.07 3.05 3.04 3.01 2.98 2.95 3.20 3.22 3.22 3.23 3.23 3.23
2.83 2.83 2.87 2.87 2.84 2.88 2.88 2.77 2.88 2.99 2.98 2.75 3.00 3.04 3.03 3.00 2.87 2.86 2.82 2.78 2.73 2.72 2.80 2.83 2.84 2.85 2.87 2.88 2.92 2.92 2.93 2.93 2.93 2.95 2.95 2.92 2.90 2.92 2.91 2.92 2.93 2.93 2.94 2.96 2.95 2.93 2.93 2.91 2.88 2.80 2.66 3.44 3.45 3.31 3.47 3.49 3.52 3.53 3.53 3.56 3.59 3.67 3.62 3.57 3.56 3.54 3.50 3.33 3.12 3.08 3.07 3.08 3.07 3.08 3.09 3.11 3.08 2.77 3.16 3.19 3.22 3.23 3.22 3.22
2.83 2.78 2.83 2.87 2.82 2.85 2.89 2.78 2.82 2.97 3.01 2.74 2.74 2.98 2.99 2.96 2.67 2.45 2.43 2.30 2.25 2.39 2.77 2.79 2.81 2.83 2.83 2.84 2.89 2.89 2.88 2.88 2.90 2.89 2.89 2.88 2.86 2.85 2.83 2.84 2.83 2.85 2.86 2.84 2.80 2.81 2.79 2.77 2.68 2.60 2.62 2.87 3.48 3.42 3.40 3.43 3.49 3.61 3.75 3.86 3.89 3.90 3.79 3.61 3.59 3.55 3.53 3.39 3.17 3.09 3.08 3.09 3.08 3.10 3.10 3.11 3.08 2.83 3.19 3.16 3.15 3.21 3.23 3.23
2.82 2.78 2.81 2.85 2.81 2.82 2.88 2.82 2.78 2.93 3.01 2.92 2.72 2.94 2.71 2.47 2.35 2.21 2.22 2.21 2.21 2.27 2.29 2.34 2.41 2.39 2.48 2.73 2.82 2.84 2.85 2.83 2.82 2.84 2.82 2.80 2.76 2.60 2.61 2.61 2.61 2.62 2.63 2.64 2.67 2.74 2.75 2.79 2.84 2.85 2.88 2.86 3.30 3.47 3.23 3.46 3.58 3.71 3.85 3.94 3.95 4.08 3.92 3.61 3.58 3.56 3.58 3.43 3.18 3.09 3.08 3.07 3.07 3.07 3.08 3.09 3.08 3.09 3.14 3.13 3.18 3.16 3.16 3.19
2.79 2.75 2.77 2.82 2.80 2.80 2.86 2.83 2.76 2.90 2.98 2.96 2.74 2.86 2.43 2.28 2.28 2.32 2.36 2.31 2.25 2.37 2.33 2.41 2.46 2.49 2.52 2.54 2.60 2.62 2.65 2.65 2.65 2.67 2.66 2.64 2.64 2.66 2.72 2.70 2.73 2.72 2.75 2.77 2.81 2.84 2.85 2.91 2.97 3.00 3.04 3.03 2.88 3.43 3.46 3.15 3.63 3.72 3.86 3.94 3.94 3.93 3.71 3.56 3.55 3.55 3.55 3.46 3.19 3.13 3.10 3.09 3.09 3.10 3.09 3.11 3.06 3.06 3.09 3.12 3.18 3.15 3.15 3.15
2.77 2.72 2.73 2.79 2.80 2.77 2.82 2.86 2.76 2.84 2.96 2.98 2.74 2.69 2.53 2.40 2.45 2.46 2.51 2.47 2.46 2.45 2.45 2.51 2.55 2.56 2.62 2.66 2.70 2.74 2.77 2.78 2.79 2.81 2.80 2.79 2.80 2.80 2.82 2.82 2.82 2.85 2.87 2.88 2.91 2.93 2.98 3.00 3.04 3.07 3.07 3.08 2.98 2.94 3.45 3.38 3.23 3.73 3.81 3.86 3.86 3.87 3.56 3.55 3.54 3.52 3.50 3.40 3.15 3.09 3.09 3.08 3.07 3.07 3.07 3.07 2.89 3.08 3.02 3.09 3.20 3.18 3.17 3.16
2.76 2.72 2.70 2.76 2.81 2.76 2.78 2.85 2.76 2.76 2.92 2.99 2.87 2.62 2.60 2.57 2.57 2.58 2.61 2.62 2.64 2.63 2.65 2.68 2.72 2.74 2.74 2.77 2.78 2.81 2.82 2.84 2.86 2.87 2.89 2.89 2.88 2.88 2.90 2.90 2.92 2.94 2.95 2.96 2.97 2.98 3.01 3.04 3.05 3.08 3.14 3.16 3.13 2.96 3.34 3.44 3.39 3.44 3.48 3.49 3.49 3.47 3.45 3.39 3.37 3.30 3.25 3.22 3.10 3.06 3.07 3.03 3.01 3.00 3.00 3.01 2.87 3.06 3.04 3.04 3.03 3.06 3.19 3.20
2.76 2.72 2.68 2.76 2.80 2.77 2.77 2.83 2.79 2.74 2.88 2.98 2.94 2.66 2.68 2.67 2.68 2.72 2.73 2.73 2.75 2.77 2.77 2.78 2.82 2.82 2.80 2.84 2.85 2.87 2.87 2.90 2.93 2.93 2.94 2.94 2.95 2.93 2.94 2.95 2.97 2.99 2.97 2.98 2.98 3.01 3.05 3.08 3.09 3.14 3.19 3.23 3.28 3.34 3.38 3.41 3.44 3.44 3.46 3.37 3.29 3.29 3.26 3.25 3.25 3.18 3.11 3.08 3.06 3.04 3.06 3.03 3.02 3.02 3.01 3.02 2.88 3.05 3.06 3.05 3.03 3.03 3.05 3.06
2.76 2.72 2.69 2.72 2.78 2.78 2.75 2.82 2.81 2.74 2.85 2.98 2.96 2.69 2.71 2.73 2.79 2.83 2.84 2.84 2.86 2.87 2.88 2.87 2.89 2.89 2.87 2.88 2.89 2.88 2.88 2.90 2.94 2.93 2.93 2.92 2.90 2.91 2.94 2.98 2.98 2.99 3.00 3.06 3.10 3.10 3.14 3.17 3.15 3.17 3.43 3.49 3.49 3.43 3.41 3.40 3.43 3.44 3.05 3.14 3.16 3.17 3.21 3.24 3.25 3.18 3.11 3.08 3.07 3.07 3.04 3.05 3.05 3.04 3.02 3.03 2.99 3.06 3.08 3.07 3.05 3.04 3.06 3.06
2.78 2.73 2.68 2.68 2.77 2.80 2.76 2.80 2.84 2.75 2.79 2.95 2.99 2.76 2.68 2.75 2.81 2.86 2.88 2.87 2.87 2.88 2.89 2.89 2.87 2.87 2.87 2.90 2.88 2.86 2.88 2.89 2.93 2.94 2.96 2.96 2.95 2.98 3.07 3.09 3.12 3.16 3.20 3.23 3.24 3.28 3.35 3.39 3.40 3.39 3.44 3.44 3.45 3.47 3.46 3.25 2.96 3.43 3.35 2.94 3.09 3.09 3.13 3.20 3.20 3.15 3.13 3.12 3.09 3.14 3.12 3.11 3.08 3.07 3.03 3.02 3.10 3.11 3.12 3.10 3.10 3.10 3.09 3.08
2.79 2.75 2.71 2.68 2.75 2.80 2.76 2.76 2.83 2.76 2.73 2.91 3.00 2.92 2.64 2.71 2.77 2.84 2.86 2.90 2.89 2.89 2.90 2.92 2.93 2.93 2.95 2.96 2.96 2.95 2.97 3.00 3.01 3.02 3.00 3.02 3.07 3.10 3.16 3.25 3.31 3.36 3.38 3.38 3.39 3.40 3.42 3.43 3.44 3.49 3.52 3.47 3.50 3.51 3.40 3.24 2.70 3.07 3.45 3.15 3.02 3.10 3.15 3.20 3.21 3.24 3.23 3.21 3.19 3.21 3.19 3.17 3.15 3.11 3.05 2.97 3.19 3.17 3.15 3.13 3.12 3.12 3.12 3.11
2.79 2.78 2.74 2.69 2.74 2.80 2.78 2.76 2.82 2.81 2.71 2.85 3.00 2.96 2.63 2.65 2.77 2.85 2.90 2.92 2.93 2.94 2.94 2.96 2.97 2.97 2.98 2.99 2.98 2.98 2.98 3.00 3.04 3.09 3.19 3.24 3.32 3.35 3.37 3.39 3.40 3.40 3.41 3.42 3.44 3.45 3.46 3.46 3.46 3.55 3.60 3.53 3.54 3.52 3.38 3.31 3.15 2.78 3.27 3.45 3.02 3.07 3.21 3.25 3.28 3.29 3.30 3.29 3.28 3.25 3.23 3.20 3.18 3.15 3.09 2.96 3.17 3.18 3.18 3.14 3.11 3.12 3.12 3.12
2.80 2.80 2.77 2.73 2.74 2.79 2.80 2.76 2.81 2.85 2.73 2.79 2.98 2.99 2.69 2.65 2.78 2.89 2.95 2.96 2.95 2.96 2.96 2.95 2.95 2.97 2.96 2.98 2.99 2.98 3.00 3.03 3.08 3.29 3.34 3.36 3.37 3.38 3.40 3.41 3.42 3.42 3.43 3.44 3.45 3.45 3.46 3.48 3.52 3.57 3.61 3.61 3.52 3.48 3.36 3.29 3.26 3.03 2.55 3.40 3.43 3.03 3.15 3.28 3.30 3.33 3.35 3.35 3.37 3.35 3.35 3.29 3.27 3.24 3.24 3.15 3.14 3.13 3.18 3.17 3.16 3.13 3.12 3.12
2.80 2.81 2.79 2.75 2.74 2.79 2.81 2.78 2.79 2.85 2.76 2.74 2.94 3.01 2.89 2.66 2.78 2.91 2.96 2.94 2.95 2.97 2.98 2.99 2.97 2.98 2.96 2.96 2.95 2.98 3.01 3.01 3.11 3.31 3.38 3.41 3.40 3.40 3.41 3.41 3.42 3.43 3.43 3.44 3.44 3.45 3.46 3.47 3.51 3.53 3.58 3.51 3.46 3.45 3.33 3.22 3.15 3.10 3.00 3.32 3.44 3.34 3.13 3.30 3.35 3.38 3.39 3.42 3.50 3.45 3.42 3.40 3.40 3.38 3.31 3.17 3.13 3.13 3.15 3.17 3.18 3.19 3.14 3.10
2.81 2.83 2.81 2.78 2.74 2.78 2.81 2.79 2.79 2.85 2.80 2.72 2.89 3.01 2.95 2.65 2.77 2.92 2.90 2.98 2.97 2.98 2.97 2.96 2.94 2.95 2.94 2.94 2.94 2.94 2.96 2.96 3.05 3.26 3.38 3.41 3.41 3.41 3.41 3.41 3.42 3.42 3.41 3.35 3.27 3.20 3.14 3.25 3.36 3.49 3.49 3.46 3.36 3.28 3.16 3.11 3.19 3.19 3.32 3.43 3.45 3.42 3.25 3.31 3.41 3.44 3.53 3.55 3.53 3.52 3.48 3.44 3.40 3.36 3.24 3.15 3.12 3.13 3.18 3.19 3.17 3.17 3.14 3.11
2.80 2.82 2.82 2.79 2.74 2.77 2.80 2.79 2.78 2.84 2.85 2.72 2.82 3.00 2.97 2.66 2.70 2.81 2.89 2.94 2.98 2.99 2.97 2.98 2.99 2.98 2.97 3.01 3.02 3.00 2.98 2.98 3.03 3.13 3.35 3.40 3.40 3.40 3.36 3.29 3.20 3.13 3.10 3.10 3.11 3.12 3.12 3.13 3.14 3.30 3.42 3.29 3.20 3.14 3.12 3.35 3.35 3.39 3.44 3.42 3.45 3.43 3.45 3.34 3.44 3.49 3.52 3.54 3.51 3.52 3.50 3.48 3.44 3.35 3.21 3.13 3.10 3.15 3.21 3.22 3.20 3.15 3.14 3.10
2.81 2.81 2.83 2.80 2.76 2.75 2.79 2.79 2.77 2.80 2.87 2.74 2.77 2.98 3.00 2.77 2.68 2.83 2.92 2.97 3.02 3.02 3.00 3.00 3.02 3.03 3.06 3.06 3.04 3.04 3.04 3.06 3.07 3.11 3.33 3.40 3.36 3.26 3.17 3.14 3.13 3.11 3.10 3.09 3.10 3.10 3.10 3.11 3.13 3.19 3.19 3.19 3.18 3.18 3.25 3.30 3.36 3.40 3.40 3.42 3.49 3.45 3.46 3.45 3.43 3.45 3.48 3.51 3.53 3.52 3.52 3.50 3.43 3.31 3.21 3.16 3.15 3.17 3.20 3.23 3.23 3.20 3.18 3.13
2.79 2.79 2.82 2.82 2.78 2.73 2.78 2.79 2.77 2.80 2.87 2.78 2.74 2.92 3.02 2.91 2.72 2.88 2.91 2.95 3.00 3.01 3.03 3.04 3.05 3.05 3.04 3.02 3.00 3.02 3.03 3.02 3.02 3.02 3.35 3.45 3.33 3.23 3.17 3.14 3.13 3.10 3.07 3.06 3.06 3.07 3.05 3.09 3.12 3.15 3.17 3.18 3.18 3.19 3.20 3.24 3.25 3.28 3.27 3.27 3.28 3.34 3.39 3.50 3.36 3.45 3.58 3.68 3.69 3.72 3.67 3.60 3.46 3.30 3.19 3.16 3.18 3.20 3.21 3.24 3.23 3.21 3.19 3.10
2.75 2.79 2.79 2.81 2.78 2.74 2.77 2.79 2.78 2.79 2.85 2.83 2.73 2.87 3.04 2.97 2.75 2.89 2.89 2.95 3.00 3.00 3.01 3.01 2.99 2.98 2.95 2.95 2.97 2.97 2.98 2.97 2.98 2.97 3.24 3.42 3.22 3.17 3.14 3.08 3.02 3.03 3.05 3.05 3.08 3.08 3.09 3.09 3.10 3.13 3.16 3.16 3.13 3.15 3.13 3.13 3.17 3.19 3.21 3.21 3.21 3.25 3.25 3.43 3.51 3.26 3.54 3.66 3.69 3.71 3.69 3.64 3.48 3.26 3.17 3.16 3.18 3.20 3.22 3.24 3.25 3.24 3.23 3.19
2.73 2.78 2.78 2.81 2.78 2.74 2.75 2.80 2.79 2.78 2.83 2.85 2.74 2.82 3.02 3.01 2.75 2.83 2.85 2.93 2.97 2.97 2.96 2.92 2.89 2.88 2.86 2.93 2.97 2.94 2.95 2.93 2.94 3.00 3.07 3.08 3.03 3.02 3.02 2.99 3.00 3.03 3.05 3.06 3.08 3.08 3.08 3.10 3.15 3.15 3.13 3.08 3.05 3.06 3.07 3.06 3.05 2.93 3.04 3.08 2.95 2.90 2.84 2.75 3.50 3.45 3.40 3.61 3.67 3.71 3.70 3.66 3.52 3.25 3.18 3.14 3.17 3.19 3.20 3.20 3.22 3.24 3.25 3.23
2.70 2.77 2.76 2.79 2.79 2.76 2.75 2.80 2.79 2.79 2.82 2.86 2.77 2.76 2.98 3.03 2.90 2.74 2.83 2.88 2.93 2.97 2.98 2.96 2.93 2.92 2.90 2.94 2.99 2.94 2.92 2.92 2.95 2.97 2.97 2.99 3.00 3.00 3.00 2.99 3.01 3.02 3.05 3.05 3.07 3.04 3.08 3.13 3.16 2.99 2.85 2.87 2.92 2.95 3.01 3.09 3.05 3.21 3.20 3.18 3.18 3.22 3.28 2.87 3.18 3.53 3.31 3.54 3.66 3.71 3.70 3.67 3.60 3.30 3.22 3.15 3.12 3.17 3.18 3.18 3.20 3.22 3.23 3.23
2.65 2.74 2.75 2.77 2.79 2.77 2.74 2.80 2.80 2.79 2.80 2.87 2.80 2.74 2.92 3.04 2.98 2.73 2.95 3.02 3.06 2.99 3.01 3.02 2.98 2.96 2.93 2.92 2.93 2.94 2.93 2.93 2.94 2.95 2.95 2.95 2.95 2.95 2.96 2.97 3.00 3.00 2.99 2.89 2.81 2.86 2.85 2.91 3.00 3.07 3.09 3.08 3.07 3.12 3.17 3.18 3.17 3.17 3.17 3.15 3.19 3.24 3.31 3.31 2.73 3.51 3.51 3.37 3.63 3.70 3.70 3.69 3.68 3.36 3.27 3.19 3.13 3.11 3.15 3.17 3.19 3.22 3.22 3.22
2.63 2.72 2.75 2.74 2.78 2.77 2.74 2.80 2.80 2.81 2.80 2.85 2.84 2.75 2.88 3.03 3.01 2.77 3.04 3.10 3.09 3.13 3.21 3.97 3.31 3.53 2.99 2.93 2.94 2.92 2.90 2.89 2.92 2.91 2.87 2.86 2.86 2.84 2.86 3.02 3.10 3.11 3.13 3.07 2.81 3.04 3.04 3.06 3.06 3.07 3.06 3.05 3.04 3.09 3.08 3.06 3.07 3.12 3.16 3.19 3.22 3.24 3.32 3.36 3.36 3.56 3.52 3.37 3.56 3.68 3.73 3.75 3.69 3.62 3.42 3.25 3.17 3.11 3.11 3.14 3.22 3.24 3.26 3.25
2.65 2.70 2.76 2.75 2.78 2.77 2.74 2.77 2.80 2.82 2.80 2.85 2.88 2.77 2.82 2.99 3.02 2.80 2.93 3.15 3.21 3.13 3.10 3.04 2.90 2.85 2.82 2.83 2.84 2.83 2.91 2.96 2.98 2.99 2.99 2.99 3.01 3.00 3.03 3.06 3.08 3.10 3.13 3.09 2.90 3.05 3.02 3.03 3.02 3.02 3.03 3.05 3.06 3.07 3.10 3.06 3.05 3.10 3.25 3.54 3.55 3.28 3.29 3.33 3.31 3.49 3.49 3.48 3.15 3.60 3.69 3.68 3.66 3.59 3.52 3.43 3.22 3.16 3.13 3.14 3.20 3.23 3.28 3.29
2.69 2.65 2.74 2.75 2.77 2.76 2.73 2.76 2.81 2.82 2.78 2.81 2.87 2.81 2.79 2.96 3.01 2.89 2.71 2.83 2.88 2.89 2.93 2.93 2.93 2.94 2.94 2.92 2.95 2.94 2.96 2.98 3.00 3.01 3.00 3.00 3.01 3.02 3.03 3.05 3.08 3.09 3.10 3.11 3.04 3.09 3.06 3.06 3.06 3.07 3.06 3.06 3.07 3.06 3.06 3.05 3.05 3.04 3.07 3.10 3.52 3.30 3.35 3.38 3.35 3.31 3.02 3.49 3.16 3.47 3.60 3.60 3.61 3.58 3.54 3.50 3.37 3.22 3.15 3.11 3.15 3.21 3.24 3.27
2.75 2.65 2.73 2.76 2.76 2.76 2.75 2.73 2.80 2.80 2.78 2.79 2.86 2.83 2.77 2.90 3.00 2.95 2.72 2.87 2.89 2.93 2.97 2.98 2.96 2.98 2.98 2.96 2.96 2.94 2.93 2.96 2.98 2.99 2.99 2.98 2.99 3.00 3.01 3.03 3.05 3.05 3.05 3.10 3.05 3.02 3.08 3.06 3.09 3.11 3.11 3.14 3.18 3.19 3.16 3.14 3.11 3.09 3.09 3.13 3.55 3.78 3.79 3.45 3.42 3.36 3.20 3.48 3.44 3.12 3.50 3.57 3.58 3.57 3.55 3.55 3.51 3.30 3.19 3.14 3.12 3.19 3.20 3.23
2.79 2.67 2.74 2.78 2.76 2.77 2.76 2.74 2.78 2.79 2.80 2.77 2.83 2.84 2.76 2.82 2.97 2.97 2.77 2.91 2.91 2.93 2.95 2.96 2.97 2.97 2.94 2.93 2.91 2.89 2.89 2.92 2.95 2.96 2.95 2.97 2.97 2.98 3.00 3.01 3.03 3.03 3.05 3.08 3.05 2.84 3.09 3.10 3.15 3.20 3.25 3.25 3.23 3.25 3.20 3.19 3.24 3.27 3.26 3.29 3.48 3.77 3.80 3.76 3.50 3.46 3.39 3.40 3.48 3.17 3.36 3.51 3.56 3.57 3.57 3.54 3.55 3.41 3.31 3.20 3.15 3.14 3.18 3.19
