1d2d/test/DeltaShell.Plugins.FMSuite.FlowFM.Tests/test-data/RasterImport/dem319x324_ref_dike.asc
ncols         319
nrows         324
xllcorner     220584.859
yllcorner     795339.977
cellsize      100
nodata_value -999
[rows 99 to 131 of 324, columns 0 to 73 of 319]
-999 -999 7.0035 7.4526 7.6766 7.6657 8.0697 8.2626 8.1041 8.0081 8.2982 8 7.1353 6.6289 6.2847 6.1665 6 5.6839 5.3536 4.9477 4.8167 5.1365 4.7355 5 4.9411 5 4.671 4.7169 4.618 4.3676 4.487 4.6702 4.5825 4.6492 4.6148 4.6024 4.0714 4.8624 4.8021 6 4.9672 4.477 5.334 5.1649 6.0404 4.2441 4 3.9725 3.4329 4 4.403 4.0519 2.9917 2.307 2.8398 2.7795 2.6527 3.1735 2.969 2.943 3.0373 3.1188 3.1 3.381 3.603 3.3679 3.3877 4 2.4715 4.7426 4.2031 2.7768 2.5 2.3223
-999 -999 7.1358 7.6446 8.8789 8.1797 8.1939 8.0289 8 8.0796 8.484 8 7.1385 7.016 7 6.2158 6.138 6.1856 5.8114 5.2927 5.1776 4.9936 5.1345 5.5243 5 5.1687 5.1635 5.0468 4.7382 4.0162 4.8239 4.7154 4.5436 4.6163 4.7 4.4308 4.1851 5 5.4605 5.1359 4.3881 4.3318 5.0077 6.0239 6.1781 5.6667 4.6133 4 3.878 3.7441 4.05 3.0316 2.5172 2.696 2.6999 2.8943 2.7024 3.049 3.1229 3.015 3.0409 3.1 3.3853 3.6141 3.5394 3.292 3.2772 3.9148 2.9188 4.4997 3.3797 2.1806 2.7285 3.0257
-999 -999 -999 7.7165 9.2047 8.4567 7.8483 7.811 7.4091 7.2596 8.3319 8.2424 7.0889 6.8692 6.608 6.3584 6.09 6.0976 6.1127 5.5819 5.6381 5.5874 5.7604 5.8044 5.2326 5.2842 5.3579 5.0374 4.2136 4.1548 4.8715 4.7566 4.5258 4.5188 4.6637 4.3956 4.3494 5 5 4.8789 4.3606 4.9568 6.4577 6.0532 6.1088 6.097 4.9635 4.8958 4.9911 3.8125 3 3.0603 2.9212 2.7391 2.1717 2.1778 2.8292 3.0906 3.1918 3.1914 3.1053 3.1196 3.8012 4.5713 3.9726 3.5307 3.9017 3 3 3.5144 3.4661 3.1716 3.9653 3.2082
-999 -999 -999 8.1032 9.2793 9.1481 7.9228 8.471 8.5624 7.4643 6.9107 16.3947 7.201 7.2476 7.0867 6.9389 5.8839 5.8934 5.9618 5.8859 5.9964 5.7578 5.9078 5.982 5.7431 5.527 5.3208 5.3802 5.0527 4.8921 4.9507 4.9574 4.4478 4.5038 4.6541 4.4621 4.4162 5 4.9195 4.8675 5.2569 5.6553 5.1 5.6886 6 6.1165 5.6248 4.7329 4.2627 3.5229 3.0313 3.0971 4.6917 3.8739 3.2204 2.8082 3.0549 3.1139 3.2555 3.3949 3.2894 3.4487 4.8236 5.0326 4.4716 3.8291 3.9537 3 2.8317 3.102 3.0234 3.3047 3.4922 3.2639
-999 -999 -999 -999 -999 -999 8.1784 8.279 8.3676 8.1072 7.0116 9.4647 7.8452 7.1511 6.8357 6.7552 6.2614 6.1 6.1246 5.9273 5.8732 5.6396 5.8808 6 5.5858 5.4115 5.2191 4.1422 5.2966 5.1881 5.1122 5.0774 5 4.5244 4.3607 5.0384 5.2403 3.9917 4.1538 5.6294 6.4401 6.3629 5.1762 5.9022 6.1495 5.1133 6.7054 4.834 4.1575 3.9167 2.9708 4.8436 7 3.986 4.8373 5.0917 3.2121 3.3481 3.673 3.6115 4.121 4.2769 4.6618 4.2692 4.4826 3.5156 3.9789 3.4092 3.5867 4.2368 4 3.4454 3.7 3.2462
-999 -999 -999 -999 -999 -999 8.6026 8.6788 8.2831 8 8.2686 7.781 6.8277 7.2967 6.7659 7.8188 6.219 6.283 6.0675 6.0667 6.0675 5.7168 6 5.727 5.0951 5.2602 5 5.186 5.0675 5.2533 5 5.0533 4.9859 4.1635 5.8252 6.3044 6.314 4.3991 4.4769 5.8319 6.3058 6.7142 6.2786 7.6063 6.3866 5.0461 5.9463 5.4042 3.5957 3.1571 3.1248 3.3693 7 6.4924 5.9765 6.0483 3.9393 4.0328 4.0449 4.2802 4.3117 4.3845 4.4764 4.5428 4.6309 3.4224 3.7929 3.7204 4.1259 4.4293 2.4638 4.1384 3.1555 3.5598
-999 -999 -999 -999 -999 -999 -999 -999 8.8693 8.2377 -999 -999 7.2639 7 6.7698 6.8543 6.451 6.4654 6.0052 6.3589 6.1814 6.0498 6.3161 5.9114 5.127 5.6214 5.4815 5.3397 5.1218 5.3103 5.3595 4.8901 4.4517 4.5196 6.0079 6.2999 6.3534 4.9949 4.6717 6.0811 6.2 6.3393 7.888 8.3788 5.6156 5.1363 6.2853 3.7732 3.6365 3.2144 4 4.037 4.3898 3.9811 4.2097 5.1142 5.5265 4.3108 4.0327 4.2196 3.6129 4.0926 4.4601 4.7898 4.7447 3.6341 3.8832 4.2852 5.024 5 4 4.1791 4.0942 3.5744
-999 -999 -999 -999 -999 -999 -999 -999 -999 -999 -999 -999 -999 -999 6.6688 6.6335 6.2474 6.0707 6.8157 7.0277 6.4252 6.4665 6.0223 4.2988 3.9161 3.788 4.9705 5.3511 5.2512 5.4539 5.411 5.5086 5.3279 4.8182 6 6.941 6.2362 5.0384 5.2588 6.1579 6.1922 6.3187 7.9191 6 5.6418 5.8148 3.8242 4.4772 3.914 3.6058 6.1846 5.5928 4 3.836 3.5121 3.9774 6 4.5775 3.9902 3.1572 3.4962 3.807 4.6463 2.8944 2.5338 4.1467 3.6406 4.4931 5.0765 4.9473 3.4048 4.207 4.0923 4.1379
-999 -999 -999 -999 -999 -999 -999 -999 -999 -999 -999 -999 -999 -999 -999 -999 -999 -999 8.1477 6.9847 6.5267 6.907 5.879 4.0832 3.9354 3.7537 5.4856 5.4258 5.067 5.5896 5.2405 5.0391 4.7614 6.0825 6.5923 7 6.1274 6.1553 6.3245 6.5061 6.2659 6.0618 8.1364 6.0991 5.6481 6 3.6897 5 3.8816 4 7.178 4 4.4743 3.7901 3.7853 4.7624 5.0098 4.3688 3.8959 3.9769 3.475 3.7525 4.2366 4.1536 4.9548 3.3817 3.3467 3.9084 5.1408 4.3739 4.0346 4 4.0504 4.6582
-999 -999 -999 -999 -999 -999 -999 -999 -999 -999 -999 -999 -999 -999 -999 -999 -999 -999 -999 -999 7.2282 7.1202 5.4765 4.2436 4.1198 4.4262 4.9355 5.1321 5.0612 5.8826 6 5.4823 5.0522 7.0627 6.9562 6.4163 6.2437 7.2819 6.5905 6.2331 6.132 6.493 6.3114 6.7992 4.6895 3.7983 4.1566 7 3.9249 4 6.7547 4.8954 4.198 4.4522 5.2267 5 4.193 3.4152 3.5803 3.9348 3.0438 3.9338 4.7053 5.0315 5.0051 3.3006 3.2146 4.5153 5.5708 4.5867 4.241 4.2619 4.0105 4.5158
-999 -999 -999 -999 -999 -999 -999 -999 -999 -999 -999 -999 -999 -999 -999 -999 -999 -999 -999 -999 -999 -999 -999 4.7117 5.0181 5.3246 5.631 5.8422 5.1555 5.3048 5.4503 5.2873 5.0085 7.4995 9.0422 6.9934 7.3526 7 6.3891 6.0122 7.7021 6.1164 5.5941 6.395 3.9925 3.9102 4.9742 5.8596 3.9646 3.9763 7.1795 4.3776 4.5036 5.1879 5.3448 5 5 3.7173 3.8575 4 3.6815 4.4533 4.6853 4.9922 4.8815 3.0896 4.6958 4.7397 5.0794 5.2885 4.4682 4.0587 4.2863 4.4171
-999 -999 -999 -999 -999 -999 -999 -999 -999 -999 -999 -999 -999 -999 -999 -999 -999 -999 -999 -999 -999 -999 -999 -999 -999 -999 5.96 6.0484 5.6843 5.933 6 5.4697 5 8 8 6.4492 6.9202 6.905 6.2047 8.1633 7.7106 5.693 5.2089 4.3793 4.5485 5.1179 4.9971 4.7739 3.8979 3.9303 5.1817 3.7756 3.8596 5.2997 4.4174 5 4.9493 4 3.9771 4 3.7707 4.4394 4.4558 4.3506 4.5403 3.8145 3.8142 4.5908 4.7227 4.9321 4.7318 3.2191 4.3924 4.3261
-999 -999 -999 -999 -999 -999 -999 -999 -999 -999 -999 -999 -999 -999 -999 -999 -999 -999 -999 -999 -999 -999 -999 -999 -999 -999 -999 -999 5.9928 6 6 5.5924 5 8 6.4995 6.7374 6.819 6.6215 6.4783 6.5152 6.1514 5.3776 4.7211 4.5898 3.8018 5.5497 5.2792 5.8386 4.6211 4.1505 6.8482 4.4954 10.8584 4.0815 4.3247 8.4344 6.7036 4 4.0567 3.7636 4.2674 4.6994 4.0591 4.3744 4.406 4.5241 4 4.9 4.6934 4.5944 4.7772 5.0049 5.3031 5.3264
-999 -999 -999 -999 -999 -999 -999 -999 -999 -999 -999 -999 -999 -999 -999 -999 -999 -999 -999 -999 -999 -999 -999 -999 -999 -999 -999 -999 -999 -999 -999 5.4905 5.4185 5.9494 6.1794 6.253 6.4886 6.4907 6.559 6.4763 6.9163 5.7702 5.2952 4.3639 4.8748 5.6279 5.5749 5 5.8818 5.9492 7.0071 3.9839 4.0175 6 4.2016 4.8139 4.9616 4 4.0433 4.0096 4 4 4.1465 4.4672 4.4171 4.4 4.2347 4.1257 4.1257 4.6412 4.7161 5.2085 5.5945 5.796
-999 -999 -999 -999 -999 -999 -999 -999 -999 -999 -999 -999 -999 -999 -999 -999 -999 -999 -999 -999 -999 -999 -999 -999 -999 -999 -999 -999 -999 -999 -999 -999 -999 -999 6.1225 6.174 6.4565 6.9059 6.959 7 7.2543 5.5575 4.6921 4.8295 4.7318 5.7624 7.082 5.4225 5.9555 6.4006 8.0303 3.9476 3.9 4.833 5.9643 5.3558 4.5922 4.4995 4.6 4.4687 3.7597 4.0085 4.0179 4.5478 4.5645 4.2446 3.8329 4.202 4.4335 4.6809 4.7323 5.0282 5.5025 5.4912
-999 -999 -999 -999 -999 -999 -999 -999 -999 -999 -999 -999 -999 -999 -999 -999 -999 -999 -999 -999 -999 -999 -999 -999 -999 -999 -999 -999 -999 -999 -999 -999 -999 -999 -999 -999 7.0104 7.2842 7.5665 7.4049 7.2933 5 4.6758 3.3639 4.7935 6.236 8.5015 5.8967 5 5.4251 7.9898 3.9675 3.9 4.393 7 7.4818 4.956 4.2414 4.0976 4.2262 4 4.5782 4.6033 4.7 4.721 4.7183 5.1192 4.7201 4.7946 4.8777 4.7944 5.0053 5.2085 5.7
-999 -999 -999 -999 -999 -999 -999 -999 -999 -999 -999 -999 -999 -999 -999 -999 -999 -999 -999 -999 -999 -999 -999 -999 -999 -999 -999 -999 -999 -999 -999 -999 -999 -999 -999 -999 -999 -999 -999 7.0967 6.1602 5.1108 5.5811 5.0641 5.1025 7.5399 11.1749 8.499 5.2151 4.4146 5.6673 4.8628 4.9172 5.9832 7.5488 6.3342 4.6819 4.0673 3.3382 3.4426 4.0603 4.6524 4.7319 4.7624 4.7307 4.7 5.0455 5.1619 5.2397 5.3806 5.3748 5.2255 5.209 5.6058
-999 -999 -999 -999 -999 -999 -999 -999 -999 -999 -999 -999 -999 -999 -999 -999 -999 -999 -999 -999 -999 -999 -999 -999 -999 -999 -999 -999 -999 -999 -999 -999 -999 -999 -999 -999 -999 -999 -999 -999 -999 -999 -999 5.807 5.627 8.6915 7.7655 5.8009 5.1777 5 5.1 5.1808 4.7954 4.8934 4.5619 4.868 4 3.779 3.2704 2.9926 4.1594 4.4538 4.5443 4.7773 4.8544 4.877 4.5194 5.0853 5.3626 5.2511 5.4623 5.3986 5.3104 5.3699
-999 -999 -999 -999 -999 -999 -999 -999 -999 -999 -999 -999 -999 -999 -999 -999 -999 -999 -999 -999 -999 -999 -999 -999 -999 -999 -999 -999 -999 -999 -999 -999 -999 -999 -999 -999 -999 -999 -999 -999 5.6433 7.1797 7.0277 7.0788 6.8866 7.3251 4.9262 5.1872 3.8679 6 4.8871 4.6309 4.1126 3.9481 3.8238 3.7152 3.9024 3.7077 3.6036 3.4236 4.1342 4.5098 4.3888 4.5534 4.7205 4.6698 5 5.0482 5.3016 5.4068 5.5706 5.0358 5.4172 5.9533
-999 -999 -999 -999 -999 -999 -999 -999 -999 -999 -999 -999 -999 -999 -999 -999 -999 -999 -999 -999 -999 -999 -999 -999 -999 -999 -999 -999 -999 -999 -999 -999 -999 -999 -999 -999 -999 -999 6 6.1629 7.0578 7.2364 6.8748 6.5204 7.1081 8.4135 5 5 3.085 5.1502 5 4.3922 4.5389 4 3.9759 3.6783 3.9421 3.9477 4 3.1708 4 4 4.0648 4.5378 1.5755 1.3746 4.6756 5.057 5.3466 5.5401 5.775 5.5964 5.6494 5.9262
-999 -999 -999 -999 -999 -999 -999 -999 -999 -999 -999 -999 -999 -999 -999 -999 -999 -999 -999 -999 -999 -999 -999 -999 -999 -999 -999 -999 -999 -999 -999 -999 -999 -999 -999 5.0441 5.4631 6.5767 6.6428 6.9714 6.9923 7.8309 7 6.7228 7.8292 8.3581 5.6325 5.1869 6.3016 5 6 4.6755 4.6352 5.12 4 3.6943 2.93 3.4133 4.4421 4.1539 4.7899 6 4.9938 5 1.8059 1.1226 4.8366 5 5.2367 5.3982 5.6158 5.6607 5.5082 5.7087
-999 -999 -999 -999 -999 -999 -999 -999 -999 -999 -999 -999 -999 -999 -999 -999 -999 -999 -999 -999 -999 -999 -999 -999 -999 -999 -999 -999 -999 -999 -999 -999 -999 -999 -999 5.2757 6.6322 6.111 7.0042 8.1489 8.1002 9.2243 7.4339 7.4161 8.5413 8.5368 5.3398 5.2366 5.1316 6.5443 5.5051 6 5.1891 5.1998 4.981 3.7041 3.7432 4.1095 4.483 5.0371 6 6.8884 5 4.9914 5.1747 4.2683 4.6564 4.5524 5.5798 5.9553 5.9004 6.3788 6.1663 6.3055
-999 -999 -999 -999 -999 -999 -999 -999 -999 -999 -999 -999 -999 -999 -999 -999 -999 -999 -999 -999 -999 -999 -999 -999 -999 -999 -999 -999 -999 -999 -999 -999 -999 -999 5.4824 5.7211 6.9076 6.7246 8.6531 10 10.47 10.1536 8.4624 7.3886 7.6814 9.1423 5.6926 5.4637 5.3523 7.5061 5.4554 5.3656 5.6735 4.9802 4.2806 4.1668 4.3214 4.6811 4.5632 4.9817 6.6338 7.4515 6.0062 5 4.8471 4.8474 3.7411 5.5514 5.9191 6 6.0974 6.1114 6.1422 6.3054
-999 -999 -999 -999 -999 -999 -999 -999 -999 -999 -999 -999 -999 -999 -999 -999 -999 -999 -999 -999 -999 -999 -999 -999 -999 -999 -999 -999 -999 -999 -999 -999 7.3544 7.2866 6.2445 6.1881 6.4071 6.2262 7.8532 8.9583 10.0893 10 10.0577 8.8567 7 6.1564 5.9159 5.776 5.0359 7.3238 5.6459 5.4604 5.3345 5.4524 5.8394 4.5111 5.2414 4.717 5.174 5.3624 6.199 7.3906 11 5.9589 4.9925 5.5923 4.42 5.3265 5.481 6 6.0933 5.9386 5.8205 6.0374
-999 -999 -999 -999 -999 -999 -999 -999 -999 -999 -999 -999 -999 -999 -999 -999 -999 -999 -999 -999 -999 -999 -999 -999 -999 -999 -999 -999 -999 -999 -999 6.5143 8.3115 8.1571 6.7014 6.2077 6.3044 7.8097 10.236 7.0409 -999 -999 10.9266 10.3966 7.2459 5.8155 6.9988 7.2395 6.9404 6.1061 7.1138 7 7 7 6 6.0198 6.2641 6.2191 6.9827 6.8488 6 6.393 11.5135 7.7953 7.5072 7.4541 4.9238 5 5.7015 5.8891 5.8814 5.9788 6 6
-999 -999 -999 -999 -999 -999 -999 -999 -999 -999 -999 -999 -999 -999 -999 -999 -999 -999 -999 -999 -999 -999 -999 -999 -999 -999 -999 -999 -999 -999 -999 -999 -999 -999 -999 -999 -999 -999 -999 -999 -999 -999 -999 10.5398 7 6.4942 10.6928 11.1458 11 10 7.7217 8.4594 7.9562 6.1097 6.5765 6.2634 5.62 5.852 5.7866 5.7553 5.7075 6 11 7.6893 5.0304 5.0412 4.42 4.9495 5.3659 5.8818 6 6.0847 6.1947 6.3479
-999 -999 -999 -999 -999 -999 -999 -999 -999 -999 -999 -999 -999 -999 -999 -999 -999 -999 -999 -999 -999 -999 -999 -999 -999 -999 -999 -999 -999 -999 -999 -999 -999 -999 -999 -999 -999 -999 -999 -999 -999 -999 -999 10.7512 8.8139 6.9022 11 10.7039 9.0173 8.9128 8.0983 10 7.2189 6.953 6.3531 5.9826 5.2819 5.7693 5.9566 6.1758 6.3675 5.9912 8 7.0024 4.9066 5.4103 4.1712 5 5.3749 5.8774 6.0003 6.261 6.733 7.2388
-999 -999 -999 -999 -999 -999 -999 -999 -999 -999 -999 -999 -999 -999 -999 -999 -999 -999 -999 -999 -999 -999 -999 -999 -999 -999 -999 -999 -999 -999 -999 -999 -999 -999 -999 -999 -999 -999 -999 -999 -999 -999 -999 11 7.9362 7.7931 9.186 10.8637 8 7.9291 10.1289 10 6.5798 5.8103 6.6175 6.1573 5.445 5.3649 5.9332 6.1234 5.9605 6.2432 8.6055 8.347 6.2239 5.4412 5.2302 5.1059 5.4948 6.0034 6.4913 6.5643 6.6824 8.3254
-999 -999 -999 -999 -999 -999 -999 -999 -999 -999 -999 -999 -999 -999 -999 -999 -999 -999 -999 -999 -999 -999 -999 -999 -999 -999 -999 -999 -999 -999 -999 -999 -999 -999 -999 -999 -999 -999 -999 -999 -999 -999 -999 10.0932 7.8417 7.3306 7.4902 9.5267 11 8.6577 9.9564 10.7394 9.1641 8.791 7.3247 6 5.3511 5 6 5 4.3162 7.4717 8.0672 8.7778 6.2613 5.5259 5.3214 5.2247 6.3025 6.3254 6.8297 6.5563 6.8788 8.437
-999 -999 -999 -999 -999 -999 -999 -999 -999 -999 -999 -999 -999 -999 -999 -999 -999 -999 -999 -999 -999 -999 -999 -999 -999 -999 -999 -999 -999 -999 -999 -999 -999 -999 -999 -999 -999 -999 -999 -999 -999 -999 11.7052 7.9904 7.5808 7.2557 7.1725 8 11.593 10.4118 8.8994 8.3331 6.3332 10 9.4621 5.9129 5.6937 5.0959 6.0322 6.04 3.9853 6.2147 8 9.534 6.013 6 5.2323 5.6669 5.2128 7.4663 6.7816 6.5977 6.9517 8.2383
-999 -999 -999 -999 -999 -999 -999 -999 -999 -999 -999 -999 -999 -999 -999 -999 -999 -999 -999 -999 -999 -999 -999 -999 -999 -999 -999 -999 -999 -999 -999 -999 -999 -999 -999 -999 -999 -999 -999 -999 -999 -999 8.0406 7.683 7.3175 7.1787 7.2102 9.9283 13 11.7264 10.1408 9.4109 9.0074 8 8.1227 6.0478 5.9797 5.4141 6.0967 6.0365 6.7311 6.8414 9.4573 8.7373 7.203 5.9379 5.5967 5.8995 5.4519 8.3635 8.729 7.6174 7.5572 7.7259
-999 -999 -999 -999 -999 -999 -999 -999 -999 -999 -999 -999 -999 -999 -999 -999 -999 -999 -999 -999 -999 -999 -999 -999 -999 -999 -999 -999 -999 -999 -999 -999 -999 -999 -999 -999 -999 -999 -999 -999 -999 -999 7.7079 7.4965 7.5871 7.8101 8.1587 10.0464 13 12 11 10.6088 9.6589 8.52 7.9376 6.0117 5.3855 3.9836 4.8165 6.0949 6.9851 8.3085 9.7982 8.988 8.3247 6.9402 6 6.3917 6.2179 7.0813 9.0622 9 8.6287 7.9258
-999 -999 -999 -999 -999 -999 -999 -999 -999 -999 -999 -999 -999 -999 -999 -999 -999 -999 -999 -999 -999 -999 -999 -999 -999 -999 -999 -999 -999 -999 -999 -999 -999 -999 -999 -999 -999 -999 -999 -999 -999 -999 8 7.898 8.0189 9 9.8788 10.2738 12 10.0168 10.4754 11.0812 10.6703 6.5954 6.1119 6.246 4.7683 4.4121 4.0242 6.1782 7.6055 9.7973 6.9833 7 7 6.3303 6 6.8782 6.2464 6.3397 7 7 7.7264 7.4437
