1d2d/test/DeltaShell.Plugins.FMSuite.FlowFM.Tests/test-data/RasterImport/dem319x324_ref_dike.asc
ncols         319
nrows         324
xllcorner     220584.859
yllcorner     795339.977
cellsize      100
nodata_value -999
[rows 99 to 131 of 324, columns 148 to 221 of 319]
3.4584 2.3509 6.055973 2.7871 2.3971 2.8932 3.0447 3.6428 3.3859 6.636035 3.655 4.2063 10.20651 4.8834 4 3.3642 3.806 3.9933 3 3.1575 3 2.953 2.688 2.7293 2.4546 2.6458 2.6353 2.5234 2.9708 3.4576 3.22 3.7024 3.7008 4.3836 4.806 4.4396 4.2063 4.8779 4.7233 4.1342 3.9264 3.7553 3.9333 4.0372 4.2113 4.2073 3.8791 4.1767 4.269 3.9192 3.5942 3.1617 4 4 3.9843 3.9155 3.9319 3.8916 3.7285 3.5804 3.5289 3.501 3.2831 3 3 3 2.7852 2.8344 2.4759 2.7309 3.5083 4 3.8384 4.0423
4.0499 3.9667 5.054293 2.2309 2.398 2.8689 3 3.5318 3.4202 6.664479 6.954033 4.0938 7.561538 9.2462 4.9759 4 4.9177 4 4 4 4 4 4 2.5752 2.31 2.7722 2.7982 2.5349 2.9129 3.0217 3.9732 4.0381 4.1469 4.5541 4.4691 4.1046 3.8094 4.0185 4.9766 4.4299 3.9762 3.9683 4 4.1179 4 4 4.2501 4.3717 4.3485 4.5158 3.6765 5.1941 3.8176 3.5695 3.8867 3.822 3.5406 3.8356 3.5887 3.4767 3.6123 3.7407 3.7436 3.8093 3.0456 3 2.9465 2.918 2.6575 3.0094 4 3.9366 3.4522 3.5965
5.486368 5.11341 4.3499 2.2 2.2734 2.9739 3.0308 3.3445 3.5328 3.7078 7 9.592489 5.2344 4.41 4 4.3528 4.5203 4.7252 5.6427 4.3232 4.0336 4.3101 4.0519 2.924 2.8743 2.9871 3 2.8198 3 3.2547 3.4267 3.9216 3.9899 3.7686 3.5471 3.2624 3.1361 3.7135 4.7251 4.7367 4.1929 4 4 4.5128 4.5829 4.3926 4.6362 4.6413 4.9473 5 4.4587 4.1652 3.7924 3.7315 3.529 3.6 3.7166 3.7677 3.4819 3.3128 3.7872 3.8068 3.9444 3.9057 3.5766 3.6947 3.6492 3.0332 3.08 3.2253 3.8467 3.7051 4.6641 3.8725
6.039515 2.1203 4.1479 2.4522 3.016 2.9589 3.3755 3.6408 3.7317 3.9251 4.4339 4.2242 4.176 4.2598 3.2094 4.3018 5.1138 6 6 4.4084 4.1533 3.9238 3.0049 3.1662 3.2211 3.5679 3.3166 2.9116 3.0394 3.5148 3.56 3.8331 3.5618 3.7398 3.4147 3.1456 3.1051 3.5575 4.4869 5.3387 5.258 4.9417 5.6519 5.3766 4.9077 5.0999 5.3241 5.4204 5.3445 5 4.1039 3.7883 3.8551 3.47 3.7875 4.019 3.9435 3.7383 3.8306 3.7869 3.314 3.803 3.9056 3.2625 3.8207 4 4 3.2179 3.4419 3.5847 3.8519 4 3.3958 4.1069
6.14387 4.0786 2.6545 2.609 3.058 3.094 3.2244 3.7908 4 3.9916 4.2889 9.258 4.5148 4.2333 4.2567 4.783 5 6.1717 5.8846 4.3921 4.1459 3.2751 3.3704 3.2623 4.0131 4.1525 3.8627 2.9955 3 3.6104 3.5899 3.6808 4.0157 3.8614 3.6105 3.2873 3.4121 3.9759 4.6878 5.6531 6.0462 6.4139 6.8815 6.583 6.2547 5.7622 5.2839 5.4461 5.2007 4.8574 3.8118 3.0297 3.7606 3.7259 3.9696 4.304 4.1096 3.7996 3.7738 3.7044 3.2978 3.6981 3.7364 3 3.8991 3.7545 3 3.1333 3.5712 3.4451 3.8112 4.1987 4.1738 4.0343
6.034549 4.1894 3.0895 2.6838 3.2693 3.8136 3.6639 4 4.0946 4.0549 4.2188 4.9815 4.9962 6.4341 4.2683 4.6868 4.6827 5 4.6928 4.4805 4.0312 4.0882 4.0514 4.0723 4.3593 4.1687 3.7362 3.2998 3 3.352 3.5934 3.4669 3.7549 3.7193 3.6909 3.3104 3.8131 4.2848 5 6.3672 6.5166 6.8565 7.0596 7.3072 6.4078 5.9474 5.3943 5.898 5.0505 5 5 4.4459 3.8064 3.996 4.2181 4.396 4.1165 3.9376 3.7932 3.6907 3.7126 3.3247 3.9072 3.7526 3.9057 3.7412 3.0569 3.3899 3.7566 4 4.0771 4.4986 4.6305 4.484
6.018816 3.4724 3.0827 3 4 4.0679 4 4.8163 5 4.3298 4.4001 5 5 6.5368 5.4858 4.0182 4.1088 5.0669 5.034 4.7539 4.5223 4.2636 3.7534 3.6765 3.7455 3.6795 3.6369 4.0685 3 3.5307 3.5305 3.5201 3.6974 4 3.7379 3.1991 3.6195 4.4277 5.5277 6 6.0503 6.7829 7.046 7.0141 6.4584 6.7416 6.2302 6.4195 6 5 5.5915 4.9576 3.9394 4.2204 4.3976 4.4271 4.1462 3.9652 4.2159 4 4.0776 4 4 4.1032 4.3549 3.6556 3.9541 3.8788 4.1452 4.1589 4.426 4.8573 4.6422 4.5878
4.4191 3 2.9279 3 3.7177 4 4.4873 4.3132 4.9502 4.3837 4.383 4.612 4.4952 5 4.8881 4.5535 4.3261 5.438 5.3635 5.1321 4.8869 4.1637 4.1615 3.3665 4.8338 4.6676 4.1018 4 4.8439 3.9284 3.8455 3.4807 3.9257 4 3.5171 3.1767 3.2969 3.6716 5.383 6 6.0775 7.154 7.0716 7.2712 6.6775 6.772 6.1037 6.3483 5.9101 4.9292 5.0544 5 4.1089 4.4647 4.5913 4.4374 4.2177 4.3127 4.4083 4.0253 4.3571 4.1467 4 4.1965 4.5631 3.4013 4.0645 4.0737 4.288 4.4 4.6446 4.9159 4.9726 4.6933
2.9898 3.1797 3.0964 3.5002 4.2011 4.2795 4 4.1437 4.5496 4.281 4.162 4.5154 4.6168 4.7168 5.2567 4.7989 4.4738 4.9578 5.2205 5.4515 5 4.4778 4.3715 4.1185 4.8826 4.6021 4.052 4.2124 4.6887 4.0411 3.9148 3.6774 3.0499 4 3.1849 3.0612 3.446 3.9552 5.9277 6.07 6.0963 6.8263 7.4989 7.5978 7.117 6.9616 7.5359 5.5103 4.8853 4.2948 4.4105 4.1326 4.332 4.6823 5 4.6324 4.4665 4.6324 4.3018 3.9097 4.1228 4.3295 4.0883 4.1469 4.0653 4 5 4.0035 4.1866 4.4588 4.5087 4.6308 4.5512 4.7032
3.3001 3.5062 3.472 3.7368 4.4019 4.1339 4.0146 4.2502 4.3014 4.3181 4.2364 4.3379 8.5646 4.4917 5.0336 5.5727 4.7549 5.1171 6.2936 6.0166 5.0471 5.0059 4.6634 4.5324 4.8404 5 4.2114 4.0399 4.4572 4.1598 3.5918 3.3459 3.1406 3.2533 3.2256 3.042 3.138 4.9076 6.574 6.4033 6.0051 6.7927 7.5867 7.8245 7.0288 6.9991 8.1535 5.3384 4.3358 4.3364 4.0264 4.126 4.2207 4.7582 5.1625 5.1283 4.812 4.6158 4.1701 4.1791 4.5179 4.6339 4.0853 4.3381 4.3161 4.0248 4.4787 4.4096 4.2709 4.1293 4.0025 4.344 4.5595 4.2437
3.2583 3.591 3.9785 4 4.1309 3.9147 4 4 4.0043 4.0218 4.0519 4.0433 4.9068 4.5882 5.0732 5.3581 5.5659 5.8297 4.526 5 5.0992 5.1207 4.8503 4.8112 5 5.7196 5.0949 4.3115 4.1782 4.0004 3.5125 2.1055 0.4968 0.4416 3.0973 2.6298 3.2785 3.8443 4.8689 5.9614 6.2315 7.2556 7.3215 7.4858 6.8746 6.9368 8.2127 7.0173 4.929 4.1801 4.4598 4.0608 4.3319 5.0103 5.051 4.9506 4.851 4.1887 4.3234 4.3581 4.63 4.6679 4.0122 4.6207 4.4832 4.0142 4.6267 4.4555 4.6511 4.6383 4.8332 5 4.4943 5.1932
3.5536 3.8428 4 3.9173 3.5856 4.1459 4.3315 3.9741 4.3452 4.1545 4.1227 4.1759 4.4663 8.6964 5 5.3606 5.9557 6 5.6949 5.3504 5.1999 5.0156 4.8383 4.9851 5.1624 5.5198 5.2909 4.6453 4.1693 4.4957 3.639 3.4739 3.1917 1.1663 0 2.7468 3.1321 3.4994 4.3338 5.1773 6 7 7.436 7.5582 6.9938 7.0348 7.6229 8.2379 6.6743 4.3371 4.2211 4.3234 4.2105 4.8074 4.9615 4.9025 4.551 4.0567 4.7242 4.5085 4.4172 4.5893 3 4.7191 4.3594 4.0612 5.0107 4.5578 4.7518 4.7334 4.3865 5.2183 5.262 4.375
3.3216 2.9896 3.2542 2.9622 3.3364 3.7126 3.7832 3.9709 4.0205 4 3.9244 4 4.2954 5 5.0065 5.3686 5.6828 5.6723 5.9008 5.621 5.391 5.1774 5.0392 5.2104 5.159 5.3138 5.455 4.5898 4.0524 4.4859 3.8525 3.4202 3.4515 3.4779 3.3148 3.0045 3.4143 3.7423 4.2482 6 6.3525 6.6989 7.2136 7.4678 7.2364 7.4268 7.6297 7.8994 7.794 4.7935 4.3311 4.4919 4.1819 4.4663 5.366 5.1616 4.6628 4.3503 4.6505 4.6304 4.1599 4.2816 3.132 4.1914 4.1239 4.5279 4.5401 4.6456 4.851 4.8452 4.9284 5 4.3827 4.6501
3.3305 4.0571 3.6853 3.0634 3.1914 3.9515 4.1146 4.2084 4.3166 4.1456 4.0975 4.3383 4.8688 8.9128 5.0355 5.8473 6.8872 7 5.4354 6.1233 5.5915 5.4669 5.1305 5.1922 5.4802 5.6322 5.0976 4.6945 4.1072 3.9368 3.981 4.0647 3.4248 3.4279 3.6545 3 3.7897 3.9638 5 5.9339 6.1893 6.8415 7.4439 7.376 7.4735 7.235 7.3782 7.5756 7.9775 7.0756 4.4844 4.5967 4.1776 4.057 4.4457 5.3608 5 4.9591 4.9178 5.0929 4.3537 4.2964 4.0156 4.4309 4.1 4.1387 4.6336 4.6601 4.5774 4.9637 5.2223 5.1065 3.7559 4.7785
4.5995 3 3 3 3.1121 3.2053 3.6304 3.7717 4.0076 4.127 4.0577 5.1272 5.395 10.8508 8.5543 6 6.2975 6.8819 6.3436 6 6 5.8406 5.7437 5.8292 5.8518 5.9022 5.1175 4.5894 4.655 3.6811 3.5473 4.5648 3.5398 4 4.1467 3 4 4.6276 5.8702 5.9453 6.2668 6.8124 7.5014 7.3139 7.2385 7.356 7.4606 7.7205 8.2727 8.3458 6.7155 4.4654 4.4907 4.2626 4.1201 5.4489 5.4619 5 5.2026 5.513 5.0744 4.8084 4.1113 4.8276 4.2972 4.4902 4.9909 4.8134 4.4049 5.1031 5.7254 5.0538 4 4.6198
2.3228 3.7181 2.726 2.6524 3.213 3.4944 3.914 3.5214 3.6189 3.6216 3.7279 5 5.1466 7.1327 9.2512 5.1203 5.9651 8.0329 6.0151 5.2989 5.9573 6.05 6.2211 6.2191 6.2302 6.1363 5.8188 5 6.0157 3.8968 4 4 4.0479 4.0617 4.0779 3 4.8628 5.0997 5.78 6.2878 6.3749 6.7166 7.2706 7.6454 7.8508 7.712 8.2064 8.0531 8.4071 8.4819 9.3847 7.4706 4.9567 4.8579 5 5.4184 5.7036 5.5857 5.3297 5.7842 5.8789 5.6497 4.3752 5.2662 5.1623 5.3891 5.2042 4.9681 4.904 4.9421 5.8194 6 6.3549 4.9816
2.9835 2.3328 3.3094 2.3251 3.7583 3.8704 3.628 3.2939 3.2694 3.5002 3.4003 4.5873 4.7172 4.9323 4.8175 5.0925 6.1276 8.1079 5.7213 5.9942 6.2143 6.0488 6.1317 6.1318 6.3902 6.247 6.1624 5.6956 5.0273 3.9482 4.1826 4.4361 4 4.7775 4.2591 5 5.7548 5.5407 5.5829 6.1303 6.0365 6.5573 7 7.0885 7.4025 7.5601 8.2298 8.4107 8.5317 8.5871 8.9806 8.9378 7 5.2638 4.8346 4.1651 5.6788 5.5244 5.5847 6 6.1955 6.0844 4.4292 5.6331 6 6.4037 6.0049 5.7965 5.1144 5.4094 7.065 7.7378 7.3932 7.0194
3.2613 2.786 2.6645 4.2242 3.09 3.2969 3.3298 3.2 3.3284 3.4195 3.3697 4.3013 4.2041 4.5702 5.0244 5.4237 7.1078 7.5139 7.5789 5.7979 6.4533 5.92 5.6794 5.8543 6.1662 6.5164 6.5631 6.3652 5.9504 5 5 5 5.5856 4.8018 4.8145 5 5.9502 6.0702 5.7923 5.9373 5.9266 6.2401 6.7112 6.8676 6.9752 6.4591 8.4391 8.2897 8.4365 8.3497 9 9.0114 7 5.3016 5.2001 4 5.5562 5.4765 5.7083 5.968 6 6 5.3195 6.2305 6.8549 7.0512 6.7293 6.2533 6 6.1765 8 8.4629 8.8234 8.6607
3.8873 4 4.5857 4.4552 3.1657 3.0109 2.8662 3.0427 3.2311 3.4961 3.3618 3.9208 4.1248 4.819 5.2921 5.5454 5.7291 6 7.2897 7.3689 6.0282 5.5984 5.9727 5.1812 6.1766 6.4254 6.9028 6.5186 6.4435 6.1599 5.7498 4.943 5.6106 4.8321 5.3657 4 4.6495 4.9968 6.9581 5.2333 5.2776 5.9899 6.0796 6.2755 6.6977 6.8465 6.8971 8 8.5961 8.5941 8.9736 8.8915 7 5.7768 5.2269 5.0427 5.3663 5.3811 5.4672 5.8144 6 6.1404 5.3273 6.1967 7.1767 7.3173 7.192 6.345 6.9351 8 8 9.1231 10 9.8648
5.8706 5.7041 4.8653 4.2786 3 3 2.9576 3.2569 3.3809 3.4225 4 3.8557 4.2843 4.8114 5.7794 5.8829 5.8726 6.5323 7.8694 8.0753 7.2504 6.7095 6.2216 7.4999 9.348 7.4986 7.1076 6.7971 6.9432 6.7696 6.2242 5.2298 5.8781 6.1896 5.493 5.0392 4 4.9411 8.0238 5.9473 5.2203 5.1571 5.608 5.0544 6.2647 6.7502 7.1719 8 8.632 9.4959 9.4992 9.0551 8.1708 8.0821 5.978 5.5132 5.0658 5.1589 5.2831 5.3925 5.8435 6.0415 5.3604 6.0195 7.122 7.3973 7.3185 6.6952 7.9884 8.7172 9.6724 11 11 9.4341
7.3217 7.891 4.4524 3.4541 3.0995 3.2668 3.2516 3.2228 3.3321 3.6056 3.8588 4.2504 4.5002 5.2832 6.5054 6.765 7.7551 7.9737 8.471 8.087 7.0542 6.9201 6.6171 6.6488 8.7793 7.0081 6.9524 6.6457 6.9687 7.6261 7.6185 7.2877 6.7382 6.0652 5.5749 5.8388 5.4508 4.8746 8 5.9112 5.8457 5.7604 5.7739 5.7627 6.4385 7.185 8 8.1461 9.3602 9.8483 10.0116 10.0345 9.6212 10.0698 8 5.9576 4.8225 5.3129 5.3 5.157 5.4891 5.9342 5.7448 6.2076 7 7.1385 7.2846 6.9451 7.778 9.924 11 11 10.9672 10.433
7.7991 8 3.8502 2.3314 3 3.1811 3.2706 3.2377 3.0449 3.4369 3.9831 4.4215 4.7345 6.2646 6.9989 7.5759 8.5216 9.1481 8.5971 8.1712 8.1648 6.9582 7 7 6.1473 7.0222 6.9006 6.5884 7.5233 8.3837 8.5466 8.8868 7.7712 6.7166 6.0188 5.7444 5.3221 5.4253 7.9984 5.9852 5.8355 5.7528 5.9439 6.304 7.8195 8.4861 8.6891 8.4313 8.6916 10 10.1921 9.9863 10 10 7.3657 5.5563 4.5344 5.6152 5.4171 5.2084 5.4514 5.8178 6.0354 6.5024 6.9684 7.0885 7.3466 7.7775 8.0226 11 10.5941 10.4386 10.7181 11
5.4879 4.3618 3.5081 2.5708 3.0155 3.8134 3.3262 3.4677 3.6739 3.4143 3.8943 4.416 5.2687 6.1446 7.4014 7.8714 8 8.4121 8.2375 8.0522 7.8967 7.5245 7.2115 7 6.0422 7.2285 7 7.1634 7.8713 8.1498 8.1969 8.2399 8.0766 7.339 5.2682 5.4417 5.9041 7.4086 7.4933 6 6.1578 5.9902 5.7308 6.8429 7.9062 9.0627 9.03 7.4672 7.5 8.4174 9.606 9.8149 10 11.1274 7.2332 5.5602 4.4186 5.8664 5.6327 5.4119 5.516 5.8402 6.2564 6.799 7.2909 7.1367 7.2199 7.6381 8.4449 9.0701 8.5867 8.5352 8.0081 8
5.0237 3.8733 3.9335 2.9093 3.3129 3.3219 3.2163 3.4609 3.9054 5.4805 3.9589 4.6323 5.2729 6.391 7.1786 8.2038 8.0625 8.0659 8.1306 8 7.7273 7.335 6.9804 6.9016 5.6186 5.9719 7.2626 7.9768 8.5418 8.3241 8.1872 8.2485 7.959 7.4754 6.2672 6.5707 8 8.4956 8 6.9409 8.0205 7.7054 7.0896 7.3248 7.5424 9.0897 8.9552 7.4119 7.4061 8.134 8.8755 9.0698 9.3317 10.1662 8 6.1526 5.1759 5.7285 5.6057 5.4524 5.6365 5.9079 6.0738 6.5172 7.1957 7.2277 7.3822 7.3076 9 10.0302 9.7077 9.1614 10 11.5109
3.5042 4.2534 2.7618 3.1905 3.6244 3.6444 3.5916 3.599 3.8188 3.8142 4 4.8766 5.2613 6.0857 6.7827 7.048 7.5246 8.2065 8.0454 7.8216 7.3837 7.3412 6.8635 6.7594 6.5676 6.475 7.5523 6.5137 7.8056 9.0229 8.5466 8.3974 6.934 6.3073 6.9994 7.4921 8.3987 8.8292 8.8784 8.6764 8.8135 9.1694 8.4965 7.6799 7.2983 8.2603 8.0807 7.3969 7.7043 8.197 8.9573 9.0568 9.0283 9.0312 10.2566 8.1096 5.8687 5.872 5.9534 5.9385 6.5308 6.8785 7.0718 6.1106 6.5441 7.0055 7.156 7.6764 8.9802 10.2 9.9571 10.3782 12 10.9815
2.9039 4.2097 3.9821 3.899 3.7642 3.7088 3.6749 3.6998 3.9658 4.2061 3.9999 3.9272 5.3018 5.8201 6.0941 6.134 6.6516 7.8293 8 7.9874 7.3583 7.3996 7.1618 6.9646 6.6013 6.8986 6.3912 5.5535 6.4688 8.5665 9.0062 8.6033 7.8675 7.2494 6.9389 7.7284 8.3624 9.4924 9 9.1772 10.0606 10.2522 9.6921 7.8627 7.8613 7.9603 7.5939 7.6259 8.6321 8.9055 9.0319 9.088 8.9097 8 7.9586 7.3681 6.6741 6.4795 6.7486 6.8003 6.9258 7.0574 7.1943 6.6311 6 6.3868 7.4413 7.691 8.2706 10.2263 10.3572 10.8485 12.0548 10.9841
2.8384 4.1568 4.9212 4.0181 3.8906 3.7227 3.6362 4 4.0079 4.0813 4.4091 4.6186 4.5058 5.3105 6 5.757 6.6989 7.6988 8 8 7.8912 7.5103 7.4988 7.3694 6.9139 6.788 5.9645 5.6766 7.3445 8.5478 9.3274 8.9354 8.298 7.6658 7.6387 7.9446 9.1261 9.6225 9.7949 9.7166 10.1004 10.2 10 8.1626 29.8522 8.3634 8.6476 10 9.9155 9.2688 9.9211 10.9478 11 8.8782 7.8574 5.7546 6.2425 6.4296 7.8399 8.1211 7.857 6.8926 8.0561 7.9154 7.2599 7.6538 7.8934 8.5914 9 9.1129 10 10 10.1908 10.1207
5.3674 4.709 4.6976 5.7644 5.837 5.6373 4.6849 4.832 4.2592 4.5124 4.5792 4.6538 4.7195 5.7121 6.1392 6.0727 6.1531 6.9977 7.8059 8.0381 8.0461 7.7287 7.6177 7.4889 7.1818 7.3984 5.9908 7.0902 7.9815 9 9.2236 9.1168 8.8119 8.618 8.7826 8 10 10.267 10.3411 9.8659 10.3131 10.4432 10.7383 10.7103 10.8353 10.4888 10.2629 10 10.1688 9.9821 10.7677 10.9924 10.7182 7.8808 6.4931 6.9921 7 8.4263 10.0068 9.257 8.6272 7.343 7.8526 7.5176 7.2287 7.4267 8.1194 8.6494 9 10.2957 10.8142 10.3551 10.8577 10.1569
3.3054 5.7072 3.633 3.3935 3.9056 4 3.997 4.1144 4.1703 4.5554 5.5098 5.9591 6.1109 6.1047 6.0601 6.2458 6.1745 6.6004 7.1196 8.8684 8.6698 8.2353 8 8.0275 7.898 8.4094 7.0486 7.4961 8.1259 9 9.0846 9.2763 9.5512 9.7378 10.6399 11 11 9 9.4221 9.9973 10.611 11.2591 11.0402 11.1549 11.9112 11.5466 10.1944 10.8537 11 10.656 10.6126 10.7422 9.9397 7.1886 7.9316 9.5902 10 10.4861 10.4922 10.0323 9.6417 8.0168 9.2057 9.1333 8 7.8617 8.3682 8.4215 9.0586 10.1291 10.1512 11 10.5673 10.2874
4 4.7385 4.129 3.1758 4 4.0398 3.8131 3.9893 4.389 5 5 4.2413 6.0769 6 6.1777 6.022 6.7096 6.8307 8.3069 9.3893 9 8.5608 8.7335 8.8819 9.0202 8.9101 7.3092 7.1518 7.049 9.0363 9.1636 9.1248 10.0202 10.1594 10.0695 10.5975 10.239 9.9952 9.9647 9.406 9 9.6387 12.0226 11.025 11.0382 9.7275 8.5518 11.7428 11.158 9.9191 9.6009 9 6.8101 6.6586 7.5607 9 9.8244 10 10.1847 10.3804 10.5975 9.6417 9.2299 10.0262 9.2641 8.8506 8.5991 8.8871 10 10.5871 11 11 10.6631 10.2489
3.5266 3.1336 3.1 4.6414 4.0917 4.3402 4.3961 4.0493 4.5776 5.3024 5.0721 4.7333 7 7.6783 7.4132 6.5464 6.6954 8.8155 10 9.4275 10.8287 10.4142 9.076 9.1269 9.0503 6.7676 7.5259 7.6696 7.0094 9.0852 9.2434 9.5997 10.7719 10.6511 10.3442 10.5199 10.3816 10.338 10.8327 10.5465 10.0954 9.9616 9.343 11.5099 11.0379 8.5295 11.8018 11.7393 11.5527 9.86 7.3945 6.9959 6.8417 7.3576 7.0836 7.0175 8.9942 8.5293 9.076 10.1162 10.7986 10.4884 10.1883 10.3841 10.6598 9.826 10.0862 10.1536 10.4872 10.8763 11.0518 11.1319 10.8047 10.4055
3.7832 3.2066 3.1251 5.3805 6.0846 4.0446 4.2266 4.4295 4.3313 5.1183 5.1215 4.304 5.235 9.074 9.1675 7.3345 4.7019 7.4193 10 9.4889 9.6442 10 10 9.6789 8.2918 7 7.3207 7.7111 7.2924 8.8065 9.1205 8.9596 9.8868 10.2934 10.5761 10.6075 10.709 11.0044 10.7209 10.0754 10.1253 9.7302 9.8681 11.2669 11.3497 11.3552 11.4927 11.564 5.62 8.7135 7 6.8126 6.7279 6.7991 6 7.0707 7.1196 7 8.0384 10.2794 11.0937 10.4374 10.6093 10.8209 11.1813 11 11.0167 10.2935 11 10.9633 11.145 11.6349 11.4851 10.9456
3.8542 3.5 3.8838 4 3.0308 6.0447 4.0582 4.2273 4.677 5.6155 5.6208 5.286 5 9.0545 10.6971 9.5149 8 8 10 9.7198 8.8802 10.214 10.0284 9.5502 8.0171 7.0864 7.6258 8.2547 7.4884 8.233 6.5839 7.8116 7.3398 8.8779 10.0877 10.5889 10.4239 10.0611 9.601 9.6077 9.2202 9.7401 9.3768 10.8548 11.6696 11.2246 11.3399 11.4145 10.5216 7.5041 7.0571 6.7183 6.5728 6.5681 6.7799 6.5599 6.7146 7.4734 9.1613 10.2075 10.6741 10 10.1415 11 11.6307 11 10.847 11 11 11 11.3096 12.0257 11.7257 11
