1d2d/test/DeltaShell.Plugins.FMSuite.FlowFM.Tests/test-data/RasterImport/dem319x324_ref_dike.asc
ncols         319
nrows         324
xllcorner     220584.859
yllcorner     795339.977
cellsize      100
nodata_value -999
[rows 198 to 230 of 324, columns 74 to 147 of 319]
-999 -999 22.9041 24 23.5362 22.0953 23.5302 29.0267 27.8079 21.202 25.6651 26.3463 27.8678 25.7176 25.0436 25.8788 27.4164 26.3387 17 20.7484 19 17 22.6616 30 29.1646 23.9986 24.4991 26.3408 28.0475 28.3466 27.8213 28.2 29.178 29 21.0149 23.44 19.5732 25.7255 24.0891 22.8108 27 23.6035 21 21.203 26.0605 22.8947 22.2633 28 28.6254 23.0692 23.9046 28 23.0891 23.6632 26 26 23.4352 19.6953 24.9889 24.5429 19.8046 18 17.8735 16.1741 16.8948 16.8094 17.4084 24.8866 26.7351 24.4087 24 27 26.7763 22
27.3801 28.3415 24.9361 25 27.1691 28.6586 27.7712 30 25.8269 22 27.2829 27.863 29.0433 28.3578 29 29.9265 28.3835 24.8277 23.2653 25.2883 16.9362 16.0261 20.9744 29.6395 29.9308 24.0376 26.2034 27.7286 26.7323 27.5614 28.4729 27.8654 26.4778 24.4557 19.8271 19.8117 21.2045 26.4001 26.0833 25.2939 26.7951 21.7208 22.4989 27.286 28 23 24.7856 28.7936 28.3887 24 28.4185 27.9569 24 25.1175 24.4922 21 21.2452 21.0327 28 26.3007 18.8669 22.842 22.7915 17.9314 17.0223 17.0075 16.7949 19.532 26.7074 24.6266 24.1 27.2026 27.9512 23.9513
30.5826 30 27.0186 27.3618 29 27.959 28.0979 22.0341 21.0829 21.8802 27 28.1816 26.7766 30.8604 31.7387 30 25.653 26.5777 28 27.571 16.7346 16.3848 24.0226 30.2231 31 24.9533 27.03 29 25 24.3088 26.9966 26.1386 25.2711 25.1051 23.3127 21.241 24 26.0466 27.5793 25.4771 25.3112 23.9763 22 27.3458 27.5788 25.9944 26.1366 30 27.626 23 29.0043 27.4647 26.0148 27.1835 22.6897 23 23 25.9934 27.7381 23.2044 20.8777 27.0079 25.6738 23.2067 20.7246 17.1102 17.134 16.9428 24.9088 23.5297 24.2552 27.0213 28.5924 26.0694
31.0104 -999 -999 -999 27.135 23.3699 21.9422 22 22 24.9246 28.0206 29.5619 30.587 31.4749 31.962 29 28.7433 30 28.1317 21.5124 17.6526 16.1255 21.6194 30.7225 27.5858 24.9416 26.2646 29 27.8329 28.3173 28.6019 30.2944 25.5623 25.3611 24.9113 24.2675 26.7507 27.1487 29.2604 28.5553 27.9773 29.961 21 23.8084 25.8875 29.2176 29.4865 30.5913 26.5278 26.9181 28.5342 26.2045 26.5047 28 22.3778 25.6049 27.769 28 26.5632 22.3889 22.4519 26.0598 27.2267 26.5368 25.5494 17.7788 17.3021 17.2936 22.802 24.0021 23.3375 25.4916 29 29
-999 23.9217 -999 26.103 23.8014 22.655 23.0512 23.4022 22 27.7387 30.5412 31.2 31.9899 32.6101 32.8102 32 30.7061 30.9083 20.6012 16.9929 16.6751 16.5732 21.3754 30.4374 27.9005 25 25.4384 25.8417 26.8681 26.8965 28 31 25.2988 24.5236 24.2602 23.667 26 29.2458 29.8189 30.6944 30.3694 29.4373 25.3075 24.5087 27.2588 30 30.5898 30.0158 26.4927 28.0903 27.5347 27 27.1902 28 24.6356 23.0305 26.9126 26.3823 21.3612 20 22.7677 26.3562 27.3928 27.1065 22.7602 18.0465 17.5274 18 23.812 25.2113 24.1903 25.4364 28.168 28.3897
-999 22.5399 23.0395 24.0614 26 25.6605 25.4686 24.2851 22.7052 26.6182 30.7719 31.0367 30 32.4503 32.562 31.936 31.143 31 21.1244 18.3649 17.7653 30.2991 30 27.927 28 26 26.2732 25.162 26.4511 27.5789 29.238 30.9457 26 24 23.509 21.6702 27.403 29.7856 30.2171 30.8517 30.7421 28.7438 27.8827 28 27.4723 29.496 31.3955 30.763 27 27 27 26.9879 28 28.0361 22.6035 22.0424 27.5076 23.5037 20.8155 23 25.4943 26.7996 27 22.4934 18.1215 18.9086 21 19.0378 24.7258 25.043 24.6533 27.9985 29.3735 28.3526
23.1445 23.446 24 24.7019 26.4766 26.4506 22.5952 23.705 24.8983 22.5618 24 26.8956 28.1972 32 32.4775 31.6533 31.7938 25.6768 17 18.0679 17 33 29.3675 28.2459 28.9893 29 28.61 24.2936 26.0643 27.437 31 28.532 25.5864 24.9868 23.9774 22.102 26.458 30.174 30.5665 31.2882 30.5687 28.4287 28 28.4638 29.7223 30.0433 30.6341 28.2463 27 29.5107 30.2484 30 28 22.9933 22 25.2908 28.1778 22.7081 20.8886 24 24.9639 26.3503 24.7386 18.5625 21.2416 24.7206 20.4285 20.2916 17.343 23.2164 25.8746 27.7044 29.162 23.5008
23.8261 24 24.2677 24.8412 27.3273 29 26.5238 23 30.0635 29.9299 28.7794 44.6387 29.3278 30.8719 31.9824 32.2162 31 22 18.2205 18.7645 19.7557 27.2928 28.1546 28.1121 30.057 30.9602 27.6636 24 27.5653 27 27.0623 25.7409 26.9753 25.8372 24.7129 24.327 21 27.8305 30.9927 31.4247 31.1554 28 28 30.0928 31.02 31.5744 31.1162 28.2746 26 29.7411 30.3608 29.4313 27.2629 24.0401 23 24.9611 28 24.8772 23 21.5901 23.4824 25.6059 19.9682 23.5904 26.9147 25.7314 20.735 18 17.5743 19.5822 26.0394 27.7973 25.7367 20.3587
23.7579 24.2906 24.8699 27.1047 29.0592 30.1978 28.0453 23 30.799 31.3546 32.2138 30 28.9971 28.8407 30.1485 31.8347 22.1099 20 18.0466 19.2324 21.3712 28 28.1504 28.6585 31 30.5751 26.8371 26.0044 27 26.0503 25.3382 25.7398 28.0639 26 25.9621 24.0774 23 21 23.4767 26.8615 29.5986 31.0025 30.3684 30.6639 32 31.6793 30 26.4799 25.9727 30 27.3077 27.126 30.4193 26.3502 25.0535 26.9891 28.5673 26.2253 23.1103 22.9301 26.658 27 19.7661 27.4004 27.9578 26.4856 18.7655 19.6083 18.816 21.1828 25.9881 27.4382 24.8251 20.1402
23.6722 24.2812 26.0287 27.282 29 31.5718 28.5043 23 28.2174 32.2388 29.8538 29.5706 28.8175 29 31.5615 32.8957 28.8563 23.9854 17 19.1424 26.0103 28.9676 28.7885 29.0194 31.5104 32 28.4354 26.5281 27.1902 27 25.6754 25.6035 26 26.3135 27.052 25.3188 23.5909 23.8177 23.8269 22.0359 21.2549 24.88 29.0381 29.4598 31.7929 32.0474 28.8688 26.9459 27.4791 29.8335 27 29.5034 30.9421 26.5006 27.2726 26.9599 28.5892 27.1405 24.7721 27.6927 29.6734 24.5097 23.709 26.4151 26.9354 23.7372 18.1127 18.6929 19 24.262 27.7571 28.7512 22.5177 20.8686
24.9783 25 27 28.1702 29.0001 31.7306 30.352 24.5047 26.44 32 29.2129 29.041 27.4378 29 32.6802 33.7079 31.5165 31.1071 18.3955 20.8449 30.0159 30.75 30.9327 30.7903 30.9409 31.5547 27.0824 27 27 26 26 25.6117 26.0976 27.0226 28.5208 29 27.9395 22 26.5986 21.5099 23 23 24 22.823 31.8923 31.8508 28.1662 26.9652 30.5821 29.7192 27.9154 31 29.0616 28.2151 29.0794 26.9545 28.334 28.3759 26.891 29.9289 29.8623 23.6017 24.4323 26.6653 28.3605 19.4787 18.9047 19 29.209 29 30.031 27.517 22.843 22.2387
25.0356 25.0713 25.1045 29 29.6759 32.8158 33 30.5172 24.9472 26.6896 31 29.1162 29 29.5185 32.763 34.0193 33 30.6591 17.6689 20.7838 30.9067 33.3626 33.083 32.1325 31.1426 29.9121 28 27 27 26.261 26.2145 26.8641 26.2875 27.4697 29.2396 32.3783 29.3318 25.7728 27.8519 27.1985 23.0095 23.8232 23.1969 21 31.5926 30.7961 28.2276 28.1836 32 30.3531 29.581 29.8536 30.1282 30 27.6527 27.9397 30.5292 28.513 28.4593 30 28.7529 22.6665 25.069 29.1661 29.0438 18.0988 18.1246 19.0107 29.5735 27.9223 27.2509 24.0805 22 25.9465
26.6891 26.6656 27.0696 29 30.8948 33 33.2916 33 30.1222 26.0095 29.1928 30.7205 30.8747 32.5729 34 33.8645 30.5521 23.0455 19.1513 18.2127 19.9513 33.4004 34 32.1863 31.1256 31.6639 26 26.6896 27 26.9743 27.324 27.3951 27.4875 28.2977 29.8357 31 27.1836 27.0797 31 29 28.3843 28.1599 23.6205 22.3471 30.6204 33.058 31.5631 30.4528 32 31.0252 30.8032 30 30.901 29.3886 28 30.2892 31.0472 28.8802 28.8475 27.2273 25.3118 23.634 26.2913 20.7122 28.0123 19.695 19.1056 23.1602 29.0331 27.1025 27.3985 25.9621 25.31 28.1356
30.784 29.1193 29 27.2806 31.7733 30.1344 31.8377 30.9693 27.0468 25 26.5585 29.2701 33.0878 33.8781 34.1549 32.5466 30.7455 19.9721 18.8262 18.7804 25.0189 33.3007 33.5511 31.4974 30.9827 30.9941 26.4126 27.7495 26 28.6481 28.9443 29.0058 30 29 29.1611 31 25.9057 26.9612 28.226 31.914 29.191 28.909 24.7875 25 30.7606 34 33.6234 33.4071 33 31.5384 30.4844 30.6625 32 29.6705 28 30.6086 29.9482 27.2191 25.4868 23.014 23.3986 26.6377 27.8825 20.3601 26.1691 19.9488 19.5867 20.2162 30 28.6542 29.0289 27.9587 25.2119 28.8626
32.0272 33 31.9756 28.0822 30.0399 32 30.394 28.9729 30 29.1387 32.7565 35 34.7188 34.3015 33.9247 32.9862 32.7238 26.266 19.8971 18.3999 18.0619 33.6535 33.1323 31.3462 31.8313 29.184 28 27.5148 26 28.3197 29.9626 30.1084 30 29.9693 30.0502 30 24.3049 27.9047 30.9839 31.8821 30 28.8969 25.9942 28.0131 28.4189 34 34.2249 33.6003 33.0043 31.8112 30.1657 30.8208 31.9116 30.5071 31.0108 31.0135 29.0554 26.9716 23.5716 22.8805 24.3955 27.5562 30.0047 29.1684 28.1593 20 20.2438 20.7125 30.5324 30 29.3418 28.8469 25.5738 29.7811
33.1069 34.6311 35.2199 29 26.184 29.8459 33.4159 30.1618 29.5193 32.0499 35.5613 36 35.2114 35.2736 34.8969 32.6579 33 30.2174 23.6427 19 18.0467 29.8214 33.8829 31.5657 30.8199 28.8306 28 26.8083 26.3834 29.9731 29.8377 30.8066 30.8815 31.1101 30.5529 29.2306 23.4456 28 28.2691 28.8829 31.2712 28.6972 26.1233 27.7507 25.1306 30.6427 33.9654 33.681 33 32.1359 30 30.1397 30.9109 31 31.1936 30.6124 27.2689 24.4406 23.0389 24 28 28.8458 30.2255 30.7301 29.0993 20.5951 20.3347 20.9412 30 30.2167 30.0678 31 27.729 32
30.9853 33.3809 35.996 35 28.8854 27.7126 34 34 31.434 32.7777 36.2002 36.1183 36.3698 35.4044 35 31.9014 33 18 18 19 23.3985 31.2967 32 31.1128 29.4403 29 28.5197 27.9475 27.0459 30.9375 32.2156 31.7319 31.5039 31.9197 30.5661 28.0605 23.2351 28 28.3463 28.6131 30.5362 28.7478 24.5592 28.9394 24 29.0625 33.5947 34.6938 34.2995 34 30.5885 29.8927 30.7628 31.3216 29.451 27.1037 23.7924 23 23.1707 23.8156 26.9443 30.0119 31.487 31.361 28.7718 20.7005 20.5 21.2389 30.4183 31.1489 31.6487 30.785 29.8164 30.0555
-999 -999 -999 -999 -999 26.4026 33.2962 33.4823 30.8875 31.9785 34.9637 35.1926 35.7191 35.7537 35.3621 33.5184 27.2957 18 25.7438 31.3802 31.4452 34.6561 32.3602 30.0156 28.0128 28.826 29.3428 29.2171 29.2859 30.1122 33 33 31.9132 30.9363 29.7899 27.7573 25.9885 24.7568 28.8791 28.374 28.3068 25 26.1041 30 24.3517 30.4161 33.1559 35 35 33.1196 30 32.8078 33.6494 30.4207 25 23.9879 23.2291 23.9485 24.6152 24.8137 25 29.3834 31.0917 25.1406 21.9977 21.7222 20.7129 21.3756 30.2996 32.3907 32.5077 30.2012 29.4164 29.8702
-999 -999 -999 -999 -999 25.3678 29.6288 30 29.1254 31.0555 34.6624 33.9514 34.8624 36.0237 36.0014 35.0331 25.3678 19.0084 18.3113 26.2169 32.6587 34.4925 30.3761 28.6748 28.282 29 30.1038 30 29.9652 30.0948 31.7316 31.5232 31.7156 30.5011 29.3639 29.2907 28.2078 25 29.2436 28.6806 25.2859 25 28.6186 28.881 24.4888 29.5366 32.0702 35 35.0303 33 30.4834 34 34 30.2764 25.0647 24.7343 25.0519 28.8203 30 26.6932 26.7594 31 26.1021 24.5719 25.0962 24.9127 21.91 21.8067 30.4464 32.4473 32.1175 29.2221 30.4172 31.4223
-999 -999 -999 -999 -999 16.466 31.5947 30.4694 28.7037 30.6749 33.6714 33.3845 34 36.0241 33.9641 34.0588 33.9694 30.4889 19.1432 26.164 33.0736 34.2868 30.6903 28.3557 28.5274 29.7802 30.7448 30.5797 31.2815 31.4915 31.9289 32 32.451 31.0968 29.6766 28.7932 28 26.8531 29.7824 26 24.112 26.8933 30.9896 30.3704 25.5916 24.3004 30.214 32.3554 34.6172 34.005 34 34.2714 33.2224 29 27.123 26.6353 26.8259 30.1047 29.9515 30.4791 30.3916 31.0457 26.6036 30 31.4147 29.955 22.1086 21 20.7771 32.552 32.2862 29.0904 33.1436 32.3892
-999 -999 -999 -999 -999 19.5354 32 29 31.332 31.3329 34 33.9093 35.7123 36.3722 27.2322 20.1168 30.3192 26.6584 20.2892 22.0036 34.1787 32.8818 32 28.1728 28.9826 32.8189 32.089 31 31 32 32 32 33 32.2268 31 29 27.939 28 28.2661 29 24.4781 26.3707 30.8326 32.2169 26.9845 25.9044 28.5087 32.2476 33.5056 32.2929 33.266 32.806 32.0621 29.9688 28.8475 28.1678 28.9428 32.7009 31 32.1445 32.1083 30.2868 30.2541 32.7664 32.7488 23.5925 22.2535 21.8577 22.5138 32.54 32.8061 29.5997 33.0142 33.6805
-999 -999 -999 -999 -999 -999 -999 -999 -999 -999 36.1547 36.0889 36.2135 36 21.0107 27.0157 20.9671 19.11 19.2658 24.1197 31 33.1187 29.7745 29 29.3711 33.0947 34.0165 31.6362 31.4604 32 32 32 33.0168 32.1126 30.8409 29.1348 28.9277 28.0265 27.8507 27 25.0867 25 28.9595 34.2205 30.3852 26.4684 26.3434 26.5625 33 30.3297 33.4696 34.7044 33.4197 32.6526 32 30.1649 32.648 34.6941 33.2999 32.4582 31.5962 29.6502 32.02 33.3688 32.1037 22.7058 22.5329 28.3043 33.8752 33.5411 31.4548 29.8096 31.7092 34.0073
-999 -999 -999 -999 -999 -999 -999 -999 -999 -999 37 33.9235 22 21.5195 24.5821 32.4097 19.6711 24 30.233 31.9726 34.5136 33.8501 30.8178 30.8748 30.3286 31 33.3833 33.0995 31.9779 32.0771 33.0451 33.3029 33.4503 33 29.718 29.1486 29.4198 29.11 27.9394 27 25.6724 24.4584 28.7024 34 31.9498 29.8968 27 27 27 29.3225 32.1768 36.0094 35.0711 35.0462 35 34.9265 36.0211 35.3632 31.7917 31.5609 31.0868 30.4006 33.9811 33.2531 23.0034 22.8137 22.3092 30.5806 32.2479 30.8235 30 31.01 33.534 35
-999 -999 -999 -999 -999 -999 -999 -999 -999 -999 23.6075 31.3302 30.6196 29.8316 34 29.7112 21 20.9433 29.3369 34.0833 32.6446 33 30.8751 32.5341 32.4109 31 33 33 31.7753 32.8692 34 34.6728 35 33.0656 30.0141 30.4097 29.0264 30.6735 32.0968 31.9621 26.6741 25.075 31.8988 34.7465 34 30.8105 28.3107 29.6733 28.9786 28.422 29.6247 36.109 36 35.9302 35.9647 36.9382 36.8461 34.986 31.2401 31.895 33.5834 33.1111 34.1578 29.5278 22.4155 22.1167 22.4049 31.6099 34.6452 31.04 30 31.7081 34 34.8011
-999 -999 -999 -999 -999 -999 -999 -999 -999 -999 28.0916 31.6642 30.3315 32.3028 34.3255 27.8097 19.8047 20 20.9531 33.3872 33.3803 33.9048 31.1772 34 33.2014 31 32.142 33 31.7009 32 34.9567 36 36 33 31.0452 31 32 33.2313 33.9364 31.6455 26.247 25.1283 31.7202 35.4734 33.5565 31.3494 30.8674 34 33.9319 28.111 30.1536 32.6319 35.0612 35.7372 36 37.2929 37.4251 36.5102 33.4611 34.6322 34.7003 24.9965 24 23.0394 23 25.7668 30.6087 34.2401 34.4138 30 30.5328 33.6559 35.019 34.7738
-999 -999 -999 -999 -999 -999 -999 -999 -999 -999 31.0877 32.6525 31.0284 32.9976 33.2136 23.3969 19.5082 23.0237 30.2523 35.8013 35.3686 34.5649 33 33 33.9552 31.6572 32 33.0071 32 33.7528 35.3553 35.6527 36 34.2295 32.4262 34.4145 32.7085 33.7072 33.046 29.1998 27 26.1526 27.2926 35 32.044 31.1063 33.1716 34.7605 32.8337 28.6219 29.5426 32.8315 34.6061 33.78 34.3586 37.0139 37.1613 37.4083 35.1003 36 31.0695 23.0798 23.063 24.9286 23.0601 31.9838 34.1108 34.4619 31.7467 29.8188 32.0191 35.0099 35.5514 35.8299
-999 -999 -999 -999 -999 -999 -999 -999 -999 38 37.0131 31 33.2617 34.8229 31.9495 19.4606 28.3677 33.9951 34.4697 35.0859 35.4016 34.6505 33 33 32.4362 32.3018 33.5078 34.0029 32.2343 34.2698 35.6844 35.6058 34.8068 35 35.1947 36.6369 35.2619 31.5414 27.7855 27 31.7159 31.6291 29.4872 33 31.7075 30.6194 32.8085 36 32.3153 30.4834 29.9041 34.9634 34.0821 33.5395 33.8334 37.0593 37.2667 36.7937 34.0901 36 26.0555 23.8123 23.2157 35.1341 34.7508 34.7753 34.2338 33.1227 29.9028 29.9561 32 34.8618 36 36.1691
-999 -999 -999 -999 -999 -999 -999 -999 -999 25.3422 36.6668 33.4583 35.322 34.4235 23.9034 23.5667 34.1623 35.4201 35 34.8827 35.4235 36 30.5427 32.6614 32.9714 33.2289 34.5424 36.3329 34.4628 34.8646 36.8333 35.6462 33.873 35.1811 36.7929 35.8604 33.7125 30.3533 28 27.0322 34 29.7316 30 32 31.5705 30.8729 32.4548 36.2432 34.464 31.3444 31 34.7629 34.6934 33.4378 35.0775 37.0886 37.0552 34.091 33.7552 36 32.5263 24.1334 23.1129 34.7796 34.1775 33.3624 32.0573 32 29.9537 29.9744 33.119 35.7136 36.0463 36.06
-999 -999 -999 -999 -999 -999 -999 -999 -999 38.0568 36.0496 33.9197 36.7611 35.7033 22.7861 22.3432 32.4658 36.196 35.7438 35.9915 36 35.3486 31 31.4507 33.2545 33.4306 36 38.3064 36 36.4935 37 37 35.0088 36.5849 36.5808 34.6625 29.1845 28.8225 28.0453 31.3533 33.6974 30.5009 31 31.3996 33.3876 32.1366 33.9994 36.3443 34 30 31.1786 35.8888 36.314 34 37.4839 37 35.3013 33.9932 33.5825 36.406 32.7886 24 24.2143 33.4792 34.8442 34 32.7334 30.1843 30 31.0368 32.3536 35.0472 36.0054 36
-999 -999 -999 -999 -999 -999 -999 -999 39.3181 39.8838 35.8073 36.0354 37.0679 35.6919 26.3398 21.9885 19.2994 36.2604 36.3067 37 35.88 34.5149 31.1916 32 36 34.2553 35.0556 38.0478 37.0169 36.8178 37 37.6734 37.214 36.9124 36.5428 30.7719 28.1025 28.329 33.8887 34.2954 33.1228 32.3399 31.2257 28.7516 35.0914 33.9142 34.5096 35.4652 32.2597 30.2974 30.3909 35.7052 38.1019 38.4131 38.2086 37.9494 34.9312 33.9297 33.9542 36 32.1898 24.2279 23.9185 28.4426 36.3417 36.7042 34.1849 31 31.4219 32 31.7632 32.9381 36.7987 36.669
-999 -999 -999 -999 -999 -999 -999 -999 -999 39.2206 35.4452 36.8616 37 35.4382 22.9265 20.0151 19.1503 35.2257 37 37.3122 37.0215 32.3841 31.5558 32 33.4483 36 36.8878 37 38.2909 37.0263 37.6362 38.6947 38.1163 37 36.0088 29 27.8662 32.095 35.16 34.4758 34.7673 34.4673 31.6816 29 33.5556 34 34.5185 35.8969 32.7536 31.4134 31.4422 32.0202 34.4804 37.9119 38.4834 38.5392 38.1251 35.0464 36.1143 36.7949 32.0754 24.0852 23.5905 25 37 38 31.9531 32.1421 34 33.2313 34.9844 34.5976 38.0179 37.1422
-999 -999 -999 -999 -999 -999 -999 -999 -999 -999 -999 37.6698 37.8694 38.2109 22.8386 20.8918 28.5787 31.9987 37.3344 37.0798 36.3414 32.5553 33.0633 34 35.3763 34 36.3606 38.0656 39 37.7485 39.3775 34.8822 37.3324 35.8343 33 30.2043 29.0304 30.6959 35.2131 35.1548 35.4963 34.9097 34.1073 30.3758 32.6549 34.5116 36.3944 36.3875 34.1578 32.7105 33 32.8351 32.9257 37.2731 39.2749 38.9581 38.409 38.1016 37.8659 37.448 29.6129 23.2741 25.7578 28 34.6752 38 32.5279 34.0934 35.3333 35.4408 36.7128 37.3996 37.9435 37.2734
-999 -999 -999 -999 -999 -999 -999 -999 -999 -999 -999 37.9486 38 36.7428 23.282 22.1576 28.1633 36.3344 37.4881 37.1114 33.2218 32 34.4031 34.8983 36.7369 37.7387 38 36.2375 37.1829 40.1566 39.9299 38.8662 38.2607 35.6399 34 31.8008 29.0264 30.2292 34.8959 35.8467 35.6025 35.2059 34.3273 29.3682 34.5526 35 36.844 36.5474 34.608 33.8421 32.245 32.7749 32.8711 36 37.7394 38.4615 38.6842 38.5812 38.0863 35.8814 24.7169 23.329 26.6427 28.3199 34.1604 38 33.7513 33.8459 37 38.0033 38.1008 37.8416 36.5181 35.7873
