1d2d/test/DeltaShell.Plugins.FMSuite.FlowFM.Tests/test-data/RasterImport/dem319x324_ref_dike.asc
ncols         319
nrows         324
xllcorner     220584.859
yllcorner     795339.977
cellsize      100
nodata_value -999
[rows 33 to 65 of 324, columns 222 to 295 of 319]
1.7495 1.77 1.7009 1.6293 1.541 1.4536 1.2049 1.5704 1.4848 1.5884 1.5726 1.8157 1.72 1.5852 1.8364 1.8323 1.7775 1.8649 2.0173 1.9174 1.6796 1.6611 2.3075 1.4655 1.6105 1.6073 1.7427 1.7794 1.7611 1.6264 1.5193 1.3686 1.2969 1.3436 1.8254 1.3501 0.8104 0.801 1.0255 1.2132 1.8816 0.8396 0.75 1.7892 1.4635 1.3745 1.4859 1.5203 1.3889 1.4191 1.2463 1.3895 0.9914 1.1075 3.5153 0.711 0.9973 1.0298 0.9747 2.2393 2 3.1285 1 0.9294 1 1 1 1 1 1 1 0.9336 0.9372 1
1.3048 1.2936 1.0447 1.1146 1.1441 1.4378 1.5836 2.0318 1.2629 1.4745 1.1628 1.6082 1.6478 1.5883 1.6112 1.6735 1.9655 2.2516 2.2611 1.9648 1.4727 1.2847 2.3288 0.2688 1.0257 1.0394 1.3193 1.3683 1.5427 1.4141 1.2733 1.9847 1.6499 0.8906 0.8529 0.6608 0.735 0.739 0.8982 1.3269 1.6948 1.1636 1.4273 1.3036 1.5612 1.6402 1.5223 1.5557 1.588 1.5458 1.0695 0.7072 1.1254 1.282 3.1844 0.7164 0.6232 0.4507 0.5472 2.1584 1.5836 0.8003 0.4409 0.4221 0.5813 0.5366 0.4161 0.3358 0.6841 0.6465 0.716 0.4912 0.6459 0.4943
2.1427 2.0638 1.7552 1.1478 1.5331 1.7827 1.2322 2.3149 1.5205 1.2407 1.101 1.3438 2.1784 2.1495 1.9254 1.8296 1.7669 1.8323 1.9913 1.9638 1.8938 2.0199 2.03 1.1757 1.2681 1.2727 1.2371 1.3525 1.3148 1.2084 1.373 1.275 0.8054 0.8 0.7114 0.5654 0.7341 0.7459 1.4725 1.4935 1.6014 2 2 1.1388 1.6416 1.8133 1.5173 1.5156 1.6007 0.8841 0.6317 0.7306 1.4318 1.497 0.8119 1.7717 0.4936 0.3842 0.4081 2.5021 1 0.9236 0.3186 0.2937 0.4765 0.5425 0.4 0.4327 0.7513 0.568 0.6334 0.7192 0.6415 0.4414
2.2746 2.0303 1.6144 1.1141 1.5066 1.5525 1.3589 2.3658 1.6792 1.4598 1.4094 2.34 2.288 1.6573 1.7434 1.5317 1.4971 1.685 0.3413 1.1447 1.2178 0.9677 0.9192 0.9 0.909 0.9505 1.0212 1.3 1.2 1.1332 2 0.7822 0.7501 0.6776 0.5401 0.663 0.8688 1.0122 1.4343 1.7219 1.7564 1.795 1.564 1.3827 1.5492 1.7703 1.5828 1.2079 0.8738 0.7984 0.7369 0.8584 1.2076 1.3639 2.8415 2.8655 0.4332 0.5533 0.5364 2.7152 1.785 0.4017 0.2768 0.3167 0.6167 0.6585 0.404 0.5093 0.8572 0.4011 0.3174 0.3711 0.304 0.3707
2.1105 1.7998 1.6695 1.0494 1.4721 1.6414 1.5569 1.7609 1.4957 1.5486 1.802 2.34 1.7983 1.5166 1.5 1.4 1.5812 1.5825 0.1365 0.9347 0.892 0.8528 0.8833 0.9 0.8357 0.9909 1.1897 1.2761 1.2 1.6418 1.529 0.7545 0.7182 0.7697 0.7056 0.8599 1.1885 1.3262 1.4644 1.8945 1.6336 1.601 1.5361 1.5087 1.6815 1.292 1 1 0.941 0.9024 0.8035 0.8783 0.7837 1.2849 1.4365 2.2664 0.5 0.5 0.4212 2.7308 1.9337 0.4995 0.3515 0.4428 0.4745 0.4725 0.2978 0.4129 0.3941 0.6693 0.4059 0.4446 0.3351 0.3
1.9677 1.6745 1.7734 1.8124 1.6048 1.808 1.4114 2.2884 1.3887 1.3813 1.8607 1.7908 1.4991 1.4373 1.4673 1.4205 1.4444 4.465 0.0448 0.8 0.8 0.7228 0.8878 0.9013 0.9176 1.2064 1.2132 1.2131 1.2898 1.4301 1.6953 1.872 1.0114 1.7119 0.843 1.4684 1.3161 1.3116 1.4106 1.6865 1.607 1.4732 1.588 1.5063 1.0192 0.9248 1 0.9562 0.9023 1.1947 1.5752 1.3939 1.2689 1.1852 1.3869 1.8521 1.9105 0.5515 0.395 2.8022 1.7228 0.5609 0.5459 0.4336 0.4372 0.3516 0.2085 0.2633 0.3729 0.4564 0.4522 0.3407 0.2673 0.2773
1.7151 1.7408 1.8716 1.8591 1.673 1.6884 1.537 2 1.5385 1.6469 2.1657 1.3512 1.363 1.3368 1.3752 1.3714 1.32 1.4043 0.0711 0.7904 0.8 0.7754 0.8317 0.9921 1.1759 1.2 1.2 1.2523 1.4215 1.6431 1.4729 1.832 1.8397 1.267 1.9517 2 1.6663 1.3223 1.3378 1.552 1.7965 1.429 1.6552 1.3888 1.0378 0.9229 1 1 1.1371 2 1.1399 0.6716 1.2493 1.1665 2.254 2.1927 0.3703 0.4457 0.4495 2.8833 1.7569 0.5837 0.2685 0.3082 0.48 0.4512 0.2885 0.1561 0.242 0.1012 0.1101 0.1721 0.2416 0.2002
1.6234 1.5882 2.0119 1.8689 1.5688 1.4789 1.4915 2 1.7976 1.7761 2.1297 1.164 1.3857 1.3885 1.3932 1.3282 1.3022 1.4119 0.0231 0.7982 0.8 0.8123 0.9082 0.9877 1.1901 1.2 1.1628 1.3118 1.5064 1.6793 1.7 1.5857 1.4085 1.3 1.5069 1.6595 1.2153 1.3245 1.6426 1.7852 1.5718 1.6578 1.7828 1.2814 1.0979 1.1125 1.2659 1.2718 1.2944 1.1016 0.9808 1 1.0564 1.4192 2.3811 0.2857 0.4884 0.4133 0.3106 1.9923 2 0.5313 0.3595 0.3056 0.366 0.4748 0.5246 0.2597 0.4407 0.2303 0.2648 0.2132 0.242 0.313
1.6717 1.5745 1.8889 1.726 1.4057 1.3177 1.287 1 1.4249 1.6618 2.158 0.3769 1.2911 1.2662 1.2934 1.3557 1.2869 1.1078 0.0622 0.7671 0.8041 0.8695 0.9101 1.0035 1.1304 1.2 1.1953 1.1896 1.2595 1.5504 1.5297 1.4122 1.3347 1.3 1.2296 1.2528 1.3696 1.4117 2.1625 1.9027 1.5315 2.0046 1.9673 1.3839 1.3802 1.6522 1.4004 1 1.4178 1.423 1.2551 1 1.2099 0.9574 2.3508 0.3935 0.4812 0.4095 0.5744 2.0537 2 0.3371 0.3 0.2507 0.4087 0.4066 0.326 0.4053 0.7722 0.3 0.5438 0.2987 0.1416 0.248
1.5497 1.6313 1.5974 1.5508 1.4425 1.5545 1.56 1 1.3147 1.5621 2.1025 0.2024 1.1378 1.2258 1.3797 1.6151 1.31 1.1224 0.219 0.7559 0.7911 0.8706 0.8792 0.9752 1.0048 1.1339 1.2747 1.2 1.3685 1.5317 1.4366 1.2816 1.2366 1.2722 1.2561 1.2564 1.3781 1.586 1.6604 1.3965 1.1487 2 2.0815 1.3984 1.9173 2 1.4345 1.2917 1.4048 1.4181 1.4452 1.1643 1.486 2.3361 2.2396 1.2271 0.4762 0.4382 0.4808 2.7756 2 0.333 0.2733 0.2797 0.2161 0.1892 0.1562 0.2945 0.4987 0.1218 0 0.1078 0.0235 0.1777
1.4699 1.4 1.4866 1.4136 1.4033 1.4233 1.5117 1 1.4437 1.4839 2.1297 0.6935 1.2726 1.2606 1.2759 1.4088 1.2862 1.171 0.4012 0.6483 0.6657 0.6705 0.701 0.7794 0.7895 0.9057 1.1411 1.2067 1.2986 1.232 1.1968 1.2013 1.146 1.2722 1.3327 1.3875 1.3277 1.4825 1.2548 1.2218 1.4376 2.0011 2.0346 2 1.8614 1.4353 1.1785 1.3406 1.4043 1.4234 1.4 1.2534 2.3806 1.355 0.8505 0.5884 0.5263 0.7542 0.3857 2.7691 2 0.4811 0.3807 0.2963 0.3664 0.2644 0.1 0.0887 0.0095 0.1643 0.17 0.2146 0 0.2227
1.5325 1.4953 1.4908 1.4108 1.4343 1.4791 1.4778 1 1.34 1.5283 2.3789 0.2782 1.1233 1.3108 1.3308 1.2065 1.1962 1.062 0.5655 0.6215 0.5382 0.6313 0.7318 0.7839 0.7995 0.8795 0.9144 1.2379 1.2013 1.1512 1.1 1.1256 1.5081 1.1635 1.2889 1.1808 1.2723 1.4938 1.51 1.5392 1.6441 1.7678 2.0528 2.0577 1.3702 1.1488 1.1806 1.0615 1.2838 1.1329 3.3184 2.6831 1.1315 1.1903 0.7959 0.5866 0.6362 0.3608 0.5837 3.0384 1.9744 0.3481 0.2222 0.2247 0.3276 0.3137 0.1866 0.1532 0.1808 0.1606 -0.3891 0.2488 0.3287 0.0878
1.3558 1.3966 1.3 1.3093 1.4343 1.4661 1.2587 1 1.3087 1.5 2.2439 0.3065 1.2141 1.263 1.3122 1.1807 1.1806 1 0.2194 0.3836 0.6407 0.5603 0.7718 0.7673 0.8183 0.8935 1.1617 1.1856 1.1298 1.1 1.1 1.6591 1.9864 1.1322 1.2147 1.2315 1.2956 1.5571 1.4001 1.2421 1.7585 2.1381 1.8874 2.0559 1.6142 1.4993 1.5817 1.0299 2.47 2.2999 3.3276 1.0727 1.0535 0.7386 0.5574 0.7022 0.5393 0.3407 0.3961 3.003 1.9971 0.2313 0.1065 0.0216 0.0496 0.1177 0.0547 0.1878 0.1 0.4363 -0.9117 -0.9076 0.3232 -0.0863
1.2574 1.2741 1.2431 1.3883 1.4951 1.4314 1.5728 1.0457 1.2843 1.547 2.3602 0.7337 1.2967 1.1561 1.2445 1.1275 1.0217 0.8691 0.1786 0.3973 0.6 0.6887 0.8574 0.8339 0.7033 0.794 1.0325 1.0827 1.1296 1.1605 1.1595 1.8508 1.16 1.1364 1.3504 1.2274 1.322 1.3997 1.1565 1.4844 1.4043 1.7261 2.6421 2.593 2.5412 2.8469 2.6891 2.6247 2.6048 0.5869 0.7127 0.7466 0.6539 0.6636 0.5525 0.5995 0.3 0.3327 0.3928 2.9119 1.7985 0.2415 0.1649 0.0586 0.1317 0.2215 0.1695 0.1 0.138 0.1383 -0.6748 0.047 -0.7581 -0.4864
1.2685 1.2429 1.1603 1.1956 1.406 1.31 1.3653 1 1.2691 1.4433 2.2514 0.9929 1.392 1.1754 1.1657 1.0342 0.7486 0.3909 0.1133 0.57 0.7636 0.7166 0.648 0.7104 0.6964 0.7744 0.8757 0.9754 1.1 1.1 1.1947 1.1361 1.1417 1.2 1.1709 1.281 1.3782 1.2009 0.9918 1.2027 1.1 1.3189 3.0451 1.3896 2 1.5853 1.2911 1.2223 1 0.6 0.6379 0.6641 0.632 0.667 0.4938 0.3878 0.1672 0.1724 0.216 2.9064 0.1329 0.3039 0.1877 0 0.1618 0.2755 0.2312 0.211 0.2411 0.385 -0.8519 -0.3762 -0.2159 -0.2107
1.2825 1.2473 1.1982 1.2686 1.4325 1.437 1.2348 1.0015 1.1994 1.6215 2.256 0.5891 0.1536 0.2132 0.1946 0.2045 0.2096 0.1136 0.0945 0.5772 0.8769 0.7782 0.6531 0.761 0.8769 0.885 0.9039 0.9869 1.0509 1.1 1.1271 1.12 1.2 1.1667 1.1969 1.1731 1.2822 1.2124 0.9053 1.2096 1.2757 1.0233 3.0688 0.9671 1.8577 1.9657 1.3805 1.387 1.043 0.6326 0.7296 1 0.8608 0.5532 0.3762 0.1976 0.1911 0.158 0.2 2.9113 0.8925 0.3544 0.188 0.0594 0.3379 0.3955 0.3297 0.3 0.2732 0.2885 0.6323 0.5753 -0.6706 -0.5427
1.2714 1.2897 1.2 1.2423 1.3271 1.3342 1.2918 1.0565 1.2721 2.4157 0.8214 0.5831 0.44 0.7232 0.7806 0.5689 0.5018 0.5197 0.4014 0.6095 0.7021 0.7566 0.5412 0.5954 0.7234 0.693 0.8561 1.1081 1.152 1.1 1.166 1.1183 1.1322 1.1314 1.2465 1.4053 1.3573 1.3823 1.1047 3.8637 3.9788 3.4167 3.3192 1.3972 1.3593 1.9798 1.4503 1.3065 1.1927 0.745 0.8169 0.9431 0.9582 0.4357 0.3632 0.2474 0.1045 0.1927 0.2192 2.9161 1.3057 0.2679 0.1635 0.0733 0.2299 0.28 0.23 0.2334 0.2486 0.2331 0.2 0.2162 -0.7524 -1
1.3987 1.3444 1.2985 1.2312 1.2358 1.2051 1.1986 1.0507 1.9305 2.3195 0.2629 0.4266 0.4237 0.4133 0.6223 0.6245 0.4631 0.283 0.0783 0.2753 0.4213 0.5749 0.5947 0.5575 0.8839 0.9241 1.0339 0.9588 0.987 1.4777 1.1495 1.1 1.134 1.1592 1.3969 1.3344 1.1355 1.1414 1.2285 3.7888 0.9906 0.9955 1 1 1.2761 1.5452 1.2515 1.2967 1.3922 0.666 0.621 0.7089 0.4065 0.4056 0.3745 0.2283 0.1629 0.15 0.3 2.828 1.114 0.0464 0.0075 0.084 0.1561 0.1652 0.2347 0.2001 0.2248 0.1923 0.2383 -0.1816 -0.9381 -0.4773
1.4649 1.4406 1.4646 1.3649 1.2703 1.3296 1.211 1.0218 1.6185 2.2142 0.2555 0.4 0.4571 0.69 0.5355 0.535 0.3108 0.2621 0.076 0.384 0.4765 0.5 0.5215 0.5553 0.7605 0.9 0.8874 0.7221 1.6025 1.4396 0.8322 0.9548 1.0493 1.1442 1.2247 1.1015 3.8654 3.8409 3.817 3.7926 1 0.9109 0.9624 1.059 1.0579 1.3725 1.2508 1.2951 1.141 1.026 0.5298 0.9311 0.9919 0.4395 0 0.0308 0.0292 0.0394 0.0313 2.7096 0.1117 0.0154 0.0163 0.02 0.1249 0.1786 0.2354 0.2234 0.1032 0.1475 -0.0601 -0.7002 -0.1316 -0.4959
1.5239 1.5631 1.5506 1.3286 1.1783 1.3542 1.3103 1.0402 1.3361 2.2481 1.5253 0.8341 0.5241 0.7 0.6789 0.6052 0.4227 0.3964 0.2121 0.185 0.4644 0.5554 0.6918 0.8776 0.8906 0.8461 0.8953 0.9937 2.3526 1.5151 0.8033 0.7321 0.7603 0.9685 1.2 1.1068 3.8767 1 1.7113 1 1 1 0.7807 0.6317 0.7333 1.0029 1.1525 1.1546 1.1814 1.1441 0.8596 0.7942 3 1.0315 0.7013 0.3546 0.5874 0.1 0.1 2.0011 1 0.0189 0.0126 0.0166 0.1596 0.3254 0.2752 0.2506 0.2342 0.2163 -0.4552 -0.4352 0.2258 -0.504
1.5245 1.5199 1.4702 1.4105 1.2443 1.2407 1.4634 1.1791 2.3067 0 1.4816 0.8486 0.5808 0.7635 0.8206 0.6382 0.5024 0.4533 0.4491 0.1842 0.5666 0.6959 0.8977 0.9863 1.1282 0.9031 0.8716 0.8106 0.7964 0.7757 0.8 0.8106 0.9 0.9 1.157 3.8924 1.219 1.8704 1.4598 0.3216 0.8313 0.7485 0.5547 0.5378 0.943 0.9039 0.9733 1.2721 1.4619 1.343 0.6348 0.4217 1 1 0.7494 0.5844 0.478 0.1129 0.1 2.1145 0.9946 0.0828 0.01 0.0184 0.1324 0.2099 0.2548 0.1724 0.1286 -0.106 -0.5182 0.2935 0.3891 -0.1726
1.6432 1.6707 1.5432 1.4735 1.355 1.366 1.4112 1.0983 2.2727 2 1.7634 1.6748 1.0609 0.6571 0.6546 0.4774 0.4562 0.4585 0.3611 0.4813 0.7078 1.0408 1 1 1 1.2432 0.8383 0.8814 0.8994 0.8318 0.6511 0.6297 0.9393 0.9 1.1059 3.9069 1.177 1.6889 1.5446 0.6106 0.2627 0.2956 0.3746 0.3845 0.4082 0.779 1 1.1845 1.4632 1 0.4721 0.8817 0.8355 0.1554 0.2099 0.7603 0.9009 0.2579 0.1 2.8099 0.9988 0.0787 0.0141 0.0122 0.2407 0.1945 0.1613 0.2239 0.2315 -0.9539 0.4148 0.2657 0.3139 0.3976
1.4401 1.4342 1.4413 1.4446 1.176 1.261 1.3169 1.0692 2.6745 2.0661 2 1.4553 1.0932 0.78 0.6123 0.4955 0.4973 0.4992 0.5 0.6548 0.8099 0.9832 1.1591 1 1.0106 1.1397 1.2612 1.0277 1.0812 1 0.9806 1 0.996 1.1418 1.2273 3.9134 1.5595 1.5416 1.4451 1.1988 0.2993 0.1998 0.2737 0.4449 0.6323 1 1 1.1094 1.6415 1 0.728 1.3204 0.8347 0.621 0.1613 0.122 0.7864 0.6413 0.1136 2.709 1.0787 0.1 0.0684 0.0105 0.2701 0.2859 0.3461 0.2943 -0.6337 1 1 0.35 -0.0365 -0.8694
1.8772 1.5 1.4799 1.3278 1.2319 1.2344 1.2196 1.0851 2.4636 1.8999 1.7777 1.3408 1.0547 0.9517 0.8301 0.6 0.5749 0.5544 0.2544 0.4042 0.6776 0.8788 0.9305 0.7951 0.9 0.9 1.0545 1.1254 1.2478 1.2142 1.0518 1.3654 1.0987 1.2214 1.3366 3.956 1.5743 1.2461 1.4699 1.2407 0.412 0.2056 0.1119 0.3088 0.6339 0.352 1.0422 0.5056 0.6205 1.4845 1.2388 1.3089 1.423 1 0.656 0.0444 0.1248 0.2651 0.2173 1.8707 1 0.8503 0.7609 0.7519 0.7543 0.7199 0.8213 0.2643 0.0784 0.8356 0.8186 -0.1175 -0.1282 -0.8666
2.2789 2.1013 1.811 2.0191 1.2576 1.3147 1.1034 2.4369 2 0.7765 1.4014 1.0356 0.5933 0.3816 0.916 0.6 0.6 0.5201 0.2296 0.1769 0.6186 0.7548 0.6309 0.5718 0.8726 0.9726 0.9212 0.7186 0.7795 0.9332 1.1942 0.8841 0.9652 0.9778 1.5897 1.387 4.0291 1.103 1.5824 0.4112 0.107 0.4012 0.2852 0.1 0.1175 0.2386 0.3896 0.3042 0.4 1.5492 1.2151 1.3289 1.3626 1.2586 0.7508 0.2675 0.8129 0.0468 0.2294 1.886 1 0.7562 0.5453 0.6135 0.6586 0.6694 0.7182 -0.8934 0.527 0.6543 0.0364 -0.6354 -0.2746 -0.211
1.9302 1.9954 2.5324 2.0087 1.2711 1.3729 1.5985 2.7649 1.826 0.7095 0.7752 1 0.4462 0.0929 0.2207 0.9055 0.5916 0.5483 0.0756 0.2088 0.5477 0.6191 0.6535 0.7519 0.8503 1 0.9337 0.9112 0.9737 1 0.8079 0.9201 1 1.3773 1.4597 1.1373 4.1178 1 1.219 1.1487 0.5402 0.4822 0.3064 0.2137 0.2649 0.2343 0.3842 0.5675 0.7063 1.0209 1.7298 1.507 1.2437 1.3357 0.9917 0.7007 0.0939 0.3769 0.2245 1.8665 1.0924 0.7711 0.6692 0.5573 0.669 -0.128 -0.8065 0.5686 0.769 -0.1834 -0.8348 0.4947 0.3 0.2712
1.8 2.1764 2.4133 2.1418 1.7773 1.5944 1.8033 2.499 1.6363 1.4967 1.5979 1.0223 0.9897 0.1942 0 0.9902 0.7204 0.1855 0.2961 0.1862 0.7193 0.5488 0.7259 1.0488 1 1.1754 1.1559 1.1437 1.1052 1.0933 0.89 1.0213 1.3634 1 1.2032 3.9931 1.0833 0.9466 0.5785 1.3363 0.6639 0.5883 0.4572 0.4094 0.5931 0.5868 0.5458 0.5696 0.3062 0.3 1.0965 1.4967 1 0.4401 0.0774 0.325 0.3438 0.2889 0.4513 1.875 1 0.6627 0.54 0.6194 0.6731 -0.5925 -0.4406 0.6366 0.7166 -0.7145 0.3569 0.3775 0.3 0.3
1.9828 2.0757 2.2031 2.2048 2.1059 2.0048 1.6451 2.3283 1.3037 1.3859 1.3954 1.33 1.33 1.3284 1.3351 1.1752 0.9552 0 0.0514 0.0888 0.6046 0.6848 1 1.1492 1.2 1.2233 1.0431 1 0.9732 1.2412 0.855 0.6765 0.9968 0.8954 3.8392 3.8795 0.9211 0.5907 0.4521 1.3665 1.0718 0.6662 0.4108 0.4214 0.5724 0.6776 0.648 0.6869 0.3 0.3775 0.7295 1.0207 1.3213 1.1872 0.1399 0.446 0.2981 0.2052 0.3605 2.8424 0.1876 0.5618 0.6 0.5876 0.0732 -0.8195 -0.3219 0.6178 0.4984 -0.8852 0.6 0.6 0.4956 0.3824
2 2 2.0505 2.0524 2.0432 1.5358 2.679 2 1.8612 1.5689 1.4305 1.333 1.3282 1.3482 1.4001 1.4644 1.1495 0.9054 0.5807 0.4656 0.9046 1.2576 1.1459 1 1.0753 1.1361 0.9521 0.8643 1.4363 1.9688 1.6154 1.4183 1.0393 0.7726 3.7826 1.3758 0.6 0.6517 0.8663 1.5144 1.4111 1.0471 0.3975 0.3942 0.4733 0.4117 0.4448 0.4023 0 0.2644 0.5273 0.4521 1.3211 1.328 1.3707 1.0629 0.95 0.8716 0.181 2.972 0.7778 0.3766 0.2683 0.3573 0.3187 0.3967 -0.5931 0.4604 0.287 0.5047 0.2999 0.3962 0.596 0.5726
1.9084 1.7892 2 2.0621 1.9253 2 2.7168 1.7287 1.491 1.5176 1.5657 1.4495 1.3695 1.3152 1.425 1.5617 1.0027 1.3055 1 1.2405 1.4258 1.4806 1.1912 1 1 1 0.9109 0.9 1.5344 2.4166 2.2199 2.0485 1.2872 3.9109 3.7563 1.4821 1.0032 0.734 1.0203 1.6184 1.1984 0.7507 0.3033 0.4 0.3977 0.3874 0.1436 0.2402 0.2267 0.3924 0.4321 0.4 0.7294 0.6303 1.0827 1.001 0.8011 0.4434 0.2692 3.0551 1.0001 0.2501 0.1903 0.2187 0.4382 0.002 -0.81 0.4272 0.4 0.337 0.2699 -0.2262 0.3724 0.5588
2.0879 2.1998 2.1947 2.0987 2.137 2.0405 2.494 2.1988 1.3818 1.1869 1.3647 1.4623 1.4548 1.3856 1.4028 1.6697 1 1.0169 1.4725 1.1108 1.7916 1.6769 1 1.412 1.3852 1.3329 0.9 0.9342 1.4586 2.5646 2.6306 1.8037 1.5141 4.1937 1.1088 1.203 0.9249 0.913 1.2275 1.2985 1.0291 0.4009 0.5025 0.4802 0.2512 0.2225 0.0031 0.0388 0.037 0.2762 0.3269 0.1748 0 0.1619 0.6997 0.4753 0.5102 0.3134 0.2492 3.0836 0.9788 0.1361 0.1723 0.2765 -0.0297 -0.1225 -0.6319 0.4155 0.355 0.4621 0.3686 0.2796 -0.1736 0.3
2.307 2.1325 1.7682 1.6861 2.0025 2 2.2883 1.7008 1.4044 1.4688 1.5013 1.5789 1.663 1.684 1.6444 1.62 1.4048 1.4785 1.8 0.8592 0.6758 0.8795 1.3151 1.7 1.4941 1.2492 0.9 0.9965 1.2 1.4406 1.0396 2.0632 2.6292 4.2127 1.3746 1.4 1.4 1.1455 1.0448 1.482 1.1008 0.3382 1 1.1309 1.1264 1.0427 0.7074 0.8155 0.6271 0.2627 0.5961 0.3691 0.7819 0.6732 0.6939 0.3122 0.956 0.0267 0.3961 2.9406 0.9312 0.112 0.1641 0.1959 0.3397 -0.9189 -0.6629 0.4855 0.4816 0.4375 0.2718 0.5337 -0.8311 0.317
2.3465 2.1668 2.0929 1.541 1.4084 1.0969 2.5651 1.8936 1.5544 1.3574 1.604 1.5482 1.516 1.603 1.6143 1.6615 1.7763 1.7775 1.5536 0.8048 0.5326 0.9037 1.2295 1.6377 1.5959 1.199 0.9188 1.1888 1.1889 1.0558 1.3745 2.2911 1.7784 4.3261 1.3899 1.4252 1.4 0.9978 0.6262 1.2619 1.3419 0.4654 1.4934 1.4004 1.2092 1.0845 0.9635 0.8689 0.8134 0.8453 0.8874 0.845 0.8 0.7042 0.6766 0.7713 0.9286 0.0983 0.214 2.8546 1.0383 0.2336 0.3465 0.2062 0.3156 -0.6916 0.6962 0.3366 0.4284 0.5326 0.59 0.5031 -0.7735 0.0795
